0.94003457,
0.9965139,
1.0,
0.9786753,
0.9631285,
0.99225795,
1.0,
0.99191344,
0.87098384,
0.97188145,
0.95901275,
0.9827556,
0.9836001,
0.81615573,
0.9983031,
0.9839349,
0.93120813,
0.9930707,
0.9902062,
0.95245737,
0.9979663,
0.9917634,
0.8918397,
0.9401886,
0.88732064,
0.98634344,
0.9981423,
0.9793563,
0.96392846,
0.9497278,
0.97170496,
0.9867795,
0.98076314,
0.9877044,
0.89786845,
0.98479974,
0.99410933,
0.9929141,
0.99578583,
0.8962889,
0.9819291,
0.98942256,
0.87335294,
0.9769458,
0.99003285,
0.9889429,
0.97882605,
0.9972651,
0.91892105,
0.8723035,
0.9729089,
1.0,
0.98409986,
0.9774904,
0.9720625,
0.8603292,
0.93611264,
0.94422007,
0.96638894,
0.9939572,
0.9946544,
0.9957972,
0.9849321,
0.9677677,
0.97639763,
0.9664266,
0.9884306,
0.9580348,
0.9809805,
0.98768187,
0.9061264,
0.9699368,
0.8476192,
0.9696253,
0.9289182,
0.99999994,
0.9824965,
0.989504,
0.9732337,
0.9665569,
0.9889352,
1.0,
0.99003285,
0.97444886,
0.97529536,
0.98928094,
0.9326306,
0.9939497,
0.8632985,
0.9786315,
0.99760467,
0.99452144,
1.0,
0.9917372,
0.7982526,
0.96213746,
0.9391667,
0.9143392,
0.90717566,
0.99033433,
0.9861267,
0.9933417,
0.93847734,
0.96458316,
0.903527,
0.99711424,
0.86699826,
0.9254815,
0.96505743,
0.88873345,
0.99344856,
0.966344,
0.99041504,
1.0000001,
0.9677677,
0.9660244,
0.99593794,
0.94197303,
0.9958624,
0.9923747,
0.9869057,
0.99083704,
0.99156773,
0.9735932,
0.8732059,
0.9692936,
0.9894256,
0.9937775,
0.9745221,
0.9618327,
0.9970265,
0.9962762,
0.98337644,
0.9269441,
0.8949946,
0.97107935,
0.8970349,
0.98663634,
0.99557066,
0.98226136,
0.996063,
0.9258585,
0.97201455,
0.9932274,
0.9313934,
0.98510295,
1.0000001,
0.92627513,
0.9200495,
0.9796365,
0.70488536,
0.98375934,
0.9307074,
0.9764492,
0.9897582,
0.9162279,
0.933438,
0.97677296,
0.9975962,
0.94918776,
0.98786527,
1.0,
0.97198737,
0.98490506,
0.99813503,
0.98792744,
1.0,
0.98323125,
0.98938334,
0.87129796,
0.9237919,
0.95462847,
0.96554726,
0.9734033,
0.98575,
0.9475711,
0.9838367,
0.9805712,
0.99875903,
0.9956471,
0.98974234,
0.9918358,
0.9987552,
0.95993197,
0.92173135,
0.9850174,
0.9798258,
0.997369,
0.9324589,
0.94348687,
0.95053256,
0.8994359,
0.8468059,
0.9371743,
0.96421653,
0.97968966,
0.96437573,
0.9907927,
0.9626524,
1.0000001,
0.97239846,
0.9760642,
0.9365129,
0.9707017,
0.88873965,
0.8711772,
0.99755186,
0.86374325,
0.9519067,
0.97557837,
0.97575116,
0.9999999,
0.96998787,
0.9583769,
0.9965045,
0.98823917,
0.9539583,
0.9097979,
0.87850225,
0.98663104,
0.9920366,
0.9439459,
0.9330121,
0.9623454,
0.94021624,
0.9727762,
0.9581303,
0.8921595,
0.9718023,
0.90070444,
0.995225,
0.9882961,
0.9263246,
0.8310449,
0.9913089,
0.90871364,
0.976048,
0.97813153,
0.96259284,
1.0000001,
0.9942799,
0.9855479,
0.9502231,
0.97105575,
1.0,
0.9915914,
0.97740614,
0.98173445,
0.9687765,
0.9738931,
0.98836005,
0.9393165,
0.979864,
0.977803,
0.98668724,
0.8908529,
0.92435044,
0.96912265,
0.97639763,
0.94429666,
0.99092984,
0.99837923,
0.8974332,
0.99958754,
0.9931483,
0.85318696,
0.9974381,
0.97131026,
0.9817849,
0.9676228,
0.99999994,
0.9852366,
0.9837469,
0.98028284,
0.91226655,
0.9585449,
1.0,
0.99906486,
0.92701584,
0.996192,
0.98561984,
0.9680533,
0.97374356,
0.93983203,
0.990563,
0.9903306,
0.9671951,
0.99999994,
0.9829984,
0.838043,
0.7513481,
0.96986115,
0.88887197,
0.98692864,
0.98442304,
0.9648656,
0.99999994,
0.9898411,
0.86002177,
0.93144447,
0.96936435,
0.9615958,
0.99644274,
0.9969933,
0.95745575,
0.98059237,
0.95114976,
0.97999674,
0.9665171,
0.9347168,
0.97529536,
0.9411021,
0.9717354,
0.9616385,
0.98385286,
0.93794686,
0.9687779,
0.9511069,
0.95258385,
0.97712815,
0.96327025,
0.97579354,
0.919434,
0.9894619,
0.95346117,
0.97598976,
0.93952805,
0.95124114,
0.98063564,
0.9013201,
0.9726477,
0.8698508,
0.93577915,
0.86662835,
0.9502371,
0.9815081,
0.9976292,
0.97700876,
0.9616465,
0.85430324,
0.96643555,
0.97917336,
0.9575371,
0.97851104,
1.0000001,
0.9216602,
0.99999994,
0.99216187,
0.985486,
0.98928183,
0.9673664,
1.0000001,
0.9864245,
0.98899484,
0.96448463,
0.9742027,
0.9973301,
1.0000001,
0.9766492,
0.91832066,
0.97826463,
0.9853378,
0.90046364,
0.93268603,
0.98763657,
0.9820189,
0.9614021,
0.9999999,
0.99491036,
0.9942239,
0.99727756,
0.9399398,
0.8796717,
0.9813743,
0.97871184,
0.99539566,
0.9712174,
1.0,
0.9861967,
0.9970823,
0.9839371,
0.9918739,
0.99279875,
0.98759973,
0.97096455,
0.87965226,
0.9776088,
0.96186507,
0.9492086,
0.98335737,
0.9896463,
0.99236333,
0.94006526,
0.9792986,
0.9607578,
0.9724957,
0.9661225,
0.9753057,
0.967333,
0.9640352,
0.86309665,
0.9965873,
0.99500626,
0.99041307,
0.9711621,
0.99033433,
0.99025923,
0.9896777,
0.9342911,
0.9764857,
0.97327036,
0.93513834,
0.9872443,
0.97961754,
0.9971873,
0.90567863,
0.9732887,
0.99159515,
0.9463898,
0.991943,
0.9804133,
0.9839341,
1.0000001,
0.99999994,
0.92513734,
0.9704723,
0.98564875,
0.9435767,
1.0,
0.91257846,
0.97761613,
0.99216187,
0.998111,
0.9558026,
0.8717155,
0.96942794,
0.95230263,
0.97806823,
0.96348417,
0.99329644,
0.72735804,
1.0000001,
0.9601355,
0.9830202,
0.88299555,
0.97314477,
0.98573697,
0.90080667,
0.99587506,
0.705826,
0.97644323,
0.96681195,
0.91251916,
0.97999585,
0.9511069,
0.92405516,
0.99121183,
0.94395477,
1.0000001,
0.89350474,
0.98747706,
1.0,
0.9913089,
0.9658849,
0.988879,
0.96986115,
0.9782075,
0.9863569,
0.957577,
0.9944993,
0.97783023,
0.93907064,
0.9753828,
0.98271525,
0.8140523,
0.9347394,
0.9783447,
0.92835903,
0.98135334,
1.0000001,
0.9800779,
0.935668,
0.9520004,
0.9681931,
0.9422196,
0.94922006,
0.96955174,
1.0,
0.9888847,
0.9749279,
0.9180096,
0.9593218,
0.84590745,
0.9905361,
0.989126,
0.95925283,
0.92788935,
0.99999994,
0.9334851,
0.99593115,
1.0000001,
0.9868023,
1.0,
0.9696282,
0.9993201,
0.9807546,
0.9778991,
0.99621034,
0.9876924,
0.9617778,
0.996836,
0.9954874,
0.95468855,
0.9836768,
0.9618966,
0.98337644,
0.98362136,
0.9763965,
0.96541095,
0.99059916,
0.98422444,
0.9409653,
0.9978588,
0.97672033,
0.9781914,
0.9793458,
0.94690114,
0.9842146,
0.8885215,
0.9700374,
0.9827415,
0.99107194,
0.949667,
0.86696625,
0.97014797,
1.0000001,
0.9880131,
0.9531155,
0.95774996,
0.93232405,
0.99421763,
0.9878587,
0.98715425,
0.98525375,
0.9819359,
0.9676571,
0.873247,
0.98577756,
0.9607571,
0.9400218,
0.9926,
0.9132173,
0.9697092,
0.9953428,
0.97750044,
0.99702936,
0.9857899,
0.96398664,
0.9904935,
0.973595,
0.9747111,
0.98484904,
0.9301462,
0.9570747,
0.9999999,
0.9214161,
0.8852835,
0.99293965,
0.991566,
0.9921868,
0.9953008,
0.99860084,
0.9702408,
0.92871934,
0.99240434,
0.9849414,
0.9530945,
0.9157552,
0.8443968,
1.0,
0.98844117,
1.0,
0.9837821,
0.97937375,
0.9500351,
0.91211945,
0.9652618,
0.9816366,
1.0,
0.97908705,
0.97741985,
0.94499755,
0.99852306,
0.9655443,
0.95900846,
0.9568456,
0.89741266,
0.99553674,
0.9719384,
0.98202986,
0.96619815,
0.9876331,
1.0,
0.90574926,
1.0000001,
0.96380854,
0.9677956,
0.9627516,
0.9921758,
0.98397636,
0.98995465,
0.9370247,
0.9179951,
0.99999994,
0.93155783,
0.88320196,
0.9976756,
0.95446,
0.99474925,
0.9781156,
0.9966724,
0.9649862,
0.97194356,
0.9921048,
0.94887537,
0.99194443,
0.9943877,
0.9634564,
0.97069556,
0.94072765,
0.98100525,
1.0,
1.0,
0.9240751,
0.9439459,
1.0,
0.9582387,
0.95332175,
0.9163276,
0.9084347,
0.9679137,
0.8692458,
0.98670465,
0.8634524,
0.96187484,
0.9916381,
0.98102725,
0.97095186,
0.9669773,
0.9742718,
1.0,
0.95258385,
0.9160108,
0.9297514,
0.9953238,
0.9665433,
0.9761875,
1.0,
0.9928629,
0.99866456,
0.94525665,
0.9936626,
0.9825808,
0.9611814,
0.96968603,
0.9370247,
0.87010056,
0.9658477,
0.9727842,
0.98937213,
0.9829669,
1.0000001,
0.94383955,
0.98114026,
0.9607578,
1.0,
0.97470105,
0.899828,
0.9920335,
0.8673605,
1.0000001,
0.98030895,
0.9819291,
0.8225895,
0.9501445,
0.93175936,
0.8736475,
0.9837028,
0.99250805,
0.99812514,
0.9402411,
0.8134865,
0.9812614,
0.9785741,
0.92958534,
0.94931054,
0.99553025,
1.0,
0.968826,
0.9390165,
0.98498964,
1.0,
0.9944225,
0.9106811,
0.954718,
0.99661344,
0.99381846,
0.9552099,
0.97446924,
0.9973141,
0.9518374,
0.97145855,
0.9971684,
0.94672954,
0.8955357,
0.9934903,
1.0000001,
0.99102193,
0.9832742,
0.9721088,
0.9236481,
0.96725917,
0.86699575,
0.95900327,
0.9257565,
0.9988025,
0.9975419,
0.92173135,
0.97175574,
0.98929983,
0.99461156,
0.89956903,
0.97543645,
0.9902731,
0.9883078,
0.8563481,
0.9606234,
0.9849323,
0.87763846,
0.9838489,
0.8728605,
0.99553025,
0.9934764,
0.92229307,
0.99799997,
0.9597376,
1.0000001,
0.94684124,
0.972685,
1.0,
0.9579401,
0.98225063,
0.98997813,
0.96216035,
0.9625227,
0.9830202,
0.9718634,
0.97271127,
0.9597932,
0.9972651,
0.97264344,
0.96748286,
0.9572118,
0.9764863,
0.92886764,
0.98666966,
0.9703678,
0.96013576,
0.98147726,
0.9927774,
0.98149836,
0.90871364,
0.93819475,
0.9472932,
0.95068574,
0.9678972,
0.9373764,
0.9776908,
0.99456227,
0.9862396,
0.98167056,
0.97885907,
0.9788765,
1.0,
1.0000001,
0.9668613,
0.9094488,
0.95461076,
0.95779276,
0.87617314,
1.0,
0.9675911,
0.88770175,
0.98431116,
0.9821837,
0.9141922,
0.9849824,
0.9870859,
0.99225533,
0.98961735,
0.9513503,
0.9865992,
0.9928591,
0.9570747,
0.99804795,
0.966288,
0.8340013,
0.9820844,
0.9833881,
0.8420675,
0.99457246,
1.0000001,
0.9947627,
0.87072456,
0.993081,
0.9587649,
1.0,
0.97894543,
0.9815749,
0.9313958,
0.87387383,
0.81381416,
1.0,
0.9975023,
0.9850632,
0.97696185,
0.9428372,
0.95452887,
1.0,
0.97786516,
0.9639844,
0.9810353,
0.97997063,
0.9493137,
0.9453161,
0.9929779,
0.9727762,
0.99999994,
0.989193,
0.93232405,
0.9736028,
0.9905874,
0.9857738,
0.9788888,
0.98610455,
0.79866433,
0.9497761,
0.9744982,
0.9839144,
0.9475744,
0.9559999,
0.94468784,
0.9999999,
0.98092157,
0.99389064,
0.98262775,
0.99301875,
0.9982636,
0.97740614,
0.9720191,
1.0000001,
0.92851454,
0.93334377,
0.94871455,
0.98232013,
1.0000001,
0.9765057,
0.9552978,
0.93545645,
0.96856594,
0.9269389,
0.9980426,
0.9789636,
0.9993556,
0.979201,
0.98924136,
0.95848876,
0.94173795,
0.9829541,
0.88947994,
0.9180307,
0.9847181,
0.979864,
0.8276633,
0.9633858,
0.9720259,
0.9854002,
0.9845144,
1.0,
0.9999999,
0.94887537,
0.98844117,
0.9640425,
0.991943,
0.98926854,
0.9924311,
0.9953682,
0.97422,
0.9789196,
0.9870341,
0.96734196,
0.9931538,
0.9972385,
0.962753,
0.981925,
0.9194673,
0.9861585,
0.9298731,
1.0000001,
0.9824886,
0.95600253,
0.99999994,
0.86877483,
0.96520495,
0.9400512,
0.9358532,
0.95303226,
0.95341974,
0.98469186,
0.9720942,
0.9508921,
0.99449277,
0.9941513,
0.9804024,
0.93498075,
0.83867574,
0.9771111,
0.9340156,
0.9069735,
0.9476503,
0.95605487,
0.97329587,
0.9825444,
0.9783354,
0.868372,
0.96267164,
0.9573567,
1.0000001,
0.976157,
0.99397683,
0.89865416,
0.96681195,
0.985929,
0.93003124,
0.97430825,
0.9738527,
0.96264106,
0.93839407,
0.974729,
0.89163446,
0.9972803,
0.87084824,
0.9877234,
1.0000001,
1.0,
0.9999999,
0.96187484,
0.972109,
0.954718,
0.98155373,
0.9235991,
0.96871847,
0.9603547,
0.97362095,
0.86964947,
0.99233145,
0.9738145,
0.9854091,
0.9766086,
0.9723214,
0.9780392,
1.0,
0.8255801,
0.9776923,
0.9606113,
0.9347032,
0.9873582,
1.0,
0.8943879,
0.99398434,
0.99999994,
0.9968566,
0.9476363,
0.9511029,
0.97856206,
0.99028325,
0.9823858,
0.9439684,
0.90282077,
0.9989476,
0.87326384,
0.81893873,
0.90832454,
0.9827415,
0.82883245,
0.99809974,
0.9284588,
0.93749577,
0.9256075,
0.93230474,
0.9796767,
0.9922532,
0.99999994,
0.9927032,
0.9842151,
0.97757334,
0.9659791,
0.98357177,
0.9768187,
0.99928457,
0.9720191,
1.0000001,
0.9922048,
0.88960266,
0.97128797,
0.9311603,
0.9510038,
0.96157813,
0.97423404,
0.9947055,
0.86873806,
0.97598475,
0.97885805,
0.92683417,
0.95468855,
0.86045676,
0.964686,
0.8464537,
0.9727562,
0.9810033,
0.9583774,
0.94725466,
0.9745565,
0.99044514,
0.9942317,
0.84107244,
0.98914415,
0.9925291,
0.9693036,
0.88193184,
0.95711535,
0.9796315,
0.95468986,
0.98426133,
0.9784471,
0.94049305,
0.98843384,
0.99927187,
0.9401886,
0.9735715,
0.99681175,
0.92373085,
0.9485995,
0.9860824,
0.97785354,
1.0,
0.9457134,
0.83456695,
0.9807472,
0.9692711,
0.970608,
0.9143392,
0.9786877,
0.96380854,
0.93847734,
0.8820021,
0.9987062,
0.9951707,
1.0,
0.8403148,
1.0,
0.97718304,
0.97831404,
0.96336377,
0.91242224,
0.93819475,
0.9669687,
0.97456115,
0.9873402,
0.948067,
0.80225766,
0.99153966,
0.98317266,
0.97806823,
0.99999994,
0.97834927,
0.96438116,
0.99999994,
0.96242446,
1.0,
0.99175364,
0.96525824,
0.9916939,
0.9681518,
0.9741916,
1.0,
0.9882,
0.98439085,
0.9922048,
0.98757523,
1.0,
0.98235697,
0.97415453,
0.9611814,
0.94790745,
0.9857676,
0.9704889,
0.9715935,
0.8651573,
0.9701088,
0.95690125,
0.9910863,
1.0,
0.94554764,
0.9909394,
0.9608326,
0.9577474,
0.9965873,
0.9999999,
0.86587447,
0.98475504,
0.9771711,
0.9823777,
0.91125864,
0.9847795,
0.97444886,
0.9861267,
0.9979344,
0.9709361,
0.9974805,
0.97857237,
0.95073926,
1.0,
0.9330121,
0.95690125,
1.0000001,
0.8058363,
0.98317266,
0.80805427,
0.94188243,
0.97750044,
0.97919893,
0.95064855,
0.9756751,
0.9900046,
0.99090827,
0.96222764,
0.99999994,
0.99006456,
0.98899484,
0.88144636,
0.87656593,
0.90246284,
0.9909743,
0.90005404,
0.9734832,
0.9872847,
0.9917835,
0.96746457,
0.89794344,
0.9790433,
0.9716018,
0.9999999,
0.9789196,
0.9824253,
0.8836535,
0.9593275,
0.98357177,
0.94915676,
0.97175574,
0.9956329,
0.8810091,
0.98668724,
0.9754555,
0.98827755,
0.8878691,
0.94395477,
0.9872443,
1.0000001,
0.9430878,
0.9865284,
0.9896987,
1.0,
0.9476363,
0.96525824,
0.98816615,
0.9745544,
0.96332324,
0.9955814,
0.9868116,
0.95341974,
0.9767255,
0.97943425,
0.99999994,
0.99999994,
0.96581674,
0.9778314,
0.9721088,
0.89648,
0.9770216,
0.96524066,
0.908716,
0.9708854,
0.9810249,
0.9726369,
0.8806263,
0.9840999,
0.9947721,
0.97764224,
0.96504563,
0.9008819,
0.9741148,
0.94725466,
1.0000001,
0.9616816,
0.9973141,
1.0000001,
1.0,
0.9999999,
0.9681931,
0.97935385,
0.9861973,
0.956265,
0.98821807,
0.92851454,
0.9967998,
0.9841493,
0.99649423,
0.9616585,
0.990313,
1.0,
0.98547345,
0.9873864,
0.9774384,
0.8828022,
0.9717263,
0.99999994,
0.9899233,
0.89166266,
0.9929977,
0.9173369,
0.9705383,
0.9858893,
0.9422696,
0.85381496,
0.99405605,
0.93566805,
0.99250907,
0.8748222,
1.0,
0.98118365,
0.99829733,
0.98050886,
0.95453626,
0.9909878,
0.9957249,
0.9863539,
0.9921434,
0.98279816,
0.97305155,
0.9565393,
0.9749748,
0.9411021,
0.98719394,
0.94996154,
0.98237485,
0.97758085,
0.9169918,
0.99397683,
0.93213165,
0.95703316,
0.9742718,
0.9230929,
0.9981013,
0.9599673,
0.8912971,
0.98158497,
0.99821883,
0.93230474,
0.98621184,
0.86215734,
0.982787,
0.96736175,
0.9811055,
0.98649704,
0.963158,
0.89923424,
0.98477674,
0.8819981,
0.94635254,
0.96379274,
0.99089295,
0.96936435,
0.9106516,
1.0000001,
0.8983588,
0.9789889,
0.90032905,
0.94586915,
0.9575682,
0.9782985,
0.985656,
0.9777016,
0.98255587,
0.99278647,
0.93545645,
0.972109,
0.9639284,
0.9938825,
0.9692711,
0.9916918,
0.89876705,
0.9963046,
0.97160673,
1.0,
0.9715561,
0.99303585,
0.9861374,
0.9368182,
0.99356264,
0.98164666,
0.9689962,
0.84931785,
0.99999994,
0.96979475,
0.86963457,
0.99319494,
0.9675331,
0.9914088,
0.9960337,
0.99659157,
0.9807351,
0.9475744,
0.99702936,
0.8612788,
0.9827169,
0.9714242,
0.9999999,
0.9904269,
0.9610166,
0.9547024,
0.9678655,
0.89439476,
0.97269243,
0.97481877,
0.9295496,
0.9617778,
0.96337646,
0.89555496,
0.9827954,
0.95026964,
0.9084347,
0.9969827,
0.76669747,
0.989168,
1.0,
0.98826647,
0.985207,
0.99279875,
1.0,
0.9139752,
0.98996544,
0.95461076,
0.99698824,
0.9843337,
0.9681959,
0.98593444,
0.95488894,
0.87663007,
0.96504563,
1.0000001,
0.97365224,
0.9558026,
0.99103445,
0.98396194,
0.98355263,
0.9955279,
0.9877234,
0.99158394,
0.8586562,
0.9959226,
1.0,
0.9886074,
0.9445527,
0.9854741,
0.8161776,
0.9281975,
1.0,
0.99500626,
0.9793052,
0.9713984,
0.99999994,
0.99563813,
0.9510747,
0.92931455,
1.0,
0.99999994,
0.98322463,
0.984349,
0.97262603,
0.9603547,
1.0,
0.9212762,
0.9863365,
0.99431324,
0.97524184,
1.0,
0.99448913,
0.99166846,
0.9741148,
0.94907326,
0.97390443,
0.7829952,
0.72225296,
0.97081727,
0.9812356,
0.98360497,
0.9910845,
0.976177,
0.7521972,
0.97692925,
0.9618966,
0.962753,
0.9581303,
0.9829463,
0.9999999,
0.96379256,
0.99112254,
0.98110795,
0.9183774,
0.98235697,
0.9865719,
0.9779574,
0.9104418,
0.9143117,
0.94643223,
0.9969787,
0.9839349,
0.94586915,
0.9688912,
1.0000001,
0.96607333,
0.9875511,
0.98455393,
0.9196928,
0.96362776,
0.96186507,
0.8095147,
0.9984011,
0.9954336,
1.0000001,
0.9922491,
0.93682456,
0.7844417,
0.9840999,
0.9937382,
0.96379256,
0.97327036,
0.8929882,
0.99101675,
0.9424732,
0.9925291,
0.8942732,
0.9224824,
0.9997024,
0.8525495,
0.9486454,
0.93169296,
0.97144616,
0.96734196,
0.97194356,
0.99666303,
0.97819376,
1.0000001,
0.9852938,
0.96151257,
0.9925286,
0.9903279,
0.9835703,
0.93744993,
0.99043065,
0.97737956,
0.9790638,
0.9954131,
0.9765328,
0.9942645,
0.97352785,
0.9692936,
0.9704723,
1.0000001,
0.9757066,
0.9787586,
0.9948538,
1.0,
1.0000001,
0.9178463,
0.81210035,
0.9700241,
1.0,
0.9829971,
0.9439709,
1.0,
1.0,
0.99999994,
0.95013386,
1.0,
0.95841247,
0.84661627,
0.9981843,
0.9028028,
0.9899534,
0.9774015,
0.95503294,
0.99386954,
0.9539583,
0.9541344,
0.98338264,
0.9689382,
0.99485236,
0.98844945,
0.9755329,
0.9966144,
0.9936647,
1.0000001,
0.9445777,
0.9881991,
0.9881693,
0.97662157,
0.9989319,
1.0000001,
0.88947994,
0.9878257,
0.9911685,
0.98799515,
0.8095347,
0.83502316,
0.98372597,
0.99999994,
0.9907062,
0.9876415,
0.9677956,
0.987246,
0.9932529,
0.95752853,
0.9504797,
0.971193,
0.98823303,
0.9520605,
0.89101577,
1.0,
0.9885087,
1.0,
0.98442304,
1.0,
0.8907233,
0.9853938,
0.9560768,
0.9956578,
0.9659504,
0.99622416,
0.93300015,
0.9451468,
0.997167,
0.8653442,
0.98415047,
0.9897653,
0.9650906,
0.884502,
0.92701584,
0.9860824,
0.98926854,
0.85943973,
0.9109616,
0.9798539,
0.87524956,
0.95044965,
0.98914456,
0.87918043,
0.884212,
0.960311,
1.0000001,
0.97331786,
1.0,
0.94982713,
1.0,
0.99500245,
1.0,
0.9955656,
0.9774007,
0.9561964,
0.9704733,
0.8576978,
0.9629209,
0.85273296,
0.97630334,
0.96804607,
0.9489529,
1.0000001,
0.9999999,
0.9882632,
0.9726477,
0.90119785,
0.9522825,
0.8298569,
0.8969072,
0.8582907,
0.9647557,
0.9972792,
0.9294189,
0.9911512,
0.98727655,
0.99083567,
0.8624272,
0.9821709,
1.0,
0.94524944,
0.862813,
0.97899777,
1.0,
0.99716455,
0.9655352,
0.9962088,
0.98282653,
0.9918756,
0.9577474,
0.99390817,
0.9984236,
0.9469002,
0.9900046,
0.9798975,
0.94372374,
0.9861282,
0.9365032,
0.99151874,
0.891598,
0.9866085,
0.98643357,
0.9517597,
0.9366136,
0.9577963,
0.9999999,
1.0000001,
0.8791912,
0.99311423,
0.9812811,
1.0,
0.98292774,
0.94445515,
0.96385556,
0.99521923,
1.0,
0.9675911,
0.98546064,
0.97579354,
0.9507771,
0.96644807,
0.9727395,
0.86047685,
0.9999999,
0.91536134,
1.0000001,
0.9815749,
0.91777724,
0.9221587,
0.985497,
0.9895997,
0.97052157,
0.9855568,
1.0,
0.9987153,
0.9782122,
0.9675801,
0.98355263,
0.93144447,
0.9646891,
0.87707996,
0.8529305,
0.966752,
0.9845242,
0.9810353,
0.9581456,
0.9577963,
0.95153356,
0.9593275,
0.9779959,
0.99269795,
0.9597937,
0.9921048,
0.9446248,
0.9886638,
0.99623066,
0.9903684,
0.9807084,
0.95114976,
0.9965702,
0.99329644,
0.99606186,
0.9485995,
0.9219528,
0.9981774,
0.9940298,
0.90737784,
0.9137018,
0.9953474,
0.98899007,
0.99943525,
0.99999994,
0.9606808,
0.9851608,
0.978292,
0.916788,
0.9704733,
0.75985456,
0.98177594,
0.99570036,
0.99894476,
0.96942794,
0.99623066,
0.99009424,
0.9887543,
0.9796092,
0.991469,
0.96968603,
0.99999994,
0.9535572,
0.99033827,
0.89865386,
0.8584659,
0.9955755,
0.990563,
0.98555297,
0.99570036,
0.95488894,
0.8498116,
0.9927032,
0.9649862,
0.99064606,
0.939226,
0.8580019,
1.0,
0.99999994,
0.9960377,
0.945932,
0.9698793,
0.9840926,
0.9832564,
0.98484993,
0.9609573,
0.9866085,
0.87514347,
0.9760615,
0.97329587,
0.97198564,
0.96847683,
0.9490958,
0.9955995,
0.997401,
0.91947484,
0.93577915,
0.9931788,
0.9922341,
0.9200681,
0.8930538,
0.8668821,
0.9819254,
0.9928591,
0.9967172,
0.9760689,
0.97182935,
0.92513734,
0.98736686,
0.95073926,
0.9022252,
0.98235893,
0.966559,
0.9953008,
0.9931493,
0.9483235,
0.9856109,
1.0,
0.9792307,
0.8232447,
0.96596503,
0.961384,
0.9599673,
0.9773062,
0.9431064,
0.9718462,
0.9909206,
1.0,
0.94072765,
0.966559,
0.9720942,
0.8960931,
0.989168,
0.84220934,
1.0,
0.97037166,
0.99734455,
0.89496446,
0.9775577,
0.9616465,
0.9709761,
0.81832093,
0.89857954,
0.97844756,
0.97147393,
0.8520933,
0.97590864,
0.9393165,
0.9893016,
0.92485905,
0.9747111,
0.97494256,
0.99811596,
0.98441225,
0.9368182,
0.97954816,
0.8585584,
0.97071856,
0.97665614,
0.9500351,
0.96222335,
0.9918951,
0.98999286,
0.99656975,
0.96678287,
0.98540694,
0.9999999,
0.9953886,
0.97885907,
0.97677493,
0.9760088,
0.9999999,
0.9815026,
0.95230305,
1.0,
0.9869627,
0.99627846,
0.982534,
0.96561146,
0.98565644,
0.97543645,
0.85916984,
0.7994883,
0.9905874,
0.9707023,
0.8816935,
0.9727395,
0.88514614,
0.9990254,
0.8667398,
0.91830623,
0.97573215,
0.9445527,
1.0,
0.9726475,
0.9774015,
0.9911549,
0.85336584,
0.94308215,
0.97352785,
0.9834958,
0.8411723,
0.96739745,
0.9828754,
0.9667578,
0.99194545,
0.9180307,
0.8790925,
1.0,
0.97918135,
0.98370135,
0.9901526,
0.85916984,
0.9837012,
0.835188,
0.93060774,
0.9966733,
0.9256075,
0.9446181,
0.99428767,
0.99168456,
0.9565476,
0.9910121,
0.96484864,
0.9858476,
0.9841802,
0.9269441,
0.99565625,
0.9756187,
0.9823684,
0.98163486,
1.0000001,
0.86988986,
0.97922164,
1.0,
0.9645723,
0.97507304,
0.9795409,
0.9258585,
0.97745925,
0.9829193,
0.99999994,
0.94420606,
0.9183692,
0.9346508,
0.8687284,
0.980432,
0.99517995,
0.9962322,
1.0,
0.9906697,
0.9765467,
0.9739093,
0.9207137,
0.88251764,
0.965118,
0.9659651,
0.99452364,
0.9937769,
1.0000001,
0.99158996,
0.9483235,
0.94165003,
0.8587573,
0.98989874,
0.9704576,
0.9717143,
0.98094153,
0.97971433,
0.9430878,
0.9778756,
0.8554725,
0.9546144,
0.99046063,
1.0,
0.9887294,
0.92620873,
0.9136431,
0.9544616,
0.9613287,
0.97209716,
0.9431207,
0.98332864,
0.97871053,
0.95885885,
0.9575896,
0.9966765,
0.9685803,
0.9082608,
0.99623203,
0.9889828,
0.97772485,
0.88657165,
0.94643223,
1.0000001,
0.9838002,
0.89099544,
0.86225015,
0.98372597,
0.873247,
0.9977784,
0.9469328,
0.87520087,
0.9916403,
0.9970073,
0.97006667,
0.9770827,
1.0,
0.9873402,
0.9788347,
0.9949283,
0.98826647,
0.88805515,
0.88514614,
0.9695992,
0.98638314,
0.9772583,
0.8767373,
0.9985216,
0.8261589,
0.6936925,
0.99999994,
0.9412942,
0.93047005,
0.9912247,
0.94996154,
0.99225795,
0.9722054,
0.9802972,
0.9696053,
0.99145496,
0.9530708,
0.95519483,
0.96755934,
0.93302613,
0.89629334,
0.99153954,
0.8718923,
0.986049,
0.97408384,
0.9678517,
0.86792463,
0.9696282,
0.99447507,
1.0000001,
0.9519092,
0.9064091,
1.0,
0.9881111,
0.98247427,
0.9954747,
1.0,
0.92299837,
0.88176626,
0.8700773,
0.9935111,
0.98193145,
0.9764863,
0.9150638,
0.9782843,
0.99000454,
0.98804295,
0.95377684,
0.78341633,
0.9924811,
0.97878385,
0.9428372,
1.0,
0.98526347,
0.960242,
0.8876122,
0.9938334,
0.9567091,
0.96955633,
0.9788196,
0.9876426,
0.9320957,
0.94571054,
0.98928094,
0.9903853,
0.99398434,
1.0000001,
0.98710614,
0.8909955,
1.0,
0.97167516,
1.0,
0.9295496,
1.0000001,
0.9974617,
0.8579773,
0.9778529,
0.97902304,
0.98575,
0.96885437,
1.0,
0.99077994,
0.98055625,
0.99539566,
1.0,
0.9772506,
0.97604805,
0.99786365,
0.96167755,
0.95826656,
0.8193688,
1.0,
0.9882632,
0.99999994,
0.9750807,
0.9962762,
0.9153364,
0.97734153,
0.99429154,
0.99255896,
0.87606347,
0.99829733,
0.99078465,
0.92071384,
1.0000001,
0.9623158,
0.9591282,
0.8914868,
0.9582387,
0.98621184,
0.8484878,
0.9999999,
0.9820925,
0.97180164,
0.98567873,
0.9807679,
0.99278337,
0.95600164,
0.95492524,
0.97152454,
0.9714242,
0.9546343,
0.8807532,
0.9904789,
0.97625303,
0.988789,
0.95067227,
0.97612596,
0.92444,
0.95361483,
1.0,
0.99159515,
0.96079975,
0.9301462,
1.0000001,
0.9558552,
0.8920108,
1.0000001,
0.8315523,
0.7070433,
0.9896463,
0.9279394,
0.98995465,
0.992793,
0.966288,
0.9905843,
0.89015007,
0.9024085,
1.0,
0.8840908,
0.9734374,
0.99008757,
0.97054154,
0.98247427,
0.94445515,
0.96783775,
0.9546648,
0.98875505,
0.9780348,
0.9735715,
0.9918756,
0.9183692,
0.8977075,
0.9793925,
0.9185525,
0.99135786,
0.8958617,
0.96748793,
0.9910096,
0.97400564,
0.99999994,
0.9956028,
0.97966903,
0.9370391,
0.93611264,
0.99474716,
0.9326306,
0.9165466,
0.9881111,
0.9752449,
0.99171084,
0.96733445,
0.93239444,
0.97922105,
0.9527263,
0.98287565,
0.9433596,
0.9781572,
0.9296639,
0.9821923,
0.9805444,
1.0,
0.99326456,
0.90785325,
1.0000001,
0.9836718,
0.9782122,
0.9790287,
0.9869627,
0.9833881,
0.9744277,
0.9564135,
0.951904,
0.9668478,
0.8676572,
0.9423641,
0.8635011,
0.9798539,
0.9741319,
0.914553,
0.9959973,
0.97311586,
0.9804024,
0.97181994,
0.9879623,
0.98936516,
0.99095047,
0.9630127,
0.91767174,
0.9483213,
0.94624895,
0.80189204,
1.0,
0.9792126,
0.9645027,
0.9760205,
0.9982454,
0.90508693,
0.98202974,
0.9347168,
0.9700605,
0.87777394,
0.96013576,
0.866047,
0.9866941,
0.9796092,
0.99999994,
0.9926821,
0.9805112,
0.9817849,
0.8920108,
0.9850473,
0.9707306,
0.937351,
0.84704244,
0.8569294,
0.97456115,
1.0,
0.85113823,
0.916188,
0.9796029,
0.97213566,
0.8959769,
0.9714707,
0.91582835,
0.992793,
0.9546343,
0.96018296,
0.91226655,
0.9903727,
0.9829902,
0.9711573,
1.0,
1.0,
0.9839341,
0.89943075,
0.96056676,
0.93300015,
0.9851734,
0.9638012,
0.99720573,
0.96392924,
0.97712064,
0.9901156,
0.9631865,
0.97682154,
0.97696483,
0.88497233,
0.95925283,
1.0,
1.0000001,
0.89741266,
0.9966724,
0.98281753,
0.89635664,
0.9749748,
0.8728605,
0.8436477,
0.88611865,
0.96457916,
0.99620205,
0.9651178,
0.89648,
0.9863899,
0.9300615,
0.9857757,
0.9492086,
0.98335737,
0.9625069,
0.91242224,
0.90798366,
0.98941267,
0.9943877,
0.81167674,
0.8685903,
0.9863389,
1.0,
0.97586143,
0.97423655,
0.9993214,
0.9954874,
0.98435354,
0.9674317,
0.9850632,
0.98946893,
0.96891874,
0.9541794,
1.0000001,
0.95064855,
0.97936237,
1.0,
0.9815894,
0.891598,
0.9504798,
0.9627516,
0.9999999,
0.9978291,
0.94313246,
0.9529387,
0.9657933,
0.9727562,
0.9889645,
0.9804476,
1.0,
0.98874855,
0.9827556,
0.96001875,
0.9639844,
0.9397418,
0.98009086,
0.9773793,
0.93239444,
1.0,
0.92614836,
0.9511766,
0.8098846,
0.8384864,
0.9880861,
0.9814406,
0.9283481,
0.9858541,
0.8479703,
0.9813705,
0.961917,
0.99196255,
0.94524944,
0.9701514,
0.97209716,
0.9759296,
0.96227413,
0.9906455,
0.9759848,
0.86735916,
0.90707177,
0.95904255,
0.98801,
0.9559999,
0.981932,
0.97052157,
0.96733385,
0.89252824,
1.0000001,
0.98707783,
0.9058636,
0.9942161,
0.92451584,
1.0000001,
0.99225533,
0.971167,
0.99431324,
0.9085773,
0.9999999,
0.990491,
0.8649895,
0.96305573,
0.99633753,
0.89943075,
0.88320196,
0.99095714,
0.9946263,
0.99800026,
0.985823,
0.99999994,
1.0,
0.9323857,
1.0000001,
0.875906,
0.9948654,
0.98059237,
0.99999994,
0.9136431,
0.8819981,
0.9365665,
0.983502,
0.995434,
1.0000001,
0.9790154,
0.9879576,
0.92871934,
0.81374866,
0.9893932,
0.9921341,
0.9230038,
1.0000001,
0.8999994,
0.9810127,
0.80273235,
0.94049305,
0.9617244,
0.97638065,
0.98888767,
0.9903514,
0.98480433,
0.8734378,
0.9875241,
0.99356264,
1.0000001,
0.9714792,
0.95101446,
1.0,
0.9915127,
0.9792614,
0.9823684,
0.8068746,
0.99651927,
0.948897,
0.99999994,
1.0,
0.99590915,
0.9974384,
0.98290855,
0.98455393,
0.97662157,
1.0,
0.9194958,
0.97727954,
1.0,
0.9711758,
0.9877644,
0.9726475,
0.984147,
0.9899119,
0.8199437,
0.99433106,
0.87752825,
0.96994245,
1.0000001,
0.9159584,
0.9914552,
0.9880591,
0.99154615,
1.0000001,
0.99313,
0.95462847,
0.98836005,
0.98090094,
0.8757451,
0.9429525,
0.99095315,
0.9882,
1.0,
0.9422141,
0.9706043,
0.9889429,
0.98877126,
0.9765372,
0.96299875,
0.8548195,
0.97764724,
0.9218407,
0.85392976,
0.97306854,
0.99572027,
0.97772485,
0.9824937,
0.98385286,
0.9999999,
0.91755515,
0.9939572,
0.99405605,
0.9736731,
0.90243584,
0.9685412,
0.99461156,
0.99999994,
0.988081,
0.971167,
0.99157125,
0.9790946,
0.96423346,
0.89679724,
0.9689736,
0.97944975,
1.0000001,
0.9854002,
0.9704732,
0.99333924,
0.8921004,
0.93570006,
0.95361483,
0.985207,
0.9252417,
0.9705414,
0.9931493,
0.9791299,
0.9240751,
0.9980744,
0.85480696,
0.99695057,
0.994043,
0.98050886,
0.9959709,
0.9216284,
0.98130584,
0.8405996,
0.9558552,
0.9756144,
0.98272514,
0.8600954,
0.9796767,
0.99286324,
0.99823225,
0.9802076,
0.9974468,
0.9919828,
0.9810249,
0.983769,
0.98255587,
1.0,
0.9893413,
0.86814374,
0.9950628,
0.9684198,
0.98889035,
0.9880881,
0.884502,
0.9879753,
0.9975403,
0.9992164,
0.9943643,
0.99291945,
0.9212762,
0.97095186,
0.97430825,
0.8723292,
0.87708515,
0.9949056,
1.0,
0.9824979,
0.9870287,
0.91785735,
0.9837759,
0.881605,
0.9941082,
0.95549303,
0.9971873,
0.946522,
0.93642116,
0.99093765,
1.0,
0.970608,
0.9964655,
0.96463406,
0.87936234,
0.99553585,
0.99656457,
0.98642445,
0.9851164,
0.8879598,
0.96632385,
0.96856594,
0.9787111,
0.94165003,
0.94164497,
0.9347032,
1.0,
0.9341908,
0.9800779,
0.95988584,
0.9922272,
0.9474642,
0.86582696,
0.9799158,
0.9905564,
0.988546,
0.9893422,
0.96222335,
0.98248196,
1.0,
0.923656,
0.98949593,
0.9962166,
0.8994359,
1.0000001,
0.98286307,
0.98583335,
0.98706317,
1.0000001,
0.96299875,
0.98659456,
0.9897477,
0.98112965,
0.95848876,
0.9422449,
0.9975769,
0.9857317,
0.9448154,
1.0000001,
0.9549483,
0.9536404,
0.907102,
0.9757494,
0.9983415,
0.95365155,
0.98475385,
0.9711958,
0.9702689,
0.9431207,
0.95135665,
0.99077874,
0.93193,
0.9657933,
0.87044406,
0.8437658,
0.92291826,
0.9999999,
0.9870534,
0.97550184,
0.97770023,
0.9661694,
0.83513653,
1.0,
0.9922916,
0.9873111,
0.9948273,
0.9992911,
0.9707306,
0.9735932,
0.9975637,
0.9659113,
0.99999994,
1.0000001,
0.8630339,
0.8592308,
0.9136549,
0.916788,
1.0,
0.9909878,
0.9947999,
0.97829014,
0.9985109,
0.9711621,
0.9342911,
0.99259603,
1.0,
0.92449754,
0.96557087,
0.87127876,
0.9336767,
0.97106427,
0.98744595,
0.9254815,
0.98071235,
0.97422,
0.9875241,
0.9498598,
0.93169296,
0.9397418,
0.9221587,
0.99195194,
0.9573096,
0.9510038,
0.98255575,
0.99999994,
0.9999999,
0.91536134,
0.97246975,
1.0,
1.0,
0.8582737,
0.8889779,
0.97656184,
1.0,
0.9269389,
0.99839693,
0.9868561,
0.87331647,
1.0,
0.9743609,
0.98334426,
0.97591776,
1.0000001,
0.8688292,
0.94882935,
1.0,
0.98362267,
0.99080545,
0.9615958,
0.96394,
0.9904982,
0.93294984,
0.98311114,
0.9829083,
0.970995,
0.9537412,
0.9829193,
0.9702878,
0.862813,
0.9967058,
0.97963756,
0.98289126,
0.9848709,
0.9797919,
0.98408055,
0.79365575,
0.9750453,
0.96054345,
0.9187301,
0.8634524,
0.96898526,
0.9880974,
0.9790154,
0.9984603,
0.98412675,
0.9902894,
0.97080547,
0.9779271,
0.94468784,
0.9792986,
0.97968626,
0.9109616,
0.9430896,
0.9580231,
0.8556521,
0.97965616,
0.9862391,
1.0,
0.9989333,
0.95055157,
0.9848741,
0.99164706,
0.9790946,
0.9915127,
0.97907305,
0.93065107,
0.9424732,
0.9764894,
0.98081785,
0.957122,
0.86167264,
0.96259075,
0.9707023,
0.9640058,
0.97069556,
0.9083474,
0.99697375,
0.9313934,
0.97665614,
1.0,
0.95089674,
0.98971,
0.84178245,
1.0000001,
0.99999994,
0.92043006,
0.89856184,
0.9999999,
0.990462,
0.95817757,
0.9974413,
0.9390481,
0.99682784,
0.9825444,
0.9536411,
0.9672663,
0.99999994,
0.957552,
0.94911736,
0.9999999,
0.89499456,
0.9999999,
0.8162557,
1.0,
0.99999994,
0.99445814,
0.9917791,
0.9841845,
1.0,
1.0000001,
0.974117,
0.9759105,
1.0,
1.0,
0.9905564,
0.97144276,
0.919434,
0.95801115,
0.9150638,
0.8948038,
0.9974805,
0.95163065,
0.9921825,
1.0000001,
0.9503494,
0.83375496,
0.875593,
0.96448463,
0.97996175,
0.82343835,
0.8667303,
0.9663487,
0.9955755,
0.9357959,
0.9956568,
0.99587667,
0.9657741,
0.9837028,
0.9814512,
0.83889544,
0.9472075,
0.9897477,
0.9850473,
0.99062425,
0.98567873,
0.9887792,
0.9840753,
0.98526347,
0.9309646,
0.90934175,
1.0,
0.9797919,
0.9756144,
0.98666966,
0.9962016,
0.95179933,
0.97400564,
0.99164695,
0.9942317,
0.96911305,
0.97922105,
0.90473646,
0.9846006,
0.8828215,
0.98350734,
1.0,
0.9244175,
0.9372101,
0.9629357,
0.9365032,
0.9558895,
0.9416289,
0.92094034,
0.9925286,
0.9102011,
0.9957976,
0.9281526,
0.8607644,
0.993122,
0.9695219,
0.98961663,
0.98944294,
0.8341713,
0.990313,
0.92683417,
0.95044965,
0.97878385,
0.9926,
0.9619014,
0.99026805,
0.92432934,
0.9921076,
0.98356664,
0.9769542,
0.9835372,
0.948295,
0.9644591,
0.88686097,
0.9729307,
0.9658477,
0.98553336,
0.99999994,
1.0000001,
0.9999999,
0.99943095,
0.88475084,
0.8037057,
1.0,
0.9437878,
0.9947838,
0.9901366,
0.99194324,
0.8748278,
0.99999994,
0.9553407,
0.9670523,
0.97565657,
0.9510605,
0.8695982,
0.9608326,
0.85422933,
1.0000001,
0.97586143,
0.9497023,
0.89594805,
0.8726659,
0.99777114,
0.98812556,
1.0,
0.9667238,
0.9898125,
0.9747722,
0.9993041,
0.8495067,
0.981655,
0.99417776,
0.9844039,
0.707803,
0.804174,
0.9552478,
0.9185525,
1.0000001,
1.0000001,
0.9916918,
1.0,
0.9914799,
0.94167227,
0.95503294,
0.93175936,
0.9743113,
0.98288697,
0.98803216,
0.9818039,
0.86853975,
1.0000001,
0.99148494,
1.0,
0.9437521,
0.9817444,
0.86045676,
0.9672254,
0.99999994,
0.97001404,
0.9622421,
0.9697495,
0.99876183,
0.94474447,
0.85406524,
0.9321627,
0.9782849,
0.9600187,
0.9096493,
0.9889437,
1.0,
0.97365224,
0.98192143,
0.87918043,
0.99633306,
0.9836462,
0.9892412,
0.9034786,
0.9758949,
0.8581204,
0.9672418,
0.9539304,
0.99660474,
0.98876864,
0.99999994,
0.9966394,
1.0,
1.0000001,
0.8144923,
0.99999994,
0.8356058,
0.9829971,
0.9752586,
0.9449128,
0.97343194,
0.98323655,
0.939226,
0.92435044,
0.9939009,
0.97314477,
0.97591966,
0.98837906,
0.8389542,
1.0000001,
0.8981678,
0.9985395,
0.9961173,
0.8604219,
0.9104455,
0.9414669,
0.9811038,
0.918565,
0.88829017,
0.9881858,
0.9845414,
0.99742603,
0.9718862,
0.9771293,
0.8356991,
0.9972792,
0.94313246,
0.974146,
0.99452126,
0.8791867,
0.85120165,
0.89166266,
0.96305186,
0.98545116,
0.9911114,
0.9922105,
0.9503995,
0.9024085,
0.9822358,
0.99610424,
0.9991202,
0.92488325,
0.9704889,
0.9861282,
0.93766284,
0.97459584,
0.89786845,
0.9865284,
0.8298569,
0.99999994,
0.9927884,
1.0,
0.979462,
0.81134635,
0.93498075,
0.99999994,
0.95166075,
0.9797488,
0.87309414,
0.96484864,
0.91892105,
0.9230929,
0.9799535,
0.9883479,
0.97188145,
0.81479627,
0.95468986,
0.9999999,
0.9877417,
0.9157246,
0.99673384,
0.9928032,
0.99296993,
0.87574446,
0.95230263,
0.99758404,
0.99999994,
0.97548926,
1.0,
0.9894619,
0.99999994,
0.9714707,
1.0000001,
0.92530704,
0.92444,
0.95803964,
0.9763291,
0.98901147,
0.96871847,
0.96643555,
0.9289182,
0.9558757,
0.99423784,
0.98749626,
0.96917266,
0.9907214,
0.9797191,
0.9575371,
0.90350914,
0.8983588,
0.96234155,
0.98372716,
0.984508,
0.9769123,
0.95492524,
0.964155,
1.0000001,
0.9891732,
1.0,
0.99629146,
0.99491036,
0.9914177,
1.0,
0.9810669,
0.99278647,
0.9904033,
0.9771844,
0.99463123,
0.90984017,
0.8700436,
0.99730015,
0.8539189,
0.97968966,
1.0000001,
0.9579401,
0.98441225,
0.9973835,
0.97198737,
0.8989657,
0.9628312,
0.99498105,
1.0000001,
0.96629727,
0.94483286,
0.97025317,
0.9602013,
0.99064344,
1.0,
0.9786041,
0.9725646,
0.9844979,
0.95756054,
1.0000001,
0.88021547,
0.99278396,
0.9971596,
0.98408943,
1.0,
0.9609573,
0.866613,
0.86699826,
0.9971241,
0.96222955,
0.9151706,
0.984147,
0.9957012,
0.88195777,
0.9767321,
0.9544402,
0.97152674,
0.989294,
1.0000001,
0.8971691,
0.93533456,
0.93089044,
0.99999994,
0.994757,
1.0,
0.9706152,
1.0000001,
0.96722233,
0.9435767,
0.9493137,
0.90546036,
0.867444,
0.99786365,
0.9960606,
0.9806533,
1.0000001,
0.9722054,
0.99197483,
1.0000001,
0.98432046,
0.81547505,
0.9159584,
0.9902067,
0.8686356,
0.987202,
0.99880797,
0.9800847,
0.95162,
0.9999999,
0.9976022,
0.96986663,
0.9424883,
0.9799284,
0.9510747,
0.9324923,
0.97540885,
1.0000001,
0.90737784,
0.81635356,
0.98592144,
0.9438888,
0.98698944,
0.9976594,
0.9846513,
0.8624376,
0.9503494,
1.0,
0.8372933,
0.8491439,
0.9821776,
0.9645465,
0.85318696,
0.98751086,
0.99933225,
0.96541095,
0.98490506,
0.9532906,
0.9451468,
1.0000001,
0.84781855,
0.98523796,
0.9853454,
0.9472075,
0.9906236,
0.96457815,
0.99027044,
0.97727954,
0.9703678,
0.89876705,
0.98582524,
0.9860441,
1.0,
0.89101577,
0.9973402,
0.98634344,
0.9820773,
0.99491847,
0.97948706,
1.0000001,
0.99158627,
0.9856483,
0.9902669,
0.8454916,
0.9831896,
0.9784219,
0.9661231,
0.9627969,
0.9272827,
0.95473623,
0.98598295,
1.0000001,
0.99640864,
0.8915742,
0.679979,
1.0,
0.99999994,
0.99802506,
0.97551954,
0.9716182,
0.92830974,
1.0000001,
0.96551824,
0.98163486,
0.9671951,
0.8929882,
0.97769195,
0.99999994,
0.99279153,
0.92788935,
0.92835903,
0.98333293,
0.9944586,
0.9843173,
0.98182434,
0.9843653,
1.0000001,
0.9850255,
0.90465146,
0.9937769,
0.9739255,
0.95377743,
1.0,
0.96396494,
0.9311603,
0.97140646,
0.94102526,
0.9849881,
0.9810871,
0.933438,
0.9945272,
0.9683081,
0.93566406,
0.9903339,
0.8895191,
1.0000001,
0.984484,
0.99452364,
0.99328977,
0.9983415,
0.9908369,
0.99280715,
0.8453747,
0.90999055,
0.99999994,
1.0,
0.908716,
1.0,
0.9771711,
0.9735256,
0.9667578,
0.9756187,
1.0,
0.8515938,
0.98482573,
0.9581456,
0.9102011,
0.9898304,
0.9147361,
0.9849867,
0.9711469