4.198610186576843,
4.989219009876251,
5.000000596046448,
3.1946468353271484,
3.9926669001579285,
4.597445130348206,
5.0,
4.930044114589691,
2.7329841256141663,
4.487789273262024,
3.481661081314087,
4.60347056388855,
4.336315095424652,
1.6455157101154327,
4.982219040393829,
3.779078423976898,
2.3824316263198853,
4.705025851726532,
4.96903270483017,
4.665010869503021,
4.948062002658844,
4.909474849700928,
0.4061320051550865,
4.407662749290466,
2.1443340182304382,
4.669763147830963,
4.96440052986145,
3.5725384950637817,
4.179155230522156,
4.092802405357361,
4.589411616325378,
4.899064302444458,
4.5723265409469604,
4.6281203627586365,
2.411404103040695,
4.8163193464279175,
4.902975559234619,
4.986134767532349,
4.938424825668335,
3.219614326953888,
4.898115396499634,
4.51701283454895,
0.7508619874715805,
4.501891732215881,
4.851424694061279,
4.796749949455261,
4.106603264808655,
4.983169436454773,
2.17327818274498,
0.5801837891340256,
4.55104261636734,
5.000000596046448,
4.745884537696838,
4.81747180223465,
4.166685938835144,
3.564610779285431,
2.886127233505249,
4.02474969625473,
4.53772246837616,
4.98268187046051,
4.641444683074951,
4.873335063457489,
4.773396551609039,
4.796380996704102,
4.6588656306266785,
4.557522833347321,
4.814821779727936,
3.8113123178482056,
4.423355758190155,
4.765112400054932,
3.9293256402015686,
4.26227480173111,
1.5484654903411865,
4.772612750530243,
3.6922231316566467,
5.0,
4.922267198562622,
4.8813289403915405,
4.6032145619392395,
3.165404498577118,
4.828872084617615,
5.0,
4.851424694061279,
4.324483573436737,
3.551566004753113,
4.869704246520996,
3.5609087347984314,
4.75264847278595,
4.243229031562805,
4.432111382484436,
4.92087185382843,
4.995048344135284,
5.000000596046448,
4.593157768249512,
2.046513110399246,
4.327329397201538,
4.120722711086273,
4.250166118144989,
3.4097573161125183,
4.742130637168884,
4.537590742111206,
4.566141664981842,
3.5521042346954346,
4.070215225219727,
3.143794536590576,
4.902813732624054,
2.7055129408836365,
4.489447772502899,
4.9156177043914795,
4.434802830219269,
4.9704015254974365,
4.216824471950531,
4.891492426395416,
5.0,
4.796380996704102,
4.570190012454987,
4.973203241825104,
2.7629557251930237,
4.919022619724274,
4.930517375469208,
4.897507429122925,
4.839998483657837,
4.829973578453064,
4.533469080924988,
4.666626453399658,
4.849830269813538,
4.978550374507904,
4.904603362083435,
4.517948627471924,
4.663518071174622,
4.805957674980164,
4.670174419879913,
4.911014139652252,
3.0461889505386353,
0.549030713737011,
3.626960813999176,
4.464567005634308,
4.887166917324066,
4.916670918464661,
4.553108513355255,
4.933085143566132,
4.143661856651306,
4.661645889282227,
4.606011211872101,
1.402125060558319,
4.847270846366882,
5.000000596046448,
4.167492389678955,
4.3496450781822205,
4.878386855125427,
4.68572735786438,
4.876611828804016,
4.362553954124451,
4.784001410007477,
4.740230143070221,
3.9088737964630127,
3.8625478744506836,
4.753569960594177,
4.9576735496521,
1.9884289801120758,
4.471696615219116,
5.000000596046448,
4.63216632604599,
3.8065195083618164,
4.921517968177795,
4.878338873386383,
5.0,
4.81447696685791,
4.793140888214111,
1.3424214720726013,
3.615664541721344,
3.2237255573272705,
4.145576059818268,
4.592346251010895,
4.952156841754913,
3.8556548953056335,
4.680151045322418,
3.6208805441856384,
4.977354109287262,
4.960290789604187,
4.977668225765228,
4.8590269684791565,
4.970064759254456,
4.7573742270469666,
3.8278374075889587,
4.910986125469208,
4.620070457458496,
4.971550405025482,
3.504314124584198,
3.6597874760627747,
4.065229892730713,
3.3993467688560486,
0.44988740235567093,
2.7498915791511536,
4.0454816818237305,
4.56796407699585,
4.8889294266700745,
4.749168157577515,
4.431561231613159,
5.0,
4.086111783981323,
4.897004067897797,
0.9819721430540085,
3.745891749858856,
3.7456607818603516,
1.4036481082439423,
4.915456473827362,
2.6013916730880737,
4.13675457239151,
4.507459998130798,
4.71183180809021,
5.000000596046448,
4.695435166358948,
4.350013434886932,
4.849714934825897,
4.42419707775116,
4.108278155326843,
3.5916802287101746,
0.9435325115919113,
4.395163953304291,
4.661107361316681,
2.735793888568878,
4.2753866314888,
3.669165074825287,
3.346211314201355,
4.699714183807373,
4.477214217185974,
0.7986503839492798,
4.270942807197571,
3.3772721886634827,
4.803240597248077,
4.698300659656525,
1.9425831735134125,
0.6060060858726501,
4.832322001457214,
1.9108065962791443,
4.295030236244202,
4.951103925704956,
4.400295615196228,
5.000000596046448,
4.971812665462494,
5.0,
4.440013766288757,
3.7679070234298706,
5.0,
4.9194154143333435,
3.8850411772727966,
4.57235723733902,
4.656690955162048,
4.640499651432037,
4.8431894183158875,
4.706724584102631,
4.620490372180939,
4.408822059631348,
4.536783695220947,
1.7420101165771484,
3.714933693408966,
2.4005165696144104,
4.6588656306266785,
3.618747293949127,
4.895164966583252,
4.981952905654907,
4.512968361377716,
5.000000596046448,
4.715311825275421,
0.9491612017154694,
4.8935458064079285,
4.188763797283173,
4.765267372131348,
4.798392951488495,
5.0,
4.769560396671295,
4.765646159648895,
3.876643478870392,
3.4928476810455322,
3.867054581642151,
5.0,
4.977332949638367,
3.322223126888275,
4.72065269947052,
4.763342440128326,
4.069002866744995,
4.826970100402832,
4.108345806598663,
4.893724322319031,
4.432062208652496,
4.730156064033508,
5.000000596046448,
4.605000615119934,
3.1609949469566345,
0.23466594517230988,
4.822145402431488,
2.0399539172649384,
4.716366827487946,
4.190225005149841,
4.617081880569458,
5.0,
4.40866082906723,
1.8140268325805664,
3.9053109288215637,
4.619852304458618,
4.80830043554306,
4.656799137592316,
4.991137981414795,
4.150905907154083,
4.849996566772461,
4.014690816402435,
4.396506249904633,
4.478604197502136,
4.656670391559601,
3.551566004753113,
3.622513711452484,
4.791826605796814,
4.899890124797821,
4.292202889919281,
3.609965741634369,
3.7734878063201904,
3.6068981885910034,
4.267350733280182,
4.515479505062103,
4.146695137023926,
4.619854986667633,
3.1293708086013794,
4.456950426101685,
4.487929940223694,
4.826013743877411,
4.4603994488716125,
4.085988998413086,
4.784274697303772,
3.3093982934951782,
4.381773769855499,
0.9763508290052414,
3.7983986735343933,
0.9384766221046448,
4.58671897649765,
2.4861322343349457,
4.969407021999359,
4.569596350193024,
3.4340110421180725,
0.27259811758995056,
4.267304837703705,
3.8466641306877136,
4.273146688938141,
4.938606023788452,
5.000000596046448,
2.405090481042862,
5.000000596046448,
4.867549538612366,
4.8719605803489685,
4.708888828754425,
4.239588379859924,
5.000000596046448,
4.724853038787842,
4.885355234146118,
4.533024728298187,
4.147614538669586,
4.9811652302742,
5.0,
4.570911526679993,
3.6632418632507324,
4.237998127937317,
4.5310598611831665,
0.8095836639404297,
2.9332906007766724,
4.552895426750183,
4.9701762199401855,
4.183918535709381,
5.0,
4.338074624538422,
4.7493234276771545,
4.94728684425354,
2.53360778093338,
3.228607177734375,
4.6347180008888245,
4.601283371448517,
4.630901217460632,
4.118755459785461,
5.000000596046448,
3.996956944465637,
4.920674264431,
4.92892861366272,
4.923555850982666,
4.314566254615784,
4.101555943489075,
4.787328541278839,
0.2065357193350792,
4.501617848873138,
4.781099259853363,
3.889441192150116,
4.629656076431274,
4.964905083179474,
4.667890667915344,
4.298372566699982,
4.850956499576569,
3.5667601227760315,
4.292116165161133,
4.862086772918701,
4.584851562976837,
4.361156523227692,
4.826931953430176,
0.585109256207943,
4.97697651386261,
4.972825050354004,
4.929162859916687,
3.136560022830963,
4.742130637168884,
4.930921196937561,
4.8573121428489685,
3.4407010674476624,
4.692402482032776,
4.695817232131958,
3.085643947124481,
4.918574094772339,
4.774059057235718,
3.5791653394699097,
4.305033087730408,
4.692779779434204,
4.956682920455933,
4.450252056121826,
4.798392653465271,
4.189075827598572,
4.766731262207031,
5.0,
5.0,
4.452241659164429,
3.463655710220337,
3.4788498282432556,
4.1657555103302,
5.000000596046448,
4.460669159889221,
4.880459904670715,
4.867549538612366,
4.978717267513275,
4.912176728248596,
4.232482612133026,
4.859531223773956,
3.6320412158966064,
4.524826407432556,
4.816151559352875,
4.977046251296997,
1.324930340051651,
5.0,
4.912693202495575,
4.62515652179718,
4.0807682275772095,
4.826841652393341,
3.4681034088134766,
3.1959226727485657,
4.91003692150116,
1.2543819844722748,
2.559387683868408,
4.646297097206116,
2.1931779384613037,
4.775511622428894,
3.6068981885910034,
3.487658202648163,
4.805041551589966,
3.6648303270339966,
5.0,
3.3537662029266357,
4.627141356468201,
5.0,
4.832322001457214,
4.312916398048401,
4.758002460002899,
4.822145402431488,
4.817871153354645,
4.875141978263855,
4.12659764289856,
4.974623322486877,
4.715837836265564,
1.9757765531539917,
4.705000519752502,
4.913596212863922,
0.733800008893013,
3.8002681732177734,
3.938254714012146,
4.850970506668091,
4.7195738554000854,
5.0,
4.21076774597168,
3.1435376405715942,
3.603726029396057,
4.778038263320923,
3.5504144430160522,
3.750419020652771,
4.364839494228363,
5.000000596046448,
4.696318507194519,
4.274356365203857,
3.7898027896881104,
4.600634872913361,
3.0796000361442566,
4.852972626686096,
4.949339032173157,
4.219554662704468,
4.486188292503357,
5.0,
1.312602162361145,
4.921410083770752,
5.000000596046448,
4.827867746353149,
5.0,
4.682022035121918,
4.912783205509186,
4.673908054828644,
4.557868838310242,
4.945588409900665,
4.6440669894218445,
4.455216825008392,
4.942571520805359,
4.9763572216033936,
4.203886985778809,
4.606847167015076,
4.409419894218445,
4.911014139652252,
4.712860584259033,
4.784548580646515,
4.110710620880127,
4.772617220878601,
4.795821011066437,
4.025060534477234,
4.978666305541992,
4.869043827056885,
4.4681316614151,
4.559776484966278,
4.18780118227005,
4.88213449716568,
1.2261472642421722,
4.419092833995819,
4.8752760887146,
4.701806902885437,
3.596951961517334,
1.2781909108161926,
4.318414628505707,
5.000000596046448,
4.928576052188873,
4.194386601448059,
3.7368524074554443,
4.508143961429596,
4.9332791566848755,
4.8826804757118225,
4.497449696063995,
4.9153172969818115,
4.665681421756744,
4.337718188762665,
3.5668349266052246,
4.872823655605316,
4.348729848861694,
4.329251348972321,
4.498675167560577,
1.879366934299469,
4.881782233715057,
4.992975890636444,
3.0814945697784424,
4.959439635276794,
4.927836060523987,
4.5497336983680725,
4.8641180992126465,
4.952663779258728,
4.762484431266785,
4.739899039268494,
4.441354274749756,
4.16795551776886,
5.0,
4.038177132606506,
4.407709836959839,
4.877981245517731,
4.83028769493103,
4.942686855792999,
4.093992710113525,
4.90233838558197,
4.443962574005127,
4.802896678447723,
4.918185770511627,
4.8943957686424255,
4.237271845340729,
4.089045226573944,
2.681928873062134,
5.000000596046448,
4.673711657524109,
5.0,
4.649611115455627,
3.6485353112220764,
4.921906292438507,
4.054169654846191,
3.6242419481277466,
4.811157584190369,
5.0,
4.758445918560028,
4.7832417488098145,
3.9030423760414124,
4.889127612113953,
4.748554229736328,
3.6011573672294617,
4.404914081096649,
3.534626066684723,
4.951932728290558,
4.493595361709595,
4.851200878620148,
4.603203535079956,
4.0606889128685,
5.0,
3.6944958567619324,
5.000000596046448,
3.9380991458892822,
2.3690222203731537,
4.4087329506874084,
4.863325655460358,
4.819713234901428,
4.742336869239807,
3.934491276741028,
2.8280070424079895,
5.0,
3.6702513694763184,
2.4046319723129272,
4.946707189083099,
3.7746787071228027,
4.7326138615608215,
4.744999706745148,
4.97413694858551,
4.269433319568634,
4.82721209526062,
4.9633824825286865,
4.1657355427742,
4.790756702423096,
4.762851893901825,
4.250060021877289,
4.898519515991211,
4.47324275970459,
4.714820981025696,
5.000000596046448,
5.0,
3.181118369102478,
2.735793888568878,
5.0,
4.729132354259491,
3.4990713000297546,
2.8444722294807434,
2.039872109889984,
4.633002877235413,
0.897444412112236,
3.2305699586868286,
3.247535526752472,
4.628171026706696,
3.9596787095069885,
4.4617584347724915,
4.3971481919288635,
2.8752553462982178,
4.831848740577698,
5.0,
4.267350733280182,
2.548123300075531,
4.923124015331268,
4.86417829990387,
3.6968994140625,
4.951582849025726,
5.0,
4.906400442123413,
4.966443777084351,
4.212617576122284,
4.717808365821838,
4.561797082424164,
4.524619281291962,
2.990008592605591,
3.934491276741028,
3.0244985222816467,
4.758801162242889,
4.859185814857483,
4.9886080622673035,
3.741331696510315,
5.0,
4.920965731143951,
4.9365234375,
3.5667601227760315,
5.0,
3.430110514163971,
1.5305687487125397,
4.884972870349884,
1.3341617584228516,
5.0,
4.284040331840515,
4.898115396499634,
1.5041671693325043,
3.1425711512565613,
3.5001835227012634,
1.5225234627723694,
4.424501061439514,
4.946116507053375,
4.650278985500336,
2.9955175518989563,
3.9827820658683777,
4.779353737831116,
4.915731251239777,
3.522328734397888,
4.716167151927948,
4.807500541210175,
5.0,
2.932879328727722,
4.620952308177948,
4.380479454994202,
5.0,
4.640626311302185,
4.06130313873291,
4.1892945766448975,
4.77038711309433,
4.758599102497101,
3.728684186935425,
4.805638790130615,
4.650473594665527,
3.737707734107971,
4.8929935693740845,
4.993078410625458,
3.598586320877075,
3.587048053741455,
4.890086650848389,
5.0,
4.564712047576904,
4.759294092655182,
4.6815067529678345,
1.768481284379959,
4.541755318641663,
1.667555719614029,
3.946503698825836,
3.418072462081909,
4.982573986053467,
4.827792942523956,
3.8278374075889587,
4.065300524234772,
4.697549045085907,
4.954078793525696,
0.6597459316253662,
3.710254728794098,
4.524021744728088,
4.839069247245789,
0.2423679642379284,
4.167254567146301,
4.950389564037323,
0.8516769111156464,
4.824175834655762,
2.74660587310791,
4.807500541210175,
4.874019920825958,
3.4497451782226562,
4.96916264295578,
3.8586395978927612,
5.000000596046448,
4.770535528659821,
4.232563078403473,
5.000000596046448,
4.640498459339142,
4.5158034563064575,
4.6832796931266785,
3.0957400798797607,
4.115109443664551,
4.62515652179718,
4.767148196697235,
4.653002321720123,
3.7038642168045044,
4.983169436454773,
4.625828862190247,
4.960134327411652,
4.707033634185791,
4.722557365894318,
3.381245732307434,
4.556915760040283,
4.691745936870575,
4.701337218284607,
4.643430113792419,
4.924961626529694,
4.890521764755249,
1.9108065962791443,
4.602318704128265,
4.287005364894867,
3.3897843956947327,
4.839964210987091,
3.0052906274795532,
4.565921723842621,
4.84508603811264,
4.958340525627136,
4.504402279853821,
4.8586305975914,
4.915732741355896,
5.000000596046448,
5.000000596046448,
3.5304993391036987,
3.3535581827163696,
4.426937699317932,
3.3407393097877502,
4.4991374015808105,
5.0,
4.49678510427475,
0.8841332048177719,
4.64356541633606,
4.745857119560242,
3.2132861018180847,
4.57919716835022,
4.958411753177643,
4.776537120342255,
4.886007010936737,
4.276804029941559,
4.706025123596191,
4.866963028907776,
4.16795551776886,
4.9746546149253845,
4.704914689064026,
0.567677766084671,
4.700810015201569,
4.404731392860413,
0.9147811681032181,
4.96499240398407,
5.0,
4.79071319103241,
1.7382216453552246,
4.861234426498413,
3.8457530736923218,
5.0,
4.586900770664215,
4.60240364074707,
3.913988471031189,
2.362896203994751,
0.99667027592659,
5.000000596046448,
4.720154702663422,
4.6056801080703735,
4.834756255149841,
4.293351769447327,
4.749026000499725,
5.000000596046448,
4.367694556713104,
4.7420534491539,
4.770717620849609,
4.812432527542114,
4.7386786341667175,
4.528767466545105,
4.794546961784363,
4.699714183807373,
5.000000596046448,
4.824147522449493,
4.508143961429596,
4.123801290988922,
4.852782189846039,
4.770011603832245,
4.759191870689392,
4.94367241859436,
3.2159069180488586,
4.285944700241089,
4.073132276535034,
4.736006557941437,
4.223330914974213,
3.429933786392212,
4.565085768699646,
5.000000596046448,
4.7381591796875,
4.809363782405853,
4.729057848453522,
4.939140975475311,
4.970460832118988,
3.8850411772727966,
3.895825743675232,
5.0,
3.675764501094818,
2.759236991405487,
4.130394160747528,
4.822947382926941,
5.0,
4.8599061369895935,
3.038536012172699,
4.3219974637031555,
4.527832567691803,
4.058707356452942,
4.956203401088715,
4.641863703727722,
4.9659571051597595,
4.864988923072815,
4.587527513504028,
4.286907315254211,
3.933224678039551,
4.92043524980545,
4.1048863530159,
4.133817255496979,
4.625458717346191,
4.620490372180939,
0.6843697279691696,
4.827272891998291,
4.906921684741974,
4.9755993485450745,
4.774827361106873,
5.0,
5.0,
4.1657355427742,
4.673711657524109,
4.543659090995789,
4.798392653465271,
4.691217541694641,
4.915311634540558,
4.9070411920547485,
3.7826767563819885,
4.799266457557678,
4.9260082840919495,
4.14431631565094,
4.9735283851623535,
4.983495771884918,
4.903511703014374,
3.116791844367981,
3.947215974330902,
3.5854488611221313,
4.514185786247253,
5.0,
4.7005996108055115,
4.535883367061615,
5.000000596046448,
0.8036902546882629,
4.692854285240173,
3.832661211490631,
3.898024260997772,
3.4242549538612366,
1.355450451374054,
4.509120583534241,
4.3929266929626465,
3.9998382329940796,
4.7067150473594666,
4.922527968883514,
4.882435202598572,
4.327484965324402,
0.9929656982421875,
4.958110451698303,
3.4915918111801147,
0.4395219683647156,
4.77617621421814,
4.622431695461273,
4.639858603477478,
4.276380240917206,
4.388561248779297,
0.6146091222763062,
4.204226434230804,
4.352295994758606,
5.0,
4.143567383289337,
4.917426109313965,
0.8883938193321228,
4.646297097206116,
4.247811138629913,
4.4482725858688354,
4.720008075237274,
4.477219581604004,
4.167597591876984,
4.9377888441085815,
4.692378640174866,
0.8604700863361359,
4.994983375072479,
0.3448218107223511,
4.540136754512787,
5.0,
5.0,
5.0,
4.628171026706696,
4.038822054862976,
4.1892945766448975,
4.922477900981903,
3.986337184906006,
4.801896810531616,
3.8450732827186584,
4.514697790145874,
0.9108863770961761,
4.577527046203613,
4.288034737110138,
4.632326662540436,
4.681000113487244,
4.395813345909119,
4.337182343006134,
5.0,
3.861154317855835,
4.739440083503723,
4.474815726280212,
3.5590746998786926,
4.659440517425537,
5.0,
4.001155495643616,
4.686790704727173,
5.000000596046448,
4.9437415599823,
4.814261794090271,
4.209092557430267,
4.4326746463775635,
4.811173677444458,
3.601614534854889,
4.01181161403656,
1.3487263023853302,
4.982518553733826,
0.9342294931411743,
1.536034494638443,
3.1625229120254517,
4.8752760887146,
2.374272495508194,
4.886339604854584,
4.534216225147247,
4.578575491905212,
2.3425322771072388,
4.014020264148712,
4.8602622747421265,
4.9260202050209045,
5.0,
4.6033501625061035,
4.445036351680756,
4.670963287353516,
4.68005895614624,
4.554904103279114,
4.875937402248383,
4.693757593631744,
3.895825743675232,
5.000000596046448,
4.989764392375946,
3.404403328895569,
4.532570838928223,
2.7982696890830994,
3.998419940471649,
4.158320128917694,
4.462568759918213,
4.898583292961121,
0.20941460505127907,
4.764953255653381,
4.142434895038605,
3.317430317401886,
4.203886985778809,
3.8439902663230896,
4.3130892515182495,
3.596166968345642,
4.774061739444733,
4.787878394126892,
3.4799030423164368,
3.9261141419410706,
3.785693347454071,
4.720175862312317,
4.9244555830955505,
1.7104403674602509,
4.976221024990082,
4.98485803604126,
4.576502442359924,
2.981497645378113,
4.308332800865173,
4.8071834444999695,
4.04113233089447,
4.982675909996033,
4.804311692714691,
4.416707754135132,
4.980922341346741,
4.8250168561935425,
4.407662749290466,
4.506753385066986,
4.849579930305481,
3.434993028640747,
4.290952682495117,
4.7430261969566345,
4.096573889255524,
5.0,
3.909170627593994,
0.7259424030780792,
3.2321718335151672,
3.919980227947235,
4.729063808917999,
4.250166118144989,
4.618667364120483,
3.9380991458892822,
3.5521042346954346,
3.059234619140625,
4.993765354156494,
4.965019226074219,
5.000000596046448,
0.40271803736686707,
5.0,
4.635403156280518,
4.251265227794647,
4.241291582584381,
4.439699649810791,
4.602318704128265,
4.2539361119270325,
4.682578146457672,
4.576069116592407,
3.4533458948135376,
3.26345294713974,
4.870134592056274,
4.366855025291443,
4.524826407432556,
5.0,
4.764522910118103,
4.58321213722229,
5.000000596046448,
4.599913060665131,
5.0,
4.332668781280518,
4.656766057014465,
4.7225043177604675,
4.112976491451263,
4.735121428966522,
5.0,
4.221735298633575,
4.951200485229492,
4.989764392375946,
4.855349659919739,
5.0,
4.848301112651825,
4.4915443658828735,
4.524619281291962,
4.340747594833374,
4.285317361354828,
4.635298848152161,
4.681189060211182,
4.056226909160614,
4.509206116199493,
4.139447212219238,
4.601750075817108,
5.0,
4.121676385402679,
3.1966567039489746,
4.7819167375564575,
4.791976809501648,
4.97697651386261,
5.000000596046448,
1.2435127049684525,
4.76542592048645,
4.8437681794166565,
4.82728123664856,
1.8061678111553192,
4.682563543319702,
4.324483573436737,
4.537590742111206,
4.974038898944855,
4.3061065673828125,
4.861235618591309,
4.223601222038269,
4.08748060464859,
5.000000596046448,
4.2753866314888,
4.139447212219238,
5.0,
0.04886612296104431,
4.366855025291443,
4.026573300361633,
2.784574329853058,
3.0814945697784424,
4.719235897064209,
3.265228271484375,
4.407764375209808,
4.856514036655426,
4.903627634048462,
4.035193026065826,
5.0,
4.799317717552185,
4.885355234146118,
3.2248905301094055,
1.9311125576496124,
0.7266921550035477,
4.862866401672363,
3.5851967334747314,
4.510831236839294,
4.851793050765991,
4.621243476867676,
4.781526327133179,
3.2158857583999634,
4.95665431022644,
4.476609230041504,
5.0,
4.799266457557678,
3.960461914539337,
3.674483001232147,
4.539899528026581,
4.554904103279114,
2.8366854786872864,
4.065300524234772,
4.908498227596283,
2.748512029647827,
4.536783695220947,
4.4279661774635315,
4.928991496562958,
-0.027980415616184473,
3.6648303270339966,
4.918574094772339,
5.0,
2.8502056002616882,
3.6196616291999817,
4.827307760715485,
5.0,
4.814261794090271,
4.656766057014465,
4.865196049213409,
4.787380695343018,
4.40051406621933,
4.915051162242889,
4.176647365093231,
1.355450451374054,
4.220227897167206,
4.9473583698272705,
5.000000596046448,
5.000000596046448,
4.422181248664856,
4.59313303232193,
4.6815067529678345,
4.776332378387451,
4.938464462757111,
4.309448301792145,
4.088009893894196,
4.647168517112732,
4.925500750541687,
4.275302588939667,
1.6651670634746552,
3.7796521186828613,
4.858836233615875,
4.256002306938171,
4.2611804604530334,
4.114251732826233,
3.948271870613098,
3.9261141419410706,
4.840307831764221,
4.722013771533966,
4.650473594665527,
5.000000596046448,
5.000000596046448,
5.0,
4.778038263320923,
4.808236360549927,
4.793877005577087,
4.029659330844879,
4.812135696411133,
3.675764501094818,
4.787217974662781,
4.795953035354614,
4.9618178606033325,
4.778143763542175,
4.492618441581726,
5.000000596046448,
4.515660107135773,
4.572857320308685,
3.970811367034912,
0.8258777111768723,
4.514240622520447,
5.0,
4.5130455493927,
3.673006296157837,
3.6912402510643005,
3.7167736887931824,
4.564730525016785,
4.963961839675903,
4.141888618469238,
1.500837504863739,
4.9267542362213135,
3.1435376405715942,
4.909354150295258,
2.312394231557846,
5.0,
4.76690948009491,
4.962501525878906,
3.9637628197669983,
4.578303098678589,
3.7495458126068115,
4.988798499107361,
4.885267913341522,
4.501799643039703,
4.391689896583557,
3.675474524497986,
4.8491039872169495,
4.83525276184082,
3.622513711452484,
4.622337222099304,
2.844017744064331,
4.342142045497894,
4.647033214569092,
3.62761914730072,
4.729292988777161,
4.28176075220108,
3.8294538855552673,
4.831848740577698,
4.038286507129669,
4.973621070384979,
4.328862428665161,
3.305359184741974,
4.746658205986023,
4.989404082298279,
4.014020264148712,
4.822855591773987,
2.445554733276367,
4.348423480987549,
4.451221227645874,
4.743240177631378,
4.952259957790375,
4.721287488937378,
0.6205146014690399,
4.736941754817963,
3.0452382564544678,
2.5934559106826782,
3.6371880769729614,
4.969455003738403,
4.619852304458618,
4.192869067192078,
5.0,
3.8392314314842224,
4.826210141181946,
3.224599063396454,
4.1557323932647705,
2.9803049564361572,
4.757854342460632,
4.79738175868988,
4.816402494907379,
3.6547264456748962,
4.922988414764404,
4.3219974637031555,
4.038822054862976,
4.179155230522156,
4.784843027591705,
3.919980227947235,
4.643915295600891,
1.5760459005832672,
4.839296340942383,
4.425775408744812,
5.0,
4.4167643785476685,
4.966315031051636,
4.857453107833862,
4.140550494194031,
3.853417932987213,
4.699864387512207,
4.707663059234619,
3.478420376777649,
5.000000596046448,
4.577350914478302,
0.5242990329861641,
4.925105273723602,
4.541445374488831,
4.963226914405823,
4.931199848651886,
4.703382253646851,
2.6205578446388245,
4.223330914974213,
4.959439635276794,
4.001546502113342,
4.848483502864838,
4.595583081245422,
5.0,
4.644932448863983,
4.855249226093292,
4.753561019897461,
3.654562830924988,
1.24845452606678,
4.676143527030945,
4.776950180530548,
4.2222291231155396,
4.455216825008392,
4.0131837129592896,
1.9124889373779297,
4.891765117645264,
4.778320789337158,
2.039872109889984,
4.994242787361145,
3.8118383288383484,
4.938139021396637,
5.000000596046448,
3.2251718640327454,
4.8611339926719666,
4.314566254615784,
5.000000596046448,
3.9932531118392944,
4.87532913684845,
4.426937699317932,
4.759061336517334,
4.933058321475983,
4.357469975948334,
4.838848114013672,
4.708538353443146,
2.5318560004234314,
4.2611804604530334,
5.0,
4.797042608261108,
4.912176728248596,
4.720810651779175,
4.665761888027191,
4.933316111564636,
4.953590929508209,
4.540136754512787,
4.845243692398071,
0.5445500463247299,
4.947731792926788,
5.0,
4.282739162445068,
4.651209712028503,
4.859406054019928,
2.4218451976776123,
3.589250147342682,
5.0,
4.972825050354004,
4.545316100120544,
4.380722939968109,
5.000000596046448,
4.823055267333984,
4.886803030967712,
1.1133381724357605,
5.0,
5.000000596046448,
4.783090651035309,
4.879781901836395,
4.901707768440247,
3.8450732827186584,
5.0,
3.6393320560455322,
4.84619140625,
4.601273536682129,
4.632879793643951,
5.000000596046448,
4.877223372459412,
4.855153560638428,
3.948271870613098,
4.852147102355957,
4.675872325897217,
2.592410147190094,
4.119806289672852,
4.580395519733429,
4.390698671340942,
4.890209436416626,
4.84551876783371,
4.696719944477081,
-0.2791255712509155,
4.250006079673767,
4.409419894218445,
4.903511703014374,
4.477214217185974,
3.8163715600967407,
5.0,
4.202231764793396,
4.887663722038269,
4.124287962913513,
4.455506205558777,
4.848301112651825,
4.913226962089539,
4.465997219085693,
3.420930802822113,
1.5982215106487274,
3.609756827354431,
4.963692128658295,
3.779078423976898,
4.1557323932647705,
4.31132584810257,
5.0,
4.294595420360565,
4.3552640080451965,
4.726013243198395,
3.354077637195587,
3.175610303878784,
4.781099259853363,
-0.014537369133904576,
4.514066576957703,
4.974668323993683,
5.000000596046448,
4.9512675404548645,
4.4477856159210205,
4.454107284545898,
3.7796521186828613,
4.9429890513420105,
4.202231764793396,
4.695817232131958,
3.1834471225738525,
4.88858163356781,
3.8287848234176636,
4.98485803604126,
3.024366796016693,
2.2942528128623962,
4.971491098403931,
0.3941624239087105,
3.0831778049468994,
3.7379971146583557,
4.50786679983139,
4.14431631565094,
4.82721209526062,
4.700583219528198,
4.496272504329681,
5.000000596046448,
4.8532408475875854,
4.199840426445007,
4.895622730255127,
4.713394045829773,
4.221544563770294,
3.9672166109085083,
4.898137152194977,
3.8311153650283813,
4.578699469566345,
4.4760724902153015,
4.713295996189117,
4.936546087265015,
4.612259566783905,
4.849830269813538,
3.463655710220337,
5.0,
4.711951315402985,
4.500922858715057,
4.909028112888336,
5.0,
5.0,
3.6042478680610657,
1.1308275163173676,
4.3849581480026245,
5.0,
4.599994122982025,
4.517120718955994,
5.0,
5.0,
5.0,
4.603857398033142,
5.0,
3.489006757736206,
0.7558969408273697,
4.939126074314117,
3.730270564556122,
4.93525505065918,
4.49070006608963,
3.5243195295333862,
4.7950369119644165,
4.108278155326843,
4.321076571941376,
4.396641850471497,
3.4138357639312744,
4.994190037250519,
4.959579110145569,
4.424784183502197,
4.959190487861633,
4.975138902664185,
5.0,
4.920561611652374,
4.5635488629341125,
4.440895318984985,
3.948417603969574,
4.976894855499268,
5.0,
4.1048863530159,
4.953901469707489,
4.933900833129883,
4.817892611026764,
0.8547872304916382,
2.710297405719757,
4.8126086592674255,
5.0,
4.879446923732758,
4.841197729110718,
2.3690222203731537,
4.832319021224976,
4.978354871273041,
3.230314552783966,
4.5170968770980835,
4.626915454864502,
4.837684333324432,
2.9376599192619324,
2.996801733970642,
5.0,
4.673284292221069,
5.0,
4.190225005149841,
5.000000596046448,
0.9291350841522217,
4.342759549617767,
4.5044684410095215,
4.9929478764534,
3.9654281735420227,
4.9873968958854675,
2.6676514744758606,
2.65046089887619,
4.955901801586151,
0.5665775388479233,
4.747650921344757,
4.633774757385254,
4.1949233412742615,
2.2459928691387177,
3.322223126888275,
4.7430261969566345,
4.691217541694641,
1.6302044689655304,
3.168591558933258,
4.854976832866669,
0.39125796407461166,
3.668707013130188,
4.983356297016144,
3.553621768951416,
0.9506755322217941,
4.85255241394043,
5.0,
4.019193053245544,
5.0,
4.1037872433662415,
5.0,
4.871066510677338,
5.000000596046448,
4.780035614967346,
4.252763986587524,
4.622792601585388,
4.490554332733154,
1.7547841370105743,
4.693556725978851,
3.4929651021957397,
4.0097737312316895,
4.426486492156982,
4.120478332042694,
5.0,
5.0,
4.549306333065033,
4.381773769855499,
4.010754227638245,
4.2432257533073425,
2.728126049041748,
3.478800058364868,
0.3621700406074524,
3.453778326511383,
4.876988232135773,
3.450969159603119,
4.048630595207214,
4.339077472686768,
4.724447727203369,
1.1059589684009552,
4.4493332505226135,
5.000000596046448,
4.058577120304108,
0.8411914855241776,
4.739128351211548,
5.000000596046448,
4.830484092235565,
4.748660922050476,
4.96803343296051,
4.812142848968506,
4.838578104972839,
4.791976809501648,
4.7300344705581665,
4.933661222457886,
4.86983448266983,
4.856514036655426,
4.0983083844184875,
3.965851068496704,
4.52331930398941,
4.247451722621918,
4.906596541404724,
2.224632352590561,
4.586381912231445,
4.886699318885803,
4.3123626708984375,
4.411431550979614,
4.641091525554657,
5.0,
5.0,
2.694794237613678,
4.8558127880096436,
4.640253186225891,
5.0,
4.781664311885834,
4.204941987991333,
4.806431531906128,
4.959239959716797,
5.0,
4.49678510427475,
4.831669628620148,
4.619854986667633,
4.39238965511322,
4.735747277736664,
4.840689599514008,
3.9745646715164185,
5.0,
4.429579973220825,
5.0,
4.60240364074707,
3.46041202545166,
3.8580426573753357,
4.568297266960144,
4.026545882225037,
4.75069522857666,
4.572087824344635,
5.0,
4.976924657821655,
4.627220034599304,
4.914872050285339,
4.933316111564636,
3.9053109288215637,
4.458232223987579,
0.45152172446250916,
0.5210064724087715,
4.329258501529694,
4.720658659934998,
4.770717620849609,
3.9323920011520386,
4.641091525554657,
4.443669021129608,
4.539899528026581,
4.791167974472046,
4.699767231941223,
4.06311571598053,
4.9633824825286865,
4.755088686943054,
4.9370187520980835,
4.876439571380615,
4.851659834384918,
4.7041574120521545,
4.014690816402435,
4.604479968547821,
4.977046251296997,
4.893394112586975,
4.290952682495117,
4.301174283027649,
4.945543110370636,
4.982962906360626,
3.5343557596206665,
1.0150536894798279,
4.575120508670807,
4.97496098279953,
4.9690937995910645,
5.0,
3.9414864778518677,
4.7629329562187195,
4.631325006484985,
4.627850651741028,
4.490554332733154,
2.5778940320014954,
4.65636134147644,
4.924620985984802,
4.986996054649353,
4.859531223773956,
4.876439571380615,
4.536365568637848,
4.915383458137512,
4.720225632190704,
4.686711430549622,
2.990008592605591,
5.000000596046448,
4.300850331783295,
4.7299328446388245,
1.4579977095127106,
0.2109946683049202,
4.729684293270111,
4.893724322319031,
4.642091691493988,
4.924620985984802,
4.708538353443146,
3.287484645843506,
4.6033501625061035,
4.269433319568634,
4.8510101437568665,
4.070747792720795,
1.126110777258873,
5.0,
5.0,
4.986464083194733,
4.0306031703948975,
4.735780954360962,
4.820533990859985,
4.49258953332901,
4.827395975589752,
4.7021108865737915,
4.586381912231445,
0.7275799661874771,
3.9462995529174805,
4.639858603477478,
4.366277456283569,
4.419976472854614,
4.7486865520477295,
4.865433573722839,
4.977503716945648,
3.221603035926819,
3.7983986735343933,
4.987393319606781,
4.184894859790802,
2.8637367486953735,
3.100321590900421,
2.194283604621887,
4.850012362003326,
4.866963028907776,
4.979855418205261,
4.658186733722687,
4.3830373883247375,
4.452241659164429,
4.503968954086304,
4.08748060464859,
2.9757705330848694,
4.880943596363068,
4.4421908259391785,
4.093992710113525,
4.7481971979141235,
4.379818439483643,
4.715035557746887,
5.000000596046448,
4.923499822616577,
2.5175192952156067,
4.4329944252967834,
4.141581654548645,
4.328862428665161,
4.068675637245178,
3.702959716320038,
3.688669502735138,
4.907277822494507,
5.0,
4.47324275970459,
4.4421908259391785,
4.3929266929626465,
1.2065736204385757,
4.938139021396637,
3.1440743803977966,
5.0,
4.317867457866669,
4.963211417198181,
1.2781636416912079,
4.503498077392578,
3.4340110421180725,
4.336444139480591,
3.849685490131378,
4.337056577205658,
4.73113089799881,
4.140981137752533,
1.9020944833755493,
4.410745799541473,
4.706724584102631,
4.897676110267639,
3.3744946122169495,
4.762484431266785,
4.789053201675415,
4.980772137641907,
4.674481153488159,
4.140550494194031,
4.7414737939834595,
4.82418030500412,
4.719559848308563,
4.274740517139435,
4.921906292438507,
4.87385094165802,
4.775932729244232,
4.644354581832886,
4.967643618583679,
4.874762296676636,
4.40434455871582,
5.0,
4.919699430465698,
4.8586305975914,
3.912963569164276,
4.409354329109192,
5.000000596046448,
4.582765102386475,
3.193393051624298,
5.0,
4.487640559673309,
4.820715487003326,
4.699162244796753,
3.797336518764496,
4.672184586524963,
3.710254728794098,
2.821461260318756,
1.0477235168218613,
4.852782189846039,
4.757104218006134,
2.4787181615829468,
4.840689599514008,
2.9131922125816345,
4.9715882539749146,
1.5108411014080048,
4.162214398384094,
4.494899213314056,
4.651209712028503,
5.000000596046448,
4.843795597553253,
4.49070006608963,
4.689096510410309,
3.6291128396987915,
3.365161418914795,
4.612259566783905,
4.405836760997772,
2.2185108065605164,
3.879774808883667,
4.468560218811035,
4.107941389083862,
4.797223806381226,
4.133817255496979,
0.8763542026281357,
5.000000596046448,
4.711550176143646,
4.443413019180298,
4.858245551586151,
2.821461260318756,
4.443413019180298,
1.516784131526947,
2.9132819175720215,
4.896257221698761,
2.3425322771072388,
4.854496121406555,
4.921434819698334,
4.819314777851105,
4.219300150871277,
4.8663705587387085,
4.796428084373474,
4.7127848863601685,
4.821536540985107,
3.0461889505386353,
4.8995742201805115,
4.213765859603882,
4.715856909751892,
4.830920398235321,
5.0,
1.0114111751317978,
4.768249690532684,
5.000000596046448,
4.7175270318984985,
4.667380154132843,
4.6578580141067505,
4.143661856651306,
4.515684247016907,
4.646577537059784,
5.0,
3.0626943707466125,
3.5168462991714478,
4.524029791355133,
2.930366098880768,
3.8567426800727844,
4.9316418170928955,
4.706735610961914,
5.0,
4.380975365638733,
4.674578607082367,
4.730055332183838,
4.2658281326293945,
0.8573678880929947,
4.495965838432312,
4.4329944252967834,
4.925462603569031,
4.309926331043243,
5.000000596046448,
4.926492869853973,
4.379818439483643,
3.1648072600364685,
1.2455514818429947,
4.68250036239624,
4.700717329978943,
4.915362000465393,
4.536177814006805,
4.609680473804474,
2.8502056002616882,
4.31331068277359,
0.9668291360139847,
3.837762773036957,
4.645342230796814,
5.0,
4.327835738658905,
0.6687244027853012,
2.410203218460083,
4.484381377696991,
4.066959917545319,
4.493427574634552,
3.903256356716156,
4.546986222267151,
3.5915473103523254,
4.439227283000946,
4.333535432815552,
4.7355398535728455,
4.356662333011627,
2.7550366520881653,
4.87899512052536,
4.6883562207221985,
4.926847219467163,
3.388562500476837,
3.609756827354431,
5.0,
4.93263304233551,
0.9499688446521759,
0.6302226334810257,
4.8126086592674255,
3.5668349266052246,
4.942480623722076,
3.6656761169433594,
0.4690632224082947,
4.859520196914673,
4.995622932910919,
4.481608271598816,
3.694104850292206,
5.0,
4.576069116592407,
4.351595938205719,
4.963044822216034,
3.2251718640327454,
2.945205271244049,
2.9131922125816345,
4.572771191596985,
4.541764259338379,
4.709098637104034,
1.2115193903446198,
4.977779388427734,
0.9056916832923889,
4.340606927871704,
5.000000596046448,
3.846685290336609,
3.5083934664726257,
4.807997643947601,
2.844017744064331,
4.597445130348206,
4.6801674365997314,
4.743390381336212,
4.336569309234619,
4.927297234535217,
4.509352743625641,
4.3839797377586365,
4.026290476322174,
3.3851060271263123,
2.558436095714569,
4.183797538280487,
2.2858425974845886,
4.174006283283234,
4.388321340084076,
4.570719003677368,
1.5236464142799377,
4.682022035121918,
4.75346565246582,
5.0,
4.312674701213837,
3.1733840703964233,
5.000000596046448,
4.850752651691437,
4.367741644382477,
4.8149773478508,
5.000000596046448,
4.073890447616577,
0.28446219861507416,
1.826852560043335,
4.913863837718964,
4.792843759059906,
4.722557365894318,
3.2783296704292297,
4.553775191307068,
4.303565621376038,
4.9141040444374084,
4.8343706130981445,
0.23887300863862038,
4.827854633331299,
3.6891067028045654,
4.293351769447327,
5.0,
3.829202651977539,
4.52826052904129,
0.09848194196820259,
4.707144498825073,
4.717145562171936,
4.970029592514038,
4.4142791628837585,
4.643875956535339,
4.0380701422691345,
3.501240611076355,
4.869704246520996,
4.89174097776413,
4.686790704727173,
5.000000596046448,
4.4463154673576355,
0.9598319977521896,
5.000000596046448,
4.270294904708862,
5.000000596046448,
4.2222291231155396,
5.0,
4.984174966812134,
4.498060941696167,
4.713250696659088,
3.4473490715026855,
4.952156841754913,
4.904617071151733,
5.000000596046448,
4.949205815792084,
4.699399173259735,
4.630901217460632,
5.0,
4.820646941661835,
4.295030236244202,
4.434526860713959,
4.361732006072998,
4.223518967628479,
0.3262365981936455,
5.0,
4.549306333065033,
5.000000596046448,
4.424338936805725,
4.670174419879913,
3.6086562275886536,
4.601530730724335,
4.930145740509033,
4.966504275798798,
1.6600766777992249,
4.962501525878906,
4.453542530536652,
4.2658281326293945,
5.0,
4.267711937427521,
3.832404911518097,
0.627131313085556,
4.729132354259491,
4.822855591773987,
1.3889594376087189,
5.000000596046448,
4.694879055023193,
4.769753813743591,
4.919513761997223,
4.698208868503571,
4.891663491725922,
4.441983103752136,
4.665582478046417,
3.827548027038574,
4.595583081245422,
4.567993581295013,
1.6908353567123413,
4.9369025230407715,
4.874810576438904,
4.810687899589539,
4.536914229393005,
4.670165181159973,
4.436472654342651,
4.564977586269379,
5.000000596046448,
4.956682920455933,
2.718825936317444,
4.441354274749756,
5.000000596046448,
4.356766045093536,
2.046850621700287,
5.000000596046448,
0.8472184836864471,
4.969357848167419,
4.964905083179474,
2.4114032089710236,
4.742336869239807,
4.563646912574768,
4.704914689064026,
4.881164729595184,
2.373928725719452,
3.9213144779205322,
5.0,
1.7852531373500824,
4.1941580176353455,
4.976949393749237,
4.044887721538544,
4.367741644382477,
4.204941987991333,
4.752335250377655,
4.35676634311676,
3.5004156827926636,
4.631127715110779,
4.506753385066986,
4.838578104972839,
3.5168462991714478,
3.7592005729675293,
4.558383524417877,
3.483962118625641,
4.802934527397156,
1.3323712348937988,
4.746037721633911,
4.93830680847168,
4.811104238033295,
5.0,
4.861466288566589,
4.896978735923767,
4.156814217567444,
2.886127233505249,
4.947746098041534,
3.5609087347984314,
3.6268705129623413,
4.850752651691437,
3.342999219894409,
4.952133595943451,
4.047067165374756,
4.319378137588501,
4.491128027439117,
3.9896395802497864,
4.517878592014313,
3.7465855479240417,
4.597711265087128,
4.7845882177352905,
4.821793437004089,
4.820416867733002,
5.0,
4.950251877307892,
0.9811650216579437,
5.000000596046448,
4.954234957695007,
4.627220034599304,
4.115549921989441,
4.487640559673309,
4.404731392860413,
4.595308899879456,
4.68900591135025,
4.546757936477661,
2.9377105832099915,
1.7541216313838959,
4.163569509983063,
0.8617809414863586,
4.854976832866669,
3.7818408012390137,
3.7340885400772095,
4.789531230926514,
3.786497712135315,
4.882435202598572,
4.861466288566589,
4.826677441596985,
4.866535663604736,
4.818377196788788,
4.058504104614258,
4.743772745132446,
3.1153669953346252,
4.22311544418335,
0.8411574363708496,
5.000000596046448,
4.49709951877594,
4.105912446975708,
4.278280735015869,
4.9581775069236755,
0.027170570101588964,
3.2620689272880554,
4.656670391559601,
4.479461312294006,
0.18050430342555046,
4.701337218284607,
3.0630847811698914,
4.752697050571442,
4.720225632190704,
5.000000596046448,
4.757980704307556,
4.572296440601349,
4.765267372131348,
2.046850621700287,
4.757078588008881,
4.803109765052795,
3.832594156265259,
0.7104597240686417,
4.262655675411224,
4.682578146457672,
5.0,
2.7947694063186646,
3.755353093147278,
4.732806086540222,
4.154569208621979,
0.8260886371135712,
4.52446311712265,
2.4020296335220337,
4.563646912574768,
4.567993581295013,
3.727121651172638,
3.4928476810455322,
4.680353105068207,
4.889797568321228,
4.626070261001587,
5.0,
5.0,
4.766731262207031,
2.873113453388214,
4.016098082065582,
2.6676514744758606,
4.731910526752472,
4.207963943481445,
4.958595633506775,
4.582929313182831,
4.610229730606079,
4.695127308368683,
4.635039269924164,
4.341803789138794,
3.831636607646942,
0.5652735382318497,
4.219554662704468,
5.0,
5.000000596046448,
3.534626066684723,
4.97413694858551,
4.781736135482788,
0.5388551577925682,
4.83525276184082,
2.74660587310791,
0.46152975410223007,
4.510825574398041,
4.264916777610779,
4.907566010951996,
4.876154661178589,
4.776332378387451,
4.977499544620514,
3.539009988307953,
4.908106625080109,
3.889441192150116,
4.629656076431274,
3.553607165813446,
4.439699649810791,
3.324020504951477,
4.883786737918854,
4.762851893901825,
-0.09664293378591537,
0.7913817465305328,
4.630782902240753,
5.0,
4.6228402853012085,
4.822697043418884,
5.0,
4.9763572216033936,
4.759805202484131,
4.073573052883148,
4.6056801080703735,
4.596597850322723,
4.838190972805023,
4.630143046379089,
5.0,
3.265228271484375,
4.712057411670685,
5.0,
4.716591835021973,
2.224632352590561,
4.5170968770980835,
4.301376938819885,
5.0,
4.930072128772736,
4.453877508640289,
3.6302071809768677,
4.461990594863892,
4.774061739444733,
4.1738128662109375,
4.584459364414215,
5.000000596046448,
4.0628305077552795,
4.60347056388855,
4.317927360534668,
4.7420534491539,
3.104465901851654,
4.614624083042145,
4.901731312274933,
4.319378137588501,
5.0,
3.7403783202171326,
3.848709762096405,
1.6178901493549347,
1.610656976699829,
4.732258915901184,
4.386523962020874,
3.8959383964538574,
4.7639453411102295,
0.9902913123369217,
3.7626034021377563,
4.803919494152069,
4.606225490570068,
4.058577120304108,
4.62929904460907,
4.493427574634552,
4.800126254558563,
4.78022575378418,
4.832969605922699,
4.663816392421722,
0.7598550617694855,
3.610398769378662,
4.61645781993866,
4.736673533916473,
3.429933786392212,
3.9691895246505737,
4.75069522857666,
4.399450421333313,
2.569401264190674,
5.0,
4.727277755737305,
3.833586871623993,
4.845145046710968,
3.8175833225250244,
5.0,
4.776537120342255,
4.777061641216278,
4.601273536682129,
4.049641788005829,
5.000000596046448,
4.93695467710495,
1.2155459821224213,
3.92307311296463,
4.930378496646881,
2.873113453388214,
2.4046319723129272,
4.715430736541748,
4.523182511329651,
4.952143430709839,
4.866754114627838,
5.0,
5.0,
4.206255674362183,
5.0,
0.6146370619535446,
4.880646467208862,
4.849996566772461,
5.000000596046448,
2.410203218460083,
3.0452382564544678,
4.36772882938385,
4.769550859928131,
4.953155517578125,
5.0,
4.327138662338257,
4.785610735416412,
4.802896678447723,
2.701561748981476,
4.696946442127228,
4.80533242225647,
3.440197706222534,
5.0,
1.6263729333877563,
4.6998947858810425,
2.9592832922935486,
4.416707754135132,
4.606075286865234,
4.351197779178619,
4.931062459945679,
4.893626570701599,
4.657617807388306,
1.4241017401218414,
4.52475368976593,
3.853417932987213,
5.000000596046448,
4.191794991493225,
3.6601409316062927,
5.000000596046448,
4.677258729934692,
4.651406407356262,
4.715856909751892,
0.8936029672622681,
4.869094789028168,
4.337066113948822,
5.0,
5.0,
4.5036011934280396,
4.788469672203064,
4.657688736915588,
4.726013243198395,
3.948417603969574,
5.0,
3.304099440574646,
4.860590696334839,
5.0,
4.678447842597961,
4.444985091686249,
4.843795597553253,
4.457240700721741,
4.367640912532806,
1.129927784204483,
4.381065666675568,
1.6245946288108826,
4.375346601009369,
5.0,
2.2878552973270416,
4.864944517612457,
4.742268323898315,
4.93528425693512,
5.0,
4.898958504199982,
3.2237255573272705,
4.8431894183158875,
4.031158685684204,
0.8948825299739838,
4.246872961521149,
4.895848631858826,
4.221735298633575,
5.0,
4.8082903027534485,
4.175978600978851,
4.796749949455261,
4.647292196750641,
4.391670525074005,
4.825693368911743,
0.7527250051498413,
4.714660048484802,
0.6682144850492477,
0.597047246992588,
4.702552556991577,
4.8062169551849365,
4.926847219467163,
4.869585335254669,
4.292202889919281,
5.000000596046448,
3.4838145971298218,
4.98268187046051,
4.9267542362213135,
4.585205614566803,
-0.22179508581757545,
4.436812400817871,
4.954078793525696,
5.000000596046448,
4.973334074020386,
4.777061641216278,
4.873263835906982,
4.071286618709564,
3.9283886551856995,
1.5033170580863953,
4.305657148361206,
4.825672805309296,
5.0,
4.9755993485450745,
4.675804674625397,
4.90082710981369,
3.0035006999969482,
3.9969703555107117,
4.564977586269379,
4.229898154735565,
1.7641445994377136,
3.5947072505950928,
4.7481971979141235,
4.3194580078125,
3.181118369102478,
4.997491836547852,
0.9487929940223694,
4.970870912075043,
4.963838756084442,
3.9637628197669983,
4.929307997226715,
2.8364089131355286,
4.70478892326355,
0.9692659229040146,
4.356766045093536,
4.618508517742157,
4.526301622390747,
3.6510440707206726,
4.8602622747421265,
4.852836430072784,
4.835435748100281,
4.695599675178528,
4.93164598941803,
4.850277006626129,
4.925500750541687,
4.932323396205902,
3.6547264456748962,
5.000000596046448,
4.753051698207855,
0.5492877960205078,
4.812541902065277,
3.745635151863098,
4.944951236248016,
4.704133868217468,
2.2459928691387177,
4.437478184700012,
4.9265411496162415,
4.785720407962799,
4.788601398468018,
4.791300296783447,
3.6393320560455322,
4.3971481919288635,
4.720008075237274,
1.6593949496746063,
1.1844002455472946,
4.916520714759827,
5.0,
4.852056801319122,
4.916025698184967,
3.934367299079895,
3.49394828081131,
0.7477518171072006,
4.983507692813873,
3.984227478504181,
3.5791653394699097,
3.572632372379303,
4.409414827823639,
4.939878880977631,
5.000000596046448,
4.729063808917999,
4.980897903442383,
4.363808035850525,
1.2367114424705505,
4.9463242292404175,
4.956989586353302,
4.724853038787842,
4.860014915466309,
4.399581253528595,
3.734006881713867,
4.527832567691803,
4.9424803256988525,
3.1648072600364685,
4.038303196430206,
3.5590746998786926,
5.0,
3.9854127168655396,
4.21076774597168,
4.272817373275757,
4.849420785903931,
4.16454404592514,
1.6496379673480988,
3.932822346687317,
4.7326600551605225,
4.899472892284393,
4.274269342422485,
4.87385094165802,
4.793903231620789,
5.0,
3.355657160282135,
4.738761484622955,
4.612460136413574,
3.3993467688560486,
5.0,
4.857062995433807,
4.550663232803345,
4.90923672914505,
5.0,
4.825693368911743,
4.345202744007111,
4.5371609926223755,
4.882860481739044,
4.286907315254211,
4.551307260990143,
4.977416396141052,
4.763989150524139,
4.339183568954468,
5.0,
3.6589452624320984,
4.408042132854462,
3.0362290143966675,
4.651854336261749,
4.953684210777283,
3.943680226802826,
4.715299904346466,
4.576074182987213,
4.879834353923798,
3.903256356716156,
3.4026169776916504,
4.850708842277527,
3.549010455608368,
4.461990594863892,
4.724533557891846,
1.8518391251564026,
3.984450399875641,
5.000000596046448,
4.508201777935028,
4.466043412685394,
4.267195761203766,
4.395493268966675,
0.4475715011358261,
5.000000596046448,
4.956739544868469,
4.865448176860809,
4.605579674243927,
4.9836266040802,
4.803109765052795,
4.533469080924988,
4.964919984340668,
4.462930262088776,
5.0,
5.000000596046448,
0.8539345115423203,
1.2494298815727234,
3.219630718231201,
4.627850651741028,
5.0,
3.7495458126068115,
4.600488543510437,
4.439181089401245,
4.94695246219635,
3.136560022830963,
3.4407010674476624,
4.557780027389526,
5.0,
3.5805997252464294,
4.571545720100403,
0.91326043009758,
3.7423229217529297,
4.252387285232544,
3.7480682134628296,
4.489447772502899,
4.737887680530548,
3.7826767563819885,
4.52475368976593,
4.351463615894318,
3.7379971146583557,
3.104465901851654,
3.8580426573753357,
4.786021411418915,
4.81011688709259,
3.998419940471649,
4.632239043712616,
5.0,
5.0,
4.429579973220825,
4.785029888153076,
5.0,
5.0,
1.254042237997055,
2.255210131406784,
4.806957542896271,
5.000000596046448,
4.058707356452942,
4.952109158039093,
4.827265739440918,
0.2534208819270134,
5.000000596046448,
3.5331058502197266,
4.938635528087616,
4.284977912902832,
5.0,
0.904298946261406,
3.3817490935325623,
5.0,
4.752087891101837,
4.9372804164886475,
4.80830043554306,
4.788896441459656,
4.448331296443939,
4.479937851428986,
4.415818154811859,
4.125718772411346,
3.829159438610077,
3.8499444723129272,
4.646577537059784,
4.273665249347687,
0.8411914855241776,
4.965908527374268,
4.677230715751648,
4.584467709064484,
4.813700914382935,
4.57300990819931,
4.51128214597702,
4.13603812456131,
4.920969009399414,
3.714682459831238,
2.897033989429474,
3.247535526752472,
4.909765720367432,
4.569274485111237,
4.327138662338257,
4.864090383052826,
4.8220494389534,
4.851218163967133,
4.6210819482803345,
4.720766246318817,
4.565085768699646,
4.850956499576569,
4.458637237548828,
3.168591558933258,
4.00206595659256,
3.396271765232086,
2.1626752614974976,
4.068643152713776,
4.994007647037506,
5.0,
4.992474317550659,
4.60489422082901,
4.062118828296661,
4.76630300283432,
4.071286618709564,
4.677258729934692,
4.619557857513428,
4.072924256324768,
3.8287848234176636,
4.433991611003876,
4.320315718650818,
4.6614667773246765,
3.4334024786949158,
4.432225823402405,
4.757104218006134,
4.625369012355804,
4.898519515991211,
3.9603424072265625,
4.921896755695343,
1.402125060558319,
4.274740517139435,
5.000000596046448,
4.041045308113098,
4.88803893327713,
1.0624977946281433,
5.0,
5.0,
2.5753700733184814,
0.7435142993927002,
5.000000596046448,
4.84007716178894,
4.013856947422028,
4.977086782455444,
4.504914581775665,
4.983225464820862,
4.276380240917206,
4.3399229645729065,
3.854687213897705,
5.000000596046448,
4.705759584903717,
3.9567992091178894,
5.0,
0.549030713737011,
5.000000596046448,
2.7269428968429565,
5.0,
5.0,
4.916756451129913,
4.917737245559692,
4.669584333896637,
5.000000596046448,
5.000000596046448,
4.320146143436432,
4.337310194969177,
5.0,
5.0,
4.7326600551605225,
4.014299511909485,
3.1293708086013794,
4.372875690460205,
3.2783296704292297,
1.598486304283142,
4.861235618591309,
1.8888968229293823,
4.928629398345947,
5.0,
4.578433632850647,
0.965304896235466,
1.101173684000969,
4.533024728298187,
4.564638435840607,
2.4164244532585144,
1.7113400995731354,
4.021329879760742,
4.729684293270111,
4.204473197460175,
4.935596585273743,
4.849399030208588,
4.499740898609161,
4.424501061439514,
4.632647633552551,
1.2475202232599258,
4.26623672246933,
4.5371609926223755,
4.757078588008881,
3.8641417026519775,
4.919513761997223,
4.9306321144104,
4.854171574115753,
3.829202651977539,
4.67172384262085,
3.837113380432129,
5.0,
4.57300990819931,
4.618508517742157,
4.556915760040283,
4.914199113845825,
4.7773706912994385,
4.811104238033295,
4.964471161365509,
4.9244555830955505,
4.898740351200104,
4.491128027439117,
4.255325198173523,
4.63944673538208,
1.0857898741960526,
4.604225158691406,
5.0,
4.7124505043029785,
1.984228789806366,
3.9859560132026672,
4.247451722621918,
4.310727119445801,
3.350922167301178,
4.3347761034965515,
4.895622730255127,
4.121513068675995,
4.908829629421234,
4.347494542598724,
1.9410417973995209,
4.941690266132355,
4.5333608984947205,
4.82163280248642,
4.951257109642029,
0.7854469120502472,
4.492618441581726,
3.317430317401886,
3.668707013130188,
3.6891067028045654,
4.498675167560577,
4.472968578338623,
4.756816327571869,
4.863799810409546,
4.965788424015045,
4.640700817108154,
4.038493633270264,
3.890921473503113,
3.5130423307418823,
4.375509321689606,
2.594427466392517,
3.8730576634407043,
4.758801162242889,
4.3466416001319885,
5.0,
5.000000596046448,
5.000000596046448,
4.970245361328125,
0.06463496945798397,
0.8981368690729141,
5.0,
4.839091897010803,
4.97397243976593,
4.813396334648132,
4.907128810882568,
3.11676949262619,
5.0,
3.953424096107483,
4.571791291236877,
4.5157647132873535,
4.114566147327423,
1.3702666759490967,
4.7819167375564575,
1.285235434770584,
5.0,
4.6228402853012085,
3.401462733745575,
2.5351130962371826,
3.3727583289146423,
4.801404178142548,
4.706743359565735,
5.0,
4.303946495056152,
4.907462298870087,
4.312335252761841,
4.983877539634705,
3.2222890853881836,
4.655874967575073,
4.927211403846741,
4.532266855239868,
4.251623153686523,
1.040802076458931,
4.506986439228058,
3.483962118625641,
5.0,
5.0,
4.643915295600891,
5.0,
4.8680102825164795,
3.4098485112190247,
3.5243195295333862,
3.5001835227012634,
4.400387406349182,
4.965780079364777,
4.584778547286987,
4.678412675857544,
4.14078414440155,
5.000000596046448,
4.4184958934783936,
5.0,
3.884822726249695,
4.32650089263916,
3.8439902663230896,
4.222553074359894,
5.0,
2.956543266773224,
3.910604417324066,
4.008717834949493,
4.875088334083557,
4.210394620895386,
3.3080431818962097,
2.929893434047699,
4.293088912963867,
4.317927360534668,
1.4423717558383942,
4.7176602482795715,
5.0,
4.797042608261108,
4.41253662109375,
3.553621768951416,
4.9717071652412415,
4.617345929145813,
4.085265398025513,
2.7282434701919556,
4.792547821998596,
4.7145214676856995,
4.630933105945587,
4.629833698272705,
4.94705855846405,
4.746917486190796,
5.0,
4.735372066497803,
5.000000596046448,
5.0,
4.877009987831116,
5.0,
0.9841246157884598,
4.599994122982025,
4.433718025684357,
4.679209887981415,
4.79990541934967,
3.9332926273345947,
4.070747792720795,
3.714933693408966,
4.935218691825867,
4.826841652393341,
4.850998222827911,
4.708571135997772,
3.391251266002655,
5.0,
1.323350965976715,
4.993134438991547,
4.930257201194763,
3.0722665786743164,
4.362746477127075,
3.4732070565223694,
4.379312992095947,
3.852704167366028,
0.9278061985969543,
4.923262000083923,
4.852222502231598,
4.642247259616852,
4.7680217027664185,
4.894617199897766,
3.317617177963257,
4.876988232135773,
4.453877508640289,
4.6188583970069885,
4.938524067401886,
1.532820612192154,
2.1003051102161407,
3.673006296157837,
4.4429099559783936,
4.408526122570038,
4.690008461475372,
4.869507849216461,
4.288225173950195,
3.9213144779205322,
4.842054545879364,
4.621280133724213,
4.847150146961212,
2.242012321949005,
4.635298848152161,
4.52331930398941,
4.710347056388855,
4.871951639652252,
2.411404103040695,
3.6196616291999817,
2.728126049041748,
5.000000596046448,
4.956696927547455,
5.0,
4.784201383590698,
0.437413714826107,
4.327484965324402,
5.000000596046448,
4.090036451816559,
4.762425124645233,
1.718161702156067,
4.796428084373474,
2.17327818274498,
4.038286507129669,
4.649586975574493,
4.8967185616493225,
4.487789273262024,
4.837057888507843,
4.04113233089447,
5.0,
4.753786623477936,
4.90985244512558,
4.988286197185516,
4.960872530937195,
4.8176392912864685,
0.9844537079334259,
3.6320412158966064,
4.991205930709839,
5.000000596046448,
3.478032648563385,
5.0,
4.456950426101685,
5.0,
4.52446311712265,
5.000000596046448,
3.492569327354431,
4.436472654342651,
3.7337109446525574,
4.507567286491394,
4.752016663551331,
4.801896810531616,
4.267304837703705,
3.6922231316566467,
3.819039463996887,
4.91859644651413,
4.884876608848572,
4.365856647491455,
4.7997963428497314,
4.607512950897217,
4.273146688938141,
3.951447010040283,
3.8392314314842224,
4.61390495300293,
4.868078529834747,
4.732182025909424,
4.656590223312378,
4.665582478046417,
4.2365217208862305,
5.000000596046448,
4.93304580450058,
5.0,
4.894906580448151,
4.338074624538422,
4.894614815711975,
5.000000596046448,
4.40867006778717,
4.922988414764404,
4.817953705787659,
4.43541020154953,
4.873963296413422,
3.399174213409424,
1.0722745209932327,
4.907417893409729,
1.471707820892334,
4.56796407699585,
5.000000596046448,
4.640498459339142,
4.674481153488159,
4.8798370361328125,
4.63216632604599,
0.5447585135698318,
4.693116247653961,
4.645933508872986,
5.0,
4.9141716957092285,
4.08839613199234,
4.127289950847626,
4.6644338965415955,
4.631033837795258,
5.0,
4.788615107536316,
4.323537349700928,
4.480844140052795,
4.602672457695007,
5.000000596046448,
0.2790375053882599,
4.829249978065491,
4.701833426952362,
4.777755439281464,
5.000000596046448,
4.7021108865737915,
3.104935884475708,
2.7055129408836365,
4.528087079524994,
4.347037076950073,
3.1249263882637024,
4.457240700721741,
4.937835335731506,
0.3570731356739998,
3.7838464975357056,
4.614750444889069,
4.4872090220451355,
4.742029309272766,
5.0,
2.9702892899513245,
3.458319902420044,
3.166099786758423,
5.0,
4.952808916568756,
5.0,
4.228618741035461,
5.000000596046448,
4.349648654460907,
4.1657555103302,
4.7386786341667175,
4.136340916156769,
0.7523327320814133,
4.434526860713959,
4.921199381351471,
4.580970406532288,
5.0,
4.6801674365997314,
4.823829233646393,
5.0,
4.175816476345062,
2.097459137439728,
2.2878552973270416,
4.82416570186615,
1.565626859664917,
3.441208600997925,
4.9874237179756165,
4.821857213973999,
4.252908229827881,
5.000000596046448,
4.97322142124176,
4.405663311481476,
4.40432608127594,
3.932821750640869,
4.886803030967712,
4.511026740074158,
4.74700391292572,
5.000000596046448,
3.5343557596206665,
3.127477467060089,
4.866375923156738,
4.1687968373298645,
4.7909292578697205,
4.977618455886841,
4.234575927257538,
0.39997804909944534,
4.578433632850647,
5.000000596046448,
0.47949425876140594,
2.8402411937713623,
4.751012325286865,
4.177538156509399,
0.9491612017154694,
4.771949946880341,
4.905253052711487,
4.110710620880127,
3.8065195083618164,
4.3222808837890625,
2.65046089887619,
5.0,
3.9596039056777954,
4.444244801998138,
4.777784049510956,
4.26623672246933,
4.926082491874695,
3.7371885776519775,
4.71762627363205,
4.860590696334839,
4.691745936870575,
1.5760459005832672,
4.561588168144226,
3.9910295605659485,
5.0,
2.996801733970642,
4.93751734495163,
4.669763147830963,
4.2829760909080505,
4.839028716087341,
4.4795361161231995,
5.000000596046448,
4.735803604125977,
4.722024500370026,
4.6685561537742615,
0.22750405594706535,
5.0,
4.9154773354530334,
4.630213677883148,
4.499138295650482,
4.401049017906189,
3.487623929977417,
4.652626216411591,
5.0,
4.941873252391815,
1.565619558095932,
1.5389721095561981,
5.000000596046448,
5.0,
4.992265701293945,
4.3974050879478455,
4.766679406166077,
3.626638650894165,
5.000000596046448,
4.263998568058014,
4.71079409122467,
4.730156064033508,
3.1834471225738525,
4.632748961448669,
5.0,
4.9852171540260315,
4.486188292503357,
4.850970506668091,
4.823350310325623,
4.941673278808594,
4.931774437427521,
4.2495739459991455,
4.767410457134247,
5.0,
4.551541209220886,
0.40952596813440323,
4.309926331043243,
4.624128043651581,
3.894631564617157,
5.0,
4.949226379394531,
2.7982696890830994,
4.342565834522247,
4.548336565494537,
4.679808616638184,
4.843385219573975,
3.8625478744506836,
4.974792003631592,
4.684405028820038,
3.4689879417419434,
4.830770194530487,
1.7438144981861115,
5.000000596046448,
4.808885753154755,
4.558500647544861,
4.97860461473465,
4.953684210777283,
4.839998483657837,
4.749185740947723,
1.0740582644939423,
3.771035373210907,
5.0,
5.0,
4.088009893894196,
5.0,
4.8437681794166565,
4.439003169536591,
4.107941389083862,
4.213765859603882,
5.0,
-0.2782386727631092,
4.756566882133484,
3.9323920011520386,
4.121513068675995,
4.865896701812744,
3.2380762696266174,
4.673777520656586,
4.353598654270172