4.2892202734947205,
4.956955015659332,
5.000000596046448,
4.780798256397247,
4.391980469226837,
4.615653455257416,
5.000000596046448,
4.9659112095832825,
3.0840346217155457,
4.161955416202545,
4.4648221135139465,
4.721585512161255,
4.768002927303314,
1.6703006625175476,
4.9945977330207825,
4.799478054046631,
3.4320837259292603,
4.858203232288361,
4.876910746097565,
4.630188941955566,
4.852400124073029,
4.81111079454422,
1.9081057608127594,
4.644541442394257,
0.22425085306167603,
4.86672967672348,
4.975863099098206,
3.552193343639374,
3.9576512575149536,
3.779602348804474,
4.669286608695984,
4.345645606517792,
4.5830658078193665,
4.749743938446045,
2.9343068599700928,
4.935309290885925,
4.4532641768455505,
4.833020567893982,
4.8960864543914795,
2.820211350917816,
4.961622357368469,
4.4358596205711365,
1.4955265820026398,
4.888513088226318,
4.853452146053314,
4.898951053619385,
4.627256989479065,
4.956527650356293,
4.095744490623474,
1.0084465146064758,
4.895727634429932,
5.0,
4.498936235904694,
4.85658198595047,
3.5730284452438354,
2.9937857389450073,
2.7894195914268494,
4.246613383293152,
4.820628464221954,
4.976777136325836,
4.870807528495789,
4.692699611186981,
4.9079084396362305,
4.265032410621643,
4.797335565090179,
4.62289422750473,
4.884040057659149,
3.994239866733551,
3.975543975830078,
4.8772889375686646,
4.114171862602234,
4.37720000743866,
2.7157506346702576,
4.899452030658722,
3.5430681705474854,
5.000000596046448,
4.615433514118195,
4.952895939350128,
4.045017659664154,
3.1776517629623413,
4.671239852905273,
4.999999403953552,
4.853452146053314,
4.792819917201996,
4.860108196735382,
4.875511825084686,
2.315319776535034,
4.700269997119904,
4.268858730792999,
4.489409327507019,
4.970520734786987,
4.993786513805389,
5.000000596046448,
4.45431113243103,
2.594727873802185,
4.777778089046478,
4.5657676458358765,
3.056941032409668,
4.230513274669647,
4.397614002227783,
4.852668642997742,
4.689256250858307,
2.9098227620124817,
4.601892530918121,
4.826923906803131,
4.958883821964264,
2.762809991836548,
4.491398930549622,
4.528627395629883,
4.542297422885895,
4.9414655566215515,
4.200833439826965,
4.883552193641663,
5.0,
4.265032410621643,
3.690512776374817,
4.96507465839386,
4.080028831958771,
4.959729611873627,
4.947346746921539,
4.891420006752014,
4.697655737400055,
4.578881859779358,
4.164513349533081,
4.228433072566986,
4.915445148944855,
4.969134032726288,
4.8389193415641785,
4.488106667995453,
4.037372171878815,
4.949776232242584,
4.705893695354462,
4.925481677055359,
4.1642144322395325,
1.5188777446746826,
4.272104799747467,
3.95865261554718,
4.641332924365997,
4.95241641998291,
4.635472297668457,
4.940954744815826,
4.286603331565857,
4.480623304843903,
4.683847427368164,
2.2741244733333588,
4.701054692268372,
5.0,
4.451220631599426,
3.8346612453460693,
4.664376080036163,
4.725719392299652,
4.677344262599945,
4.0343210101127625,
4.627090096473694,
4.130181670188904,
3.802703022956848,
4.344601035118103,
4.822780191898346,
4.91954505443573,
3.2275739312171936,
4.708308577537537,
5.0,
4.80774462223053,
3.6019858717918396,
4.95944082736969,
4.913719296455383,
5.000000596046448,
4.865247905254364,
4.821078181266785,
1.5631337463855743,
2.308015823364258,
3.5005778074264526,
4.2814043164253235,
4.72535252571106,
4.9339354038238525,
4.562501609325409,
4.778263866901398,
4.1566285490989685,
4.978319704532623,
4.974798858165741,
4.94416743516922,
4.841663241386414,
4.949434995651245,
4.645055532455444,
3.042905628681183,
4.9165937304496765,
4.8103901743888855,
4.980841875076294,
4.017197787761688,
4.015410840511322,
4.763104617595673,
4.301841557025909,
0.9111875295639038,
3.875519335269928,
4.515033960342407,
4.924602210521698,
4.74857896566391,
4.954851269721985,
4.383109509944916,
5.0,
4.412488043308258,
4.416347444057465,
0.7668422907590866,
4.057016968727112,
2.8255513310432434,
0.9549577534198761,
4.951044321060181,
2.033452093601227,
4.322907626628876,
4.86226350069046,
4.634768962860107,
5.000000596046448,
4.515991508960724,
4.5603883266448975,
4.91752028465271,
4.750711023807526,
4.211516082286835,
4.393473267555237,
0.4898606613278389,
4.507297575473785,
4.902308881282806,
4.049420654773712,
4.587318599224091,
3.950294256210327,
1.8404431641101837,
4.782527685165405,
4.809565842151642,
0.6438350677490234,
4.118366837501526,
2.4566462635993958,
4.950684010982513,
4.6303316950798035,
2.2519581019878387,
-0.4862646013498306,
4.675714671611786,
1.8025799095630646,
3.257400095462799,
4.887125492095947,
4.27529901266098,
5.000000596046448,
4.956749677658081,
4.471695125102997,
4.386986792087555,
3.588634729385376,
4.999999403953552,
4.956658780574799,
4.778322875499725,
4.637561142444611,
4.153125584125519,
4.649413824081421,
4.8000383377075195,
4.590193927288055,
4.694611132144928,
4.884893298149109,
4.93216872215271,
1.2214738875627518,
3.9986351132392883,
4.446096122264862,
4.797335565090179,
3.3872798085212708,
4.902606010437012,
4.93457168340683,
4.277502000331879,
4.989709258079529,
4.97657984495163,
0.9615834802389145,
4.966658353805542,
4.701000154018402,
4.950465261936188,
4.823939502239227,
5.0,
4.908528625965118,
4.717561602592468,
4.75067526102066,
3.568745255470276,
2.9813528060913086,
5.000000596046448,
4.990254342556,
3.086760640144348,
4.94228333234787,
4.751049280166626,
4.480494260787964,
4.7698089480400085,
3.4104278683662415,
4.734034240245819,
4.902585446834564,
4.078303873538971,
5.0,
4.9236708879470825,
2.0069651305675507,
1.364176869392395,
4.919154942035675,
1.945166438817978,
4.829949736595154,
4.67543751001358,
4.640145897865295,
5.0,
4.571219980716705,
1.1287230998277664,
3.55843186378479,
4.687987864017487,
4.384487569332123,
4.716717004776001,
4.9948835372924805,
4.798950552940369,
4.773517847061157,
4.165181219577789,
4.566026926040649,
4.508086740970612,
4.36748743057251,
4.860108196735382,
3.7820595502853394,
4.376300871372223,
4.5663657784461975,
4.43067729473114,
4.116339087486267,
4.573037624359131,
4.755668938159943,
4.286651313304901,
4.87935483455658,
4.179108142852783,
3.1826987862586975,
4.095582962036133,
4.68605637550354,
3.970406949520111,
4.683441519737244,
4.551089704036713,
4.202485978603363,
4.482172429561615,
3.7834784388542175,
4.326207339763641,
1.3701257109642029,
3.9295071363449097,
0.1331004500389099,
4.180908203125,
4.736340343952179,
4.972285330295563,
4.717728495597839,
2.95171320438385,
1.0418375581502914,
4.690649211406708,
4.677635431289673,
4.117850363254547,
4.848929941654205,
4.999999403953552,
2.407933622598648,
4.999999403953552,
4.958271682262421,
4.910377860069275,
4.804157018661499,
3.5895955562591553,
4.999999701976776,
4.124574959278107,
4.862488508224487,
4.7397685050964355,
4.225974082946777,
4.994073510169983,
5.000000596046448,
4.478835165500641,
3.9519211649894714,
4.312538206577301,
4.472833871841431,
1.6754063963890076,
3.8481155037879944,
4.763539731502533,
4.556533098220825,
4.54856276512146,
5.0,
4.84857052564621,
4.973489344120026,
4.925017058849335,
3.428322970867157,
3.4284964203834534,
4.141043126583099,
4.679213762283325,
4.949376285076141,
4.31767076253891,
5.000000596046448,
4.864244759082794,
4.951329231262207,
4.942610561847687,
4.953915774822235,
4.518708288669586,
4.799457788467407,
4.458822011947632,
0.4429107904434204,
4.820317625999451,
4.887126088142395,
4.2095947265625,
4.864289462566376,
4.950526654720306,
4.618200957775116,
4.182230234146118,
4.915293455123901,
4.4171470403671265,
4.009673595428467,
4.848670065402985,
4.777089059352875,
3.9547374844551086,
4.762797951698303,
0.9379428625106812,
4.944963455200195,
4.9669042229652405,
4.921441674232483,
4.345682859420776,
4.397614002227783,
4.944181442260742,
4.372358322143555,
3.6452022194862366,
4.578339159488678,
4.791691601276398,
3.597014546394348,
4.975573718547821,
4.228354394435883,
4.548589885234833,
4.686571657657623,
4.653721749782562,
4.973196387290955,
4.318792521953583,
4.4823795557022095,
4.600645899772644,
4.533825516700745,
5.000000596046448,
4.999999403953552,
4.521235227584839,
4.194342195987701,
4.46022629737854,
4.10337895154953,
5.0,
4.275575578212738,
4.88483190536499,
4.958271682262421,
4.9306535720825195,
4.802756905555725,
2.396998256444931,
4.5310550928115845,
4.342012107372284,
4.294389486312866,
4.850223660469055,
4.98509019613266,
2.2998152673244476,
5.0,
4.374045729637146,
4.52890157699585,
4.726064205169678,
4.895486533641815,
4.701342582702637,
3.9225271344184875,
4.9683815240859985,
1.2709999084472656,
3.367740511894226,
4.868624806404114,
3.09753954410553,
4.849896728992462,
4.755668938159943,
3.9638057351112366,
4.216089844703674,
4.016368091106415,
5.0,
3.0116698145866394,
4.894282221794128,
5.0,
4.675714671611786,
3.7434056401252747,
4.897454679012299,
4.919154942035675,
4.673567712306976,
4.847889542579651,
3.771701455116272,
4.876739084720612,
4.635956287384033,
2.3034287989139557,
4.6285393834114075,
4.508849084377289,
0.9426691383123398,
3.9418473839759827,
4.438919723033905,
4.7193443775177,
4.8176974058151245,
5.0,
4.467082917690277,
2.9003921151161194,
3.957490026950836,
4.718806445598602,
3.837159276008606,
3.793315589427948,
4.720933139324188,
5.0,
4.604300558567047,
4.792003035545349,
2.8881418704986572,
4.328186810016632,
3.9728567004203796,
4.652683138847351,
4.83880490064621,
4.4347792863845825,
4.355480372905731,
5.0,
2.804293632507324,
4.902485907077789,
4.999999403953552,
4.183747172355652,
5.0,
4.810464084148407,
4.988100230693817,
3.823692202568054,
4.6014997363090515,
4.9064987897872925,
4.627403914928436,
4.769195914268494,
4.9518883228302,
4.973934888839722,
4.515263140201569,
4.33429628610611,
4.6068960428237915,
4.925481677055359,
4.578551948070526,
4.79048490524292,
4.108679890632629,
4.874154329299927,
4.698430895805359,
4.521158933639526,
4.986405968666077,
4.711249768733978,
4.862630367279053,
4.2469289898872375,
3.5580849647521973,
4.748326241970062,
0.7222182303667068,
4.230773448944092,
4.799667596817017,
4.738612473011017,
3.885740637779236,
1.5391042828559875,
4.6696937084198,
5.0,
4.735291302204132,
4.267583191394806,
3.8651973009109497,
4.679277837276459,
4.918348789215088,
4.886582791805267,
4.2498475313186646,
4.82806921005249,
4.804407358169556,
4.84003484249115,
3.0073082447052,
4.815903306007385,
4.569566249847412,
4.447903037071228,
4.527158439159393,
3.033922016620636,
4.629281759262085,
4.992870390415192,
3.3901402354240417,
4.868549704551697,
4.928545951843262,
4.5019447803497314,
4.346961975097656,
4.823900759220123,
4.932701289653778,
4.5975470542907715,
4.9409231543540955,
4.309142827987671,
5.0,
4.384035170078278,
3.1338340044021606,
4.73426878452301,
4.909618496894836,
4.745692610740662,
4.6906909346580505,
4.97105747461319,
4.357360303401947,
4.36881422996521,
4.8856693506240845,
4.902603924274445,
4.367883205413818,
4.0929266810417175,
2.8521236777305603,
5.000000596046448,
3.1044182181358337,
5.000000596046448,
4.723787903785706,
4.571771025657654,
4.743747115135193,
4.186472296714783,
3.882158100605011,
4.559154212474823,
5.0,
4.923582673072815,
4.835740327835083,
3.9010727405548096,
4.982770681381226,
4.768270254135132,
4.3049174547195435,
3.5602954030036926,
4.242025911808014,
4.917267262935638,
4.402386248111725,
4.842304885387421,
4.64853435754776,
4.182655513286591,
5.000000596046448,
4.090000689029694,
4.999999701976776,
4.823331832885742,
3.8411831855773926,
4.413430690765381,
4.82869029045105,
4.544967710971832,
4.777168333530426,
3.8593679666519165,
3.8848677277565002,
5.0,
3.914794921875,
1.602436751127243,
4.892876744270325,
3.866244852542877,
4.787458181381226,
4.9275752902030945,
4.883512556552887,
4.587248265743256,
4.758782684803009,
4.930063188076019,
4.587843418121338,
4.522214233875275,
4.642194509506226,
4.151268303394318,
4.812514781951904,
3.926677703857422,
4.88560289144516,
4.999999701976776,
5.000000596046448,
3.1578731536865234,
4.049420654773712,
5.0,
4.372992217540741,
4.299130141735077,
2.1784937381744385,
1.6012589633464813,
4.756922721862793,
0.4921087250113487,
4.644066095352173,
1.8022467195987701,
4.709075093269348,
4.857855141162872,
4.674135446548462,
3.883512318134308,
4.367151856422424,
4.774874150753021,
4.999999403953552,
4.286651313304901,
3.1779497861862183,
4.976158440113068,
4.720298945903778,
4.245147109031677,
4.946105480194092,
4.999999701976776,
4.888091683387756,
4.959062039852142,
4.49176698923111,
4.795838296413422,
4.729824662208557,
4.517025351524353,
4.5413970947265625,
3.8593679666519165,
2.6914629340171814,
4.378290474414825,
4.907817542552948,
4.981928765773773,
4.646328687667847,
5.0,
4.833855330944061,
4.942193925380707,
4.4171470403671265,
5.000000596046448,
4.559690058231354,
0.04456325899809599,
4.837946593761444,
1.2239428609609604,
5.000000596046448,
4.143904447555542,
4.961622357368469,
0.8631070703268051,
4.138226807117462,
3.714154362678528,
1.7945505678653717,
4.726942777633667,
4.97121661901474,
4.914659559726715,
2.6992228627204895,
2.8711819648742676,
4.562824368476868,
4.894833564758301,
3.5815826058387756,
4.582196474075317,
4.694147109985352,
4.999999701976776,
3.3923113346099854,
4.1690993309021,
4.442523121833801,
5.000000596046448,
4.822502434253693,
4.3391647934913635,
3.391336500644684,
4.85200047492981,
4.730531871318817,
4.160060286521912,
4.698349237442017,
4.769253134727478,
4.722121357917786,
4.897681474685669,
4.987079501152039,
4.184280633926392,
4.236193895339966,
4.95092898607254,
5.0,
4.535265266895294,
4.638040661811829,
4.841830134391785,
2.9820695519447327,
4.587635397911072,
2.937953472137451,
4.098519682884216,
3.679738938808441,
4.977715313434601,
4.95366096496582,
3.042905628681183,
4.624731242656708,
4.804888367652893,
4.971161186695099,
1.2159930169582367,
2.873847186565399,
4.680066704750061,
4.8868173360824585,
1.2126640975475311,
4.579377174377441,
4.780377745628357,
1.1638742685317993,
4.779662489891052,
3.196980655193329,
4.694147109985352,
4.915813207626343,
3.948926031589508,
4.953046143054962,
4.6157506108284,
5.000000596046448,
4.737909436225891,
4.731161594390869,
5.0,
4.56504762172699,
4.890868067741394,
4.421321749687195,
3.294682800769806,
4.64630514383316,
4.52890157699585,
4.788210093975067,
4.479804635047913,
4.44666713476181,
4.956527650356293,
4.579884707927704,
4.907870888710022,
4.42530632019043,
4.565122127532959,
4.1929808259010315,
4.598239064216614,
4.65026468038559,
4.749583303928375,
4.5199450850486755,
4.946834743022919,
4.913106560707092,
1.8025799095630646,
4.779603183269501,
4.708548188209534,
3.2159414887428284,
4.34582382440567,
3.594377040863037,
4.6767860651016235,
3.85471910238266,
4.94269996881485,
4.953895807266235,
4.905675649642944,
4.863101243972778,
4.999999701976776,
5.000000596046448,
4.561510682106018,
2.1973270177841187,
4.700475037097931,
4.013307690620422,
3.6084991693496704,
4.999999403953552,
4.718385934829712,
2.021610587835312,
4.872940480709076,
4.900104403495789,
3.1526365876197815,
4.823881387710571,
4.944077432155609,
4.903525412082672,
4.297661781311035,
4.5879921317100525,
4.698459208011627,
4.95023250579834,
4.309142827987671,
4.942741096019745,
4.637042880058289,
2.426992952823639,
4.681849181652069,
4.645349383354187,
0.14613250270485878,
4.956459105014801,
5.0,
4.827142655849457,
0.6724934279918671,
4.5662721991539,
3.9443260431289673,
5.000000596046448,
4.804134666919708,
4.309996962547302,
2.4501319229602814,
1.6848820447921753,
1.1616452038288116,
5.000000596046448,
4.639323651790619,
4.660136699676514,
4.5026034116744995,
4.578046202659607,
4.33387964963913,
5.000000596046448,
4.66141551733017,
4.611032009124756,
4.880096018314362,
4.685511887073517,
4.852673411369324,
4.386986494064331,
4.758677780628204,
4.782527685165405,
5.0,
4.878473579883575,
4.679277837276459,
3.9065778255462646,
4.903537034988403,
4.77921187877655,
4.633620977401733,
4.95263010263443,
1.08989879488945,
4.625794291496277,
4.7828733921051025,
4.458904564380646,
4.611082673072815,
4.141968488693237,
3.4425029158592224,
5.000000596046448,
4.682173132896423,
4.822157621383667,
4.766243100166321,
4.951283931732178,
4.936348795890808,
4.778322875499725,
4.740967750549316,
5.0,
3.5650986433029175,
4.68865841627121,
4.2008087038993835,
4.362915754318237,
5.000000596046448,
4.690006375312805,
3.4535109996795654,
4.356807470321655,
4.678681492805481,
4.079636335372925,
4.854577481746674,
4.833695888519287,
4.986191093921661,
4.538803696632385,
4.539056420326233,
2.589494287967682,
4.113816916942596,
4.853391349315643,
3.1508493423461914,
2.6185977458953857,
4.677239656448364,
4.694611132144928,
0.7959131896495819,
4.256672561168671,
4.7194743156433105,
4.961023330688477,
4.745878875255585,
5.0,
5.0,
4.587843418121338,
3.1044182181358337,
4.7951072454452515,
4.4823795557022095,
4.491717517375946,
4.961617290973663,
4.90254133939743,
4.048292338848114,
4.814072549343109,
4.9815234541893005,
4.0914711356163025,
4.929474890232086,
4.979323446750641,
4.896061718463898,
4.3372029066085815,
4.3927001953125,
3.5388749837875366,
4.259390830993652,
5.000000596046448,
4.392874836921692,
4.419887065887451,
5.0,
1.5007136762142181,
4.915663301944733,
3.0656200647354126,
4.38877671957016,
3.5157018899917603,
2.7831321954727173,
4.789879024028778,
3.3592405915260315,
4.151990115642548,
4.743488132953644,
4.9424320459365845,
4.9366044998168945,
4.281283617019653,
0.455445796251297,
4.875300228595734,
3.5666415095329285,
1.1349617689847946,
4.557901918888092,
4.024249613285065,
4.544863700866699,
4.607077240943909,
4.6483612060546875,
2.130725085735321,
4.639908075332642,
4.677395224571228,
5.0,
3.587292432785034,
4.972441792488098,
1.4067347347736359,
4.868624806404114,
4.801613390445709,
4.350520670413971,
4.81851190328598,
4.446528255939484,
4.476696848869324,
4.7649118304252625,
4.706323146820068,
2.0515386760234833,
4.977564215660095,
1.5347592532634735,
4.904236197471619,
5.0,
5.000000596046448,
4.999999403953552,
4.709075093269348,
4.582089483737946,
3.391336500644684,
4.928417801856995,
4.1301339864730835,
4.724791944026947,
4.798002541065216,
4.155758619308472,
0.4802471399307251,
3.907158076763153,
4.516933858394623,
4.308533668518066,
4.785772860050201,
4.881573021411896,
4.578508734703064,
4.999999701976776,
3.7884706258773804,
4.691956043243408,
4.406473934650421,
3.557695150375366,
4.605500400066376,
5.000000596046448,
3.9923495054244995,
4.818086624145508,
5.0,
4.881296753883362,
4.5674049854278564,
4.26489531993866,
4.7746893763542175,
4.704091250896454,
3.776196539402008,
4.310436248779297,
1.3588684797286987,
4.946885108947754,
1.1591462790966034,
1.736292839050293,
3.0826708674430847,
4.799667596817017,
2.7668195962905884,
4.842915236949921,
4.673661887645721,
4.2655149102211,
2.4537423253059387,
4.241127669811249,
4.873638153076172,
4.959374368190765,
5.0,
3.974786102771759,
4.05318021774292,
4.810561835765839,
4.726709425449371,
4.6339985728263855,
4.92876261472702,
4.708824157714844,
4.740967750549316,
5.000000596046448,
4.938099384307861,
2.3121947050094604,
4.753750562667847,
3.9792048931121826,
4.232975244522095,
4.416218996047974,
4.449109435081482,
4.7548046708106995,
0.7893704622983932,
4.481470584869385,
4.813002645969391,
3.828093707561493,
4.515263140201569,
3.4507837891578674,
4.209270179271698,
3.4843015670776367,
4.683226943016052,
4.669996798038483,
3.020818829536438,
3.5203155875205994,
4.2177605628967285,
4.807389974594116,
4.983641803264618,
2.5354406237602234,
4.868482053279877,
4.98771458864212,
4.646260142326355,
2.291169762611389,
4.509482681751251,
4.72574383020401,
4.772821366786957,
4.952942132949829,
4.761277139186859,
4.408005177974701,
4.887956976890564,
4.739143252372742,
4.644541442394257,
4.088029563426971,
4.931780695915222,
3.5978424549102783,
4.58477646112442,
4.702441394329071,
4.118379056453705,
5.0,
2.648443281650543,
-0.652334913611412,
4.193014204502106,
4.375787377357483,
4.829860031604767,
3.056941032409668,
4.833108484745026,
4.823331832885742,
2.9098227620124817,
3.8909024000167847,
4.980166256427765,
4.91195023059845,
5.000000596046448,
1.104607805609703,
5.000000596046448,
4.383210241794586,
4.80960339307785,
4.383088648319244,
4.374234080314636,
4.779603183269501,
4.442525207996368,
4.433524012565613,
4.934356212615967,
4.4512417912483215,
2.0164184272289276,
4.8745012283325195,
4.8332637548446655,
4.294389486312866,
5.000000596046448,
4.4966647028923035,
4.7506654262542725,
5.0,
4.685782194137573,
5.0,
4.713602960109711,
4.424802660942078,
4.515695869922638,
4.403122961521149,
4.6710264682769775,
5.0,
4.712775945663452,
4.9067071080207825,
4.938099384307861,
4.625142514705658,
5.0,
4.848688840866089,
4.170983731746674,
4.517025351524353,
4.486793875694275,
4.207375645637512,
4.429284334182739,
4.825446307659149,
2.9809316992759705,
4.50621634721756,
4.511061012744904,
4.547527730464935,
5.000000596046448,
3.7465879321098328,
4.5165324211120605,
4.31479811668396,
4.764224290847778,
4.944963455200195,
5.0,
1.0120979696512222,
4.71547394990921,
4.845689237117767,
4.838377833366394,
1.1994323134422302,
4.8406049609184265,
4.792819917201996,
4.852668642997742,
4.984966218471527,
4.310507774353027,
4.911911487579346,
4.141369163990021,
3.5254669189453125,
5.0,
4.587318599224091,
4.511061012744904,
5.000000596046448,
-0.021243395749479532,
4.8332637548446655,
2.7962639927864075,
4.102170765399933,
3.3901402354240417,
4.793021082878113,
3.4950366616249084,
4.555034637451172,
4.953771531581879,
4.911611378192902,
4.47664201259613,
5.0,
4.8812806606292725,
4.862488508224487,
3.375449776649475,
2.4156615138053894,
1.423482596874237,
4.911138713359833,
2.757001519203186,
4.253532886505127,
4.79151725769043,
4.690077900886536,
4.822235703468323,
3.1137359142303467,
4.9684858322143555,
4.558659791946411,
5.0,
4.814072549343109,
4.733875393867493,
4.61422324180603,
4.606095552444458,
4.6339985728263855,
3.4211310744285583,
4.624731242656708,
4.947680234909058,
2.309200018644333,
4.93216872215271,
4.674753546714783,
4.967376887798309,
-0.06074241362512112,
4.016368091106415,
4.975573718547821,
5.0,
2.5581103563308716,
4.2947810888290405,
4.703726768493652,
5.000000596046448,
4.5674049854278564,
4.424802660942078,
4.8494890332221985,
4.529199600219727,
4.242399334907532,
4.792303442955017,
4.692299067974091,
2.7831321954727173,
4.340319335460663,
4.838180840015411,
5.0,
5.0,
3.394075632095337,
3.8437870144844055,
4.841830134391785,
4.769445955753326,
4.927445650100708,
4.851216971874237,
4.255481958389282,
4.3552365899086,
4.965195059776306,
4.6209681034088135,
2.1981066465377808,
4.6548691391944885,
4.852666854858398,
4.6351358294487,
4.409373998641968,
4.367496073246002,
4.220180511474609,
3.5203155875205994,
4.886633455753326,
4.598736464977264,
4.769253134727478,
5.0,
5.0,
5.000000596046448,
4.718806445598602,
4.314195513725281,
4.384099543094635,
4.55457478761673,
4.810330271720886,
3.5650986433029175,
4.43081259727478,
4.8784878849983215,
4.979388117790222,
4.500838816165924,
4.830344617366791,
4.999999701976776,
4.776124656200409,
4.543450474739075,
4.572930932044983,
0.5334816500544548,
4.269504249095917,
4.999999403953552,
4.863614141941071,
3.719804286956787,
4.741774499416351,
4.392200410366058,
4.01968240737915,
4.901548326015472,
4.276317656040192,
1.3253647089004517,
4.914617836475372,
2.9003921151161194,
4.718177914619446,
3.2675984501838684,
5.0,
4.803944826126099,
4.96221125125885,
3.953310251235962,
4.449038207530975,
4.48294073343277,
4.995194971561432,
4.838055372238159,
4.490620195865631,
4.615038335323334,
4.520578980445862,
4.619514048099518,
4.843535423278809,
3.7820595502853394,
4.71281886100769,
2.6143810153007507,
4.646049439907074,
4.4471243023872375,
4.0768977999687195,
3.6794447898864746,
3.7311896681785583,
4.270746409893036,
4.774874150753021,
4.704728424549103,
4.952370524406433,
4.507375061511993,
2.884112000465393,
4.640428125858307,
4.9869900941848755,
4.241127669811249,
4.764059484004974,
1.3369454443454742,
3.9401432871818542,
3.926020860671997,
4.6450090408325195,
4.932558536529541,
4.785806238651276,
1.911863386631012,
4.89997535943985,
3.112928569316864,
3.342720866203308,
4.128520488739014,
4.9744802713394165,
4.687987864017487,
4.493689239025116,
5.000000596046448,
3.7747585773468018,
4.919536113739014,
2.548794448375702,
3.818938732147217,
3.909647762775421,
4.899353981018066,
4.872927665710449,
4.057704508304596,
4.715231955051422,
4.9165090918540955,
4.356807470321655,
4.582089483737946,
3.9576512575149536,
4.591535329818726,
4.375787377357483,
4.9118682742118835,
2.621987462043762,
4.720625281333923,
4.1905927658081055,
5.0,
4.7438472509384155,
4.952809512615204,
4.5856717228889465,
4.6792420744895935,
4.12019670009613,
4.9349939823150635,
4.558633267879486,
2.7858763933181763,
4.999999403953552,
4.512707591056824,
0.4350000247359276,
4.962570667266846,
4.592709541320801,
4.92004930973053,
4.947691857814789,
4.579460322856903,
4.191528260707855,
4.611082673072815,
4.868549704551697,
3.5916203260421753,
4.962233603000641,
4.265114665031433,
4.999999701976776,
4.295841455459595,
4.902521073818207,
4.498858153820038,
3.77753347158432,
1.1779917031526566,
4.380773901939392,
4.90427166223526,
4.175052344799042,
4.769195914268494,
4.543872773647308,
1.9427543878555298,
4.923979341983795,
4.343374669551849,
1.6012589633464813,
4.993761479854584,
4.375772476196289,
4.932636320590973,
4.999999701976776,
4.662940502166748,
4.86271470785141,
4.518708288669586,
5.0,
4.120720624923706,
4.698484241962433,
4.700475037097931,
4.7443923354148865,
4.93723601102829,
4.386356174945831,
4.907188415527344,
4.80069637298584,
1.7001326382160187,
4.409373998641968,
5.0,
4.544068872928619,
4.802756905555725,
4.758099317550659,
4.80724573135376,
4.937040209770203,
4.817959368228912,
4.904236197471619,
4.621184468269348,
1.4156413078308105,
4.919870495796204,
5.000000596046448,
4.524459540843964,
4.266926944255829,
4.892482161521912,
2.188487946987152,
4.764569997787476,
5.0,
4.9669042229652405,
4.868974089622498,
4.614390134811401,
5.000000596046448,
4.286844432353973,
4.606560170650482,
0.13901322148740292,
4.999999701976776,
4.999999701976776,
4.79988694190979,
4.896522164344788,
4.882365167140961,
4.798002541065216,
5.0,
4.292645454406738,
4.874229431152344,
3.7514644861221313,
4.827077090740204,
4.999999701976776,
4.913444519042969,
4.773128032684326,
4.220180511474609,
4.825766980648041,
4.50909823179245,
2.4781297147274017,
4.091055691242218,
3.2469823956489563,
4.739865660667419,
4.847643971443176,
4.856327176094055,
4.648933112621307,
1.4582952857017517,
4.28636759519577,
4.6068960428237915,
4.896061718463898,
4.809565842151642,
3.776385188102722,
5.0,
4.728649258613586,
4.935068488121033,
4.697616994380951,
3.647799789905548,
4.848688840866089,
4.930894076824188,
4.680842757225037,
2.5146377086639404,
2.80192106962204,
3.1104159355163574,
4.979583919048309,
4.799478054046631,
3.818938732147217,
4.338068664073944,
5.0,
4.506015479564667,
4.6806663274765015,
4.853307902812958,
2.197425067424774,
4.180495738983154,
4.887126088142395,
-0.05667904857546091,
4.969140887260437,
4.976966083049774,
5.0,
4.9184152483940125,
4.342215061187744,
4.742206037044525,
4.6548691391944885,
4.901973307132721,
4.728649258613586,
4.791691601276398,
3.0484971404075623,
4.366460144519806,
4.297418892383575,
4.98771458864212,
3.2554563879966736,
3.09736430644989,
4.98816192150116,
1.1633758246898651,
2.1451453864574432,
3.9655622839927673,
4.1025710105896,
4.0914711356163025,
4.758782684803009,
4.666862487792969,
4.574205577373505,
5.0,
4.868682324886322,
3.5973146557807922,
4.955448806285858,
4.766184389591217,
4.442503750324249,
3.9373549818992615,
4.838811755180359,
3.6853134632110596,
4.649589657783508,
4.620508551597595,
4.749129414558411,
4.762675762176514,
4.738182425498962,
4.915445148944855,
4.194342195987701,
4.999999701976776,
4.880450963973999,
4.521657824516296,
4.897923469543457,
5.0,
4.999999701976776,
3.0563196539878845,
1.4393945038318634,
4.2996469140052795,
5.0,
4.30190771818161,
4.4864606857299805,
5.0,
5.0,
5.0,
4.0461426973342896,
5.0,
4.094406962394714,
1.6935919225215912,
4.960346519947052,
2.505275011062622,
4.962011277675629,
4.749600887298584,
4.588252604007721,
4.959172606468201,
4.211516082286835,
4.187491238117218,
4.846024811267853,
4.016587734222412,
4.982012212276459,
4.9416521191596985,
4.7320109605789185,
4.976833164691925,
4.981365501880646,
5.0,
4.705819189548492,
4.7126659750938416,
4.630594253540039,
4.851419925689697,
4.966814815998077,
5.0,
3.1508493423461914,
4.938354790210724,
4.912146329879761,
4.903641939163208,
1.38099804520607,
3.735557794570923,
4.86219197511673,
5.0,
4.9110254645347595,
4.919176697731018,
3.8411831855773926,
4.74000096321106,
4.9304890632629395,
3.8519853353500366,
4.126811623573303,
4.407763183116913,
4.802966415882111,
2.4509352445602417,
3.3885812759399414,
5.000000596046448,
4.820753037929535,
5.000000596046448,
4.67543751001358,
5.0,
0.8835015445947647,
4.824116230010986,
4.35903012752533,
4.943012595176697,
4.57412987947464,
4.938068687915802,
4.866465330123901,
4.074451327323914,
4.936588108539581,
2.360864579677582,
4.907654523849487,
4.566120207309723,
4.511029422283173,
2.098153680562973,
3.086760640144348,
4.702441394329071,
4.491717517375946,
0.793563649058342,
3.2580214738845825,
4.924088418483734,
1.1989829689264297,
4.764850735664368,
4.976024329662323,
2.219778299331665,
0.4285392537713051,
4.441902935504913,
5.0,
4.632764160633087,
5.000000596046448,
4.433213770389557,
5.000000596046448,
4.882281124591827,
5.0,
4.962082505226135,
4.299285411834717,
3.927719295024872,
4.732189476490021,
1.7975880205631256,
4.74546492099762,
3.8532787561416626,
3.267335593700409,
4.3930938839912415,
4.2800915241241455,
5.000000596046448,
5.0,
4.715952277183533,
4.326207339763641,
2.7993303537368774,
4.060778915882111,
1.8165181577205658,
2.3434539139270782,
-0.3083665855228901,
3.3473598957061768,
4.792201817035675,
2.730236053466797,
4.559807479381561,
4.4526007771492,
4.798330664634705,
0.24000566452741623,
4.238436222076416,
5.000000596046448,
3.90633761882782,
1.4854443073272705,
4.889757037162781,
4.999999701976776,
4.887137413024902,
4.771428108215332,
4.963809847831726,
4.878704249858856,
4.815976619720459,
4.764224290847778,
4.880146384239197,
4.967216849327087,
4.731883108615875,
4.953771531581879,
4.496346712112427,
4.196893274784088,
3.9755472540855408,
4.032140374183655,
4.866112172603607,
4.081575572490692,
4.672624468803406,
4.739093482494354,
3.9392340183258057,
3.702225983142853,
4.817748963832855,
5.000000596046448,
4.999999403953552,
3.0787882208824158,
4.803643822669983,
4.771048128604889,
4.999999403953552,
4.803638756275177,
4.122152924537659,
4.9062880873680115,
4.947679936885834,
5.0,
4.718385934829712,
4.201376438140869,
3.1826987862586975,
4.326014518737793,
4.641416966915131,
4.914012253284454,
3.638017177581787,
5.000000596046448,
4.25970733165741,
5.0,
4.309996962547302,
3.6896169185638428,
4.262409508228302,
3.643835186958313,
4.709314703941345,
4.690396785736084,
4.763197898864746,
5.000000596046448,
4.960873126983643,
4.211789071559906,
4.833962321281433,
4.937040209770203,
3.55843186378479,
4.707531630992889,
1.7574039101600647,
0.296083465218544,
4.438661336898804,
4.415551424026489,
4.880096018314362,
4.507468640804291,
4.817748963832855,
4.350001513957977,
4.606095552444458,
4.851992428302765,
4.497011601924896,
4.432662129402161,
4.930063188076019,
4.821112751960754,
4.8042526841163635,
4.843331873416901,
4.713453054428101,
4.312647581100464,
4.165181219577789,
4.80695366859436,
4.98509019613266,
4.702444076538086,
4.58477646112442,
4.192590415477753,
4.927980303764343,
4.985902011394501,
4.0187618136405945,
1.5568733215332031,
4.9532777070999146,
4.733508229255676,
4.974323213100433,
5.0,
4.512836337089539,
4.738488495349884,
4.141593277454376,
4.0788644552230835,
4.732189476490021,
1.7401917278766632,
4.71529096364975,
4.671483933925629,
4.975998401641846,
4.5310550928115845,
4.843331873416901,
4.551277458667755,
4.963542819023132,
4.456695318222046,
4.6985262632369995,
4.5413970947265625,
4.999999701976776,
4.590170085430145,
4.909361302852631,
0.30647626146674156,
0.7605236768722534,
4.546685814857483,
4.734034240245819,
4.697350859642029,
4.671483933925629,
4.80069637298584,
4.101782441139221,
3.974786102771759,
4.587248265743256,
4.610121846199036,
3.5978442430496216,
0.8041612803936005,
4.999999701976776,
4.999999701976776,
4.988608658313751,
4.342685043811798,
4.5133814215660095,
4.666942358016968,
4.818759858608246,
4.575487375259399,
4.594515562057495,
4.672624468803406,
0.7494578510522842,
4.250836968421936,
4.544863700866699,
4.667825400829315,
4.54683393239975,
4.501486718654633,
4.904602766036987,
4.9663373827934265,
3.8977551460266113,
3.9295071363449097,
4.954908192157745,
4.774940609931946,
3.8367629051208496,
2.72161602973938,
1.568015217781067,
4.817025065422058,
4.95023250579834,
4.980507791042328,
4.8336827754974365,
4.6295371651649475,
4.521235227584839,
4.540555477142334,
3.5254669189453125,
2.4652287364006042,
4.6290212869644165,
4.281658828258514,
4.6906909346580505,
4.646917283535004,
3.407525420188904,
4.891693592071533,
4.999999701976776,
4.951060116291046,
1.9829560816287994,
3.972865641117096,
4.0929314494133,
4.507375061511993,
4.76323127746582,
3.924611210823059,
4.3772488832473755,
4.905469715595245,
5.0,
3.926677703857422,
4.281658828258514,
3.3592405915260315,
3.0786097049713135,
4.932636320590973,
2.2945716977119446,
5.0,
4.745447635650635,
4.991827607154846,
0.9516369551420212,
4.450652301311493,
2.95171320438385,
4.101840853691101,
4.347405731678009,
4.122449457645416,
4.806815683841705,
3.830157518386841,
2.836654782295227,
4.33971494436264,
4.590193927288055,
4.825390577316284,
3.987405300140381,
4.932701289653778,
4.876754879951477,
4.980030059814453,
4.885740876197815,
4.6792420744895935,
4.820733368396759,
4.808010160923004,
4.626066982746124,
3.0404019355773926,
4.743747115135193,
4.787338078022003,
4.2338502407073975,
4.742210805416107,
4.968970417976379,
4.766394197940826,
4.300364255905151,
4.999999701976776,
4.953992962837219,
4.905675649642944,
4.198781251907349,
4.109955132007599,
4.999999701976776,
4.87831175327301,
3.4404966235160828,
5.0,
4.937218129634857,
4.87427294254303,
4.298991858959198,
4.549551010131836,
4.866831600666046,
2.873847186565399,
2.2409607470035553,
0.5846041440963745,
4.903537034988403,
4.01373565196991,
1.7708122730255127,
4.914012253284454,
4.083277583122253,
4.956584572792053,
1.407856047153473,
4.361494779586792,
4.271182417869568,
4.266926944255829,
5.0,
4.714140594005585,
4.749600887298584,
4.911590218544006,
2.6493191719055176,
3.418130874633789,
4.738182425498962,
4.664509892463684,
1.850782334804535,
3.33831250667572,
4.700010716915131,
3.7208375334739685,
4.967150986194611,
2.6185977458953857,
1.230524256825447,
4.999999701976776,
4.686037302017212,
4.7539222240448,
4.858903884887695,
2.2409607470035553,
4.7539222240448,
1.4781589806079865,
3.851211667060852,
4.944922924041748,
2.4537423253059387,
4.6816617250442505,
4.9461111426353455,
4.65937614440918,
4.5998552441596985,
4.759029150009155,
3.630668818950653,
4.558564722537994,
4.861589074134827,
4.1642144322395325,
4.951494038105011,
4.781523942947388,
4.296660125255585,
4.338169991970062,
4.999999701976776,
1.3857753574848175,
4.823428094387054,
4.999999701976776,
4.729496240615845,
4.856662154197693,
4.790840744972229,
4.286603331565857,
4.780646860599518,
4.680436849594116,
5.0,
3.8062334060668945,
4.215515851974487,
4.031231105327606,
3.5588279366493225,
4.66229647397995,
4.908184707164764,
4.858885407447815,
5.0,
4.29884135723114,
4.495134651660919,
4.503798484802246,
3.900444507598877,
3.0061662197113037,
4.733954071998596,
3.972865641117096,
4.927621781826019,
4.658295214176178,
5.0,
4.884299635887146,
3.407525420188904,
3.6786460876464844,
0.5262744054198265,
4.441668093204498,
4.690907895565033,
4.784175753593445,
4.896038472652435,
4.418278336524963,
2.5581103563308716,
3.837987184524536,
-0.14660666696727276,
4.077114760875702,
4.54183042049408,
5.0,
4.4921064376831055,
2.0606063306331635,
3.2686328887939453,
4.4246867299079895,
4.597784578800201,
4.5185741782188416,
3.3742862939834595,
4.67646986246109,
3.3341869711875916,
4.527891278266907,
4.105795323848724,
4.885532855987549,
4.49625164270401,
0.8400116115808487,
4.928545355796814,
4.766424596309662,
4.940976500511169,
3.4795784950256348,
3.1104159355163574,
5.0,
4.924996197223663,
1.9649386405944824,
0.5679279193282127,
4.86219197511673,
3.0073082447052,
4.856643974781036,
4.7857460379600525,
0.966135561466217,
4.843590557575226,
4.988155364990234,
4.7700196504592896,
4.214056432247162,
5.000000596046448,
4.934356212615967,
4.883195459842682,
4.957900941371918,
4.662940502166748,
3.005547523498535,
4.083277583122253,
4.800876975059509,
3.790777027606964,
4.379818439483643,
0.8484241366386414,
4.95210587978363,
-0.010163065744563937,
4.740699529647827,
5.0,
1.8598262965679169,
4.304132759571075,
4.703995585441589,
2.6143810153007507,
4.615653455257416,
4.355098009109497,
4.553864300251007,
4.635902941226959,
4.941831827163696,
4.752761721611023,
4.613488614559174,
4.523265063762665,
3.870258927345276,
3.2076621055603027,
4.813214540481567,
2.5959232449531555,
4.882806837558746,
4.626952409744263,
4.5999738574028015,
1.6225241124629974,
4.810464084148407,
4.825136661529541,
4.999999403953552,
4.645487070083618,
3.3505994081497192,
5.0,
4.637907147407532,
4.303464591503143,
4.531425833702087,
5.0,
3.784432113170624,
0.3803415596485138,
2.5725340843200684,
4.859975278377533,
4.324004054069519,
4.565122127532959,
2.581423819065094,
4.873441755771637,
4.597464501857758,
4.749159812927246,
4.828139543533325,
1.4373025298118591,
4.491923451423645,
4.490772783756256,
4.578046202659607,
4.999999701976776,
4.617127478122711,
4.302282631397247,
0.8445018529891968,
4.586242437362671,
4.30114209651947,
4.896923899650574,
4.384232461452484,
4.818966388702393,
4.24679160118103,
3.9869901537895203,
4.875511825084686,
4.957169592380524,
4.818086624145508,
5.000000596046448,
4.469781517982483,
2.294624000787735,
5.0,
4.180936217308044,
4.999999403953552,
4.175052344799042,
5.000000596046448,
4.984400272369385,
4.258380234241486,
4.415576159954071,
4.10653829574585,
4.9339354038238525,
4.834568202495575,
5.0,
4.924167096614838,
4.792471826076508,
4.949376285076141,
5.000000596046448,
4.357703924179077,
3.257400095462799,
4.947520196437836,
4.45963978767395,
3.56517493724823,
0.4143325239419937,
5.000000596046448,
4.715952277183533,
5.0,
4.659074544906616,
4.705893695354462,
3.7052008509635925,
4.829695522785187,
4.8582324385643005,
4.93446409702301,
1.1636702716350555,
4.96221125125885,
4.823064208030701,
3.900444507598877,
5.000000596046448,
4.522040486335754,
4.278909862041473,
0.3271649032831192,
4.372992217540741,
4.764059484004974,
2.664921283721924,
5.000000596046448,
4.823438227176666,
4.7118788957595825,
4.956454932689667,
4.923790097236633,
4.9344658851623535,
4.2481377720832825,
4.745248854160309,
3.872137665748596,
4.265114665031433,
4.8279136419296265,
1.6120126843452454,
4.89130437374115,
4.7976309061050415,
4.90187406539917,
4.799826443195343,
4.629937410354614,
4.1386789083480835,
4.8961469531059265,
5.0,
4.973196387290955,
4.022606611251831,
4.9409231543540955,
5.000000596046448,
4.493342041969299,
1.5869393944740295,
5.0,
0.2281503565609455,
4.85045462846756,
4.950526654720306,
2.8979861736297607,
4.777168333530426,
4.919833540916443,
4.637042880058289,
4.901409447193146,
3.1376856565475464,
3.2065871357917786,
5.000000596046448,
3.6480486392974854,
4.052990674972534,
4.855219721794128,
3.8590362668037415,
4.303464591503143,
4.122152924537659,
4.729006290435791,
4.143529534339905,
4.738816618919373,
4.503970146179199,
4.088029563426971,
4.815976619720459,
4.215515851974487,
3.6500370502471924,
4.594382345676422,
3.510776162147522,
4.905779659748077,
2.75145560503006,
4.91648256778717,
4.8575034737586975,
4.509470164775848,
5.000000596046448,
4.7890520095825195,
4.8982855677604675,
4.3935394287109375,
2.7894195914268494,
4.822802841663361,
2.315319776535034,
3.438897430896759,
4.637907147407532,
4.5435890555381775,
4.94862973690033,
4.293752610683441,
4.376949071884155,
4.831112325191498,
4.293098449707031,
4.840537011623383,
4.628455638885498,
4.3296018242836,
3.8973864912986755,
4.797415733337402,
4.844737946987152,
4.999999701976776,
4.895249307155609,
1.3568495213985443,
5.0,
4.863703548908234,
4.211789071559906,
4.606225490570068,
4.937218129634857,
4.645349383354187,
4.617987275123596,
4.753657877445221,
4.655386805534363,
3.6533352732658386,
0.8525371551513672,
4.560394585132599,
0.33602673560380936,
4.924088418483734,
3.831130564212799,
3.952183425426483,
4.832703769207001,
4.324721992015839,
4.9366044998168945,
4.709042906761169,
4.403797090053558,
4.842437207698822,
4.8569729924201965,
4.336220324039459,
4.662262797355652,
4.332901835441589,
4.583340287208557,
3.1587713956832886,
5.000000596046448,
4.543821811676025,
4.3351811170578,
4.804440140724182,
4.980674982070923,
1.5253441035747528,
4.513208866119385,
4.36748743057251,
4.669176936149597,
0.9189830720424652,
4.749583303928375,
3.075639307498932,
4.9321237206459045,
4.456695318222046,
4.999999701976776,
4.690056145191193,
4.659660458564758,
4.950465261936188,
1.5869393944740295,
4.856151342391968,
4.585104882717133,
4.447327554225922,
-0.2319929003715515,
4.115875959396362,
4.433524012565613,
5.000000596046448,
3.811204433441162,
3.9604556560516357,
4.673157334327698,
4.088605642318726,
-0.006279131048358977,
4.841879904270172,
3.1720152497291565,
4.919833540916443,
4.8279136419296265,
3.9968866109848022,
3.568745255470276,
4.481554925441742,
4.806075394153595,
4.833885729312897,
5.0,
5.0,
4.533825516700745,
2.984038293361664,
4.325113296508789,
4.866465330123901,
4.491724967956543,
4.212939739227295,
4.9519288539886475,
4.810425043106079,
3.313620388507843,
4.523988366127014,
4.700631499290466,
4.840605556964874,
3.9588358998298645,
1.2829585373401642,
4.4347792863845825,
5.0,
5.0,
4.242025911808014,
4.883512556552887,
4.624976813793182,
1.1455906182527542,
4.843535423278809,
3.196980655193329,
0.9261352568864822,
4.526512622833252,
4.530855417251587,
4.7935596108436584,
4.599862694740295,
4.769445955753326,
4.8719775676727295,
4.189501106739044,
4.893078505992889,
4.2095947265625,
4.864289462566376,
4.182154536247253,
4.374234080314636,
3.9537960290908813,
4.9196577072143555,
4.642194509506226,
0.07737056817859411,
0.9236427396535873,
4.81448620557785,
5.0,
4.860442578792572,
4.711856842041016,
4.991823732852936,
4.973934888839722,
4.607309103012085,
3.977349102497101,
4.660136699676514,
4.486181437969208,
4.310822784900665,
4.654829502105713,
4.999999403953552,
3.4950366616249084,
4.608579874038696,
4.999999701976776,
4.923675358295441,
4.081575572490692,
4.126811623573303,
4.525746405124664,
4.999999701976776,
4.955971539020538,
4.417007267475128,
4.196909964084625,
4.672935307025909,
4.683226943016052,
4.76914644241333,
4.362148344516754,
5.0,
4.711593985557556,
4.721585512161255,
3.9122572541236877,
4.611032009124756,
4.137864410877228,
4.7670793533325195,
4.8748186230659485,
4.376949071884155,
4.999999403953552,
4.706710577011108,
4.740828573703766,
0.6811932474374771,
0.9856905788183212,
4.5731765031814575,
4.41310316324234,
3.0971133708953857,
4.654890298843384,
1.8286874890327454,
4.647678434848785,
4.778749942779541,
4.641667008399963,
3.90633761882782,
4.488042891025543,
4.5185741782188416,
4.791475236415863,
4.400793015956879,
4.653184711933136,
4.720127582550049,
1.1239168047904968,
3.6397552490234375,
4.731326103210449,
4.8090660572052,
4.141968488693237,
4.725727736949921,
4.690396785736084,
4.737077057361603,
2.6293590664863586,
4.999999701976776,
4.892256855964661,
3.8203653693199158,
4.920332729816437,
3.0392298102378845,
5.0,
4.903525412082672,
4.72305953502655,
3.7514644861221313,
4.569529891014099,
5.0,
4.915265440940857,
1.6891464591026306,
4.0578606724739075,
4.674615263938904,
2.984038293361664,
1.602436751127243,
4.617134630680084,
4.934036731719971,
4.919370710849762,
4.840805530548096,
5.0,
5.0,
3.998079001903534,
5.000000596046448,
0.8205836266279221,
4.891670644283295,
4.773517847061157,
4.999999403953552,
3.2686328887939453,
3.112928569316864,
4.193805754184723,
4.8748016357421875,
4.896736443042755,
5.0,
3.9835673570632935,
4.902929067611694,
4.36881422996521,
1.9698251783847809,
4.541922211647034,
4.859314560890198,
2.514902949333191,
5.000000596046448,
1.085008829832077,
4.824846386909485,
1.1506392806768417,
4.408005177974701,
4.740991294384003,
4.888209104537964,
4.664318859577179,
4.88825649023056,
4.786905348300934,
1.18314228951931,
4.655158519744873,
4.12019670009613,
5.0,
4.681272804737091,
3.386906087398529,
4.999999701976776,
4.842402338981628,
4.630615413188934,
4.296660125255585,
0.9831475466489792,
4.4424402713775635,
4.4199517369270325,
5.0,
5.000000596046448,
4.6951210498809814,
4.8004841804504395,
4.571683704853058,
4.853307902812958,
4.851419925689697,
4.999999403953552,
3.734895884990692,
4.818443953990936,
5.0,
4.858148694038391,
4.768113791942596,
4.714140594005585,
4.709162414073944,
4.551937282085419,
1.10469751060009,
4.6670374274253845,
1.1250154674053192,
4.537288844585419,
4.999999403953552,
2.054019570350647,
4.901071786880493,
4.9216872453689575,
4.9099090695381165,
5.0,
4.830867648124695,
3.5005778074264526,
4.8000383377075195,
4.582129716873169,
1.3240760564804077,
3.984856903553009,
4.933847486972809,
4.712775945663452,
5.000000596046448,
4.94525283575058,
3.565930724143982,
4.898951053619385,
3.866780698299408,
4.781239628791809,
4.60109680891037,
0.32871223986148834,
4.747167229652405,
1.0594487190246582,
0.6592929363250732,
4.7734516859054565,
4.570502936840057,
4.940976500511169,
4.8225656151771545,
4.43067729473114,
5.0,
3.1224358081817627,
4.976777136325836,
4.914617836475372,
4.345784783363342,
0.9842242300510406,
3.7501564621925354,
4.971161186695099,
5.000000596046448,
4.93920624256134,
4.72305953502655,
4.895750880241394,
3.5465842485427856,
4.7829437255859375,
2.789534032344818,
3.8427457213401794,
4.435306489467621,
5.000000596046448,
4.961023330688477,
4.738961458206177,
4.980718195438385,
3.3449342846870422,
4.389779567718506,
4.8961469531059265,
4.610605239868164,
3.329666554927826,
4.6520912647247314,
4.646917283535004,
4.302551448345184,
3.1578731536865234,
4.997482597827911,
0.9504096210002899,
4.974104166030884,
4.969274997711182,
3.953310251235962,
4.8950570821762085,
4.262188971042633,
4.451844692230225,
1.5553095936775208,
4.493342041969299,
4.809424877166748,
4.47424590587616,
3.867085576057434,
4.873638153076172,
4.925333261489868,
4.951534867286682,
4.859054684638977,
4.9840134382247925,
4.797958433628082,
4.965195059776306,
4.952121675014496,
4.715231955051422,
5.000000596046448,
4.905475974082947,
1.6608378291130066,
4.708619117736816,
4.293091297149658,
4.921797513961792,
4.077648222446442,
2.098153680562973,
4.793703258037567,
4.933476448059082,
4.940049052238464,
4.746878743171692,
4.774500727653503,
4.292645454406738,
3.883512318134308,
4.81851190328598,
1.7752115428447723,
2.031334936618805,
4.945158660411835,
4.999999701976776,
4.230702221393585,
4.849467873573303,
4.540638029575348,
4.028330743312836,
1.583656519651413,
4.962873756885529,
3.0984148383140564,
4.548589885234833,
3.9542844891548157,
4.455470442771912,
4.78333979845047,
5.000000596046448,
4.829860031604767,
4.907766878604889,
4.260281026363373,
1.3446766138076782,
4.943872392177582,
4.910849630832672,
4.124574959278107,
4.892805218696594,
3.92649382352829,
4.151457250118256,
4.678681492805481,
4.7683385014534,
3.6786460876464844,
4.056946039199829,
3.557695150375366,
4.999999701976776,
3.814941942691803,
4.467082917690277,
4.416971504688263,
4.913681745529175,
4.70590740442276,
1.6826671361923218,
4.611027836799622,
4.841993153095245,
4.964284002780914,
4.7003379464149475,
4.787338078022003,
4.876013100147247,
5.0,
4.511490166187286,
4.798370003700256,
4.755058586597443,
4.301841557025909,
5.000000596046448,
4.653448164463043,
4.80182409286499,
4.688834547996521,
5.0,
4.60109680891037,
4.824972748756409,
4.477236270904541,
4.780918657779694,
2.589494287967682,
4.156108796596527,
4.9055927991867065,
4.7598060965538025,
4.065158665180206,
5.000000596046448,
4.4868457317352295,
4.666092395782471,
2.5855976343154907,
4.789554178714752,
4.9730342626571655,
4.109261631965637,
4.621650278568268,
4.551141560077667,
4.332297146320343,
3.3742862939834595,
3.984265923500061,
4.33312326669693,
2.3340430855751038,
4.672935307025909,
4.888915717601776,
2.0992571115493774,
4.061454236507416,
5.000000596046448,
4.854438304901123,
4.879050552845001,
4.788276851177216,
3.905036151409149,
-0.504530556499958,
5.0,
4.6207621693611145,
4.831603169441223,
4.676412642002106,
4.9788036942481995,
4.585104882717133,
4.164513349533081,
4.9703145027160645,
4.631102681159973,
5.0,
5.0,
0.48333123326301575,
2.7376529574394226,
2.591814696788788,
4.0788644552230835,
4.999999403953552,
4.48294073343277,
4.714234173297882,
4.30628627538681,
4.9417853355407715,
4.345682859420776,
3.6452022194862366,
4.878290295600891,
5.000000596046448,
3.3195114135742188,
4.242658913135529,
1.5664997696876526,
4.209428429603577,
4.71620500087738,
4.731786549091339,
4.491398930549622,
4.660934805870056,
4.048292338848114,
4.655158519744873,
4.475037455558777,
3.9655622839927673,
4.137864410877228,
4.262409508228302,
4.714847505092621,
4.670161306858063,
4.232975244522095,
4.584208726882935,
5.0,
4.999999403953552,
4.25970733165741,
4.631255567073822,
5.0,
5.0,
2.2709564864635468,
3.414349853992462,
4.819709360599518,
4.999999403953552,
4.079636335372925,
4.975004494190216,
4.273911416530609,
1.5747886896133423,
5.0,
4.06093031167984,
4.934305846691132,
4.544731974601746,
5.0,
0.875631719827652,
4.317214488983154,
5.000000596046448,
4.604175686836243,
4.833873510360718,
4.384487569332123,
4.732783138751984,
4.533332884311676,
4.08596932888031,
4.330453872680664,
4.236248135566711,
3.697020709514618,
4.146200120449066,
4.680436849594116,
3.2806721329689026,
1.4854443073272705,
4.942025244235992,
4.711973667144775,
4.582594931125641,
4.6030497550964355,
4.78614866733551,
4.859049320220947,
3.8086146116256714,
4.817434251308441,
3.4920457005500793,
2.3276636004447937,
1.8022467195987701,
4.218665957450867,
4.558038711547852,
3.9835673570632935,
4.78266716003418,
4.793897867202759,
4.651690125465393,
4.7456565499305725,
4.718336760997772,
3.4425029158592224,
4.915293455123901,
4.551657140254974,
3.2580214738845825,
3.944678008556366,
4.528463184833527,
2.6130229234695435,
4.812878370285034,
4.983434677124023,
4.999999403953552,
4.991275668144226,
4.604504108428955,
4.8960670828819275,
4.811428487300873,
3.5465842485427856,
4.842402338981628,
4.507229030132294,
3.6437413096427917,
4.297418892383575,
4.796544015407562,
4.621002972126007,
4.566140174865723,
4.051874876022339,
3.8187694549560547,
4.01373565196991,
4.815603494644165,
4.812514781951904,
3.612509071826935,
4.912263453006744,
2.2741244733333588,
3.0404019355773926,
4.999999701976776,
4.407069981098175,
4.748681485652924,
0.5537444353103638,
5.0,
4.999999701976776,
2.730489671230316,
1.9603422284126282,
4.999999701976776,
4.721668362617493,
4.671649932861328,
4.966571629047394,
4.527119994163513,
4.912671744823456,
4.607077240943909,
4.6851590275764465,
4.46308434009552,
4.999999701976776,
4.196183383464813,
3.881409764289856,
5.0,
1.5188777446746826,
4.999999403953552,
1.8728898465633392,
4.999999701976776,
4.999999701976776,
4.897724390029907,
4.703763723373413,
4.701218605041504,
4.999999701976776,
5.000000596046448,
4.789222478866577,
4.616484045982361,
5.000000596046448,
4.999999701976776,
4.841993153095245,
4.387553930282593,
4.095582962036133,
4.292322397232056,
2.581423819065094,
1.784803420305252,
4.911911487579346,
3.419090509414673,
4.928054213523865,
4.999999701976776,
4.488193690776825,
0.21810293197631836,
1.005905419588089,
4.7397685050964355,
4.583914577960968,
2.8168118000030518,
0.11977494694292545,
4.311601519584656,
4.546685814857483,
4.763146936893463,
4.897140860557556,
4.831173419952393,
4.4199299812316895,
4.726942777633667,
4.4712477922439575,
1.5839269757270813,
4.672306776046753,
4.477236270904541,
4.856151342391968,
4.621653258800507,
4.956454932689667,
4.9587807059288025,
4.7613537311553955,
4.617127478122711,
4.5358607172966,
3.6827388405799866,
5.0,
4.78614866733551,
4.809424877166748,
4.598239064216614,
4.957759082317352,
4.384721517562866,
4.509470164775848,
4.878866672515869,
4.983641803264618,
4.961961209774017,
4.831112325191498,
3.3009549975395203,
4.44047212600708,
0.3457610309123993,
4.565710425376892,
4.999999701976776,
4.240159392356873,
3.910151720046997,
4.3535104393959045,
4.032140374183655,
4.4682323932647705,
3.420020639896393,
3.601859211921692,
4.955448806285858,
3.9245644211769104,
4.545370042324066,
4.348400235176086,
2.779662013053894,
4.680197834968567,
4.6750617027282715,
4.883320927619934,
4.895855486392975,
0.2234100177884102,
4.830344617366791,
3.828093707561493,
4.764850735664368,
4.490772783756256,
4.527158439159393,
4.227722883224487,
4.875760078430176,
4.878412187099457,
4.9743446707725525,
4.863550364971161,
3.6773070693016052,
4.694980084896088,
2.4507318437099457,
4.88170713186264,
1.472286432981491,
2.79946506023407,
4.378290474414825,
4.6066054701805115,
5.000000596046448,
5.0,
5.000000596046448,
4.981972277164459,
0.9787923842668533,
0.8664274215698242,
5.0,
4.776012897491455,
4.9216097593307495,
4.896366894245148,
4.939239919185638,
3.403635323047638,
5.0,
3.8010558485984802,
4.509000480175018,
4.5956215262413025,
4.152075350284576,
1.5367229282855988,
4.31479811668396,
0.743689090013504,
5.000000596046448,
4.860442578792572,
4.349502623081207,
2.7141663432121277,
3.7132522463798523,
4.879855513572693,
4.533955752849579,
4.999999701976776,
4.294952154159546,
4.726841747760773,
4.5911577343940735,
4.983669817447662,
1.9146053493022919,
4.710947275161743,
4.953317046165466,
4.8588210344314575,
4.350208342075348,
1.331874430179596,
4.350036978721619,
3.510776162147522,
5.0,
5.0,
4.9118682742118835,
5.0,
4.8744454979896545,
3.9410823583602905,
4.588252604007721,
3.714154362678528,
4.8701223731040955,
4.939369261264801,
4.775506854057312,
4.348255693912506,
3.5314759612083435,
5.000000596046448,
4.913298487663269,
5.000000596046448,
1.8904635310173035,
4.386647045612335,
3.4507837891578674,
3.9236032962799072,
5.000000596046448,
3.611316978931427,
4.0418994426727295,
4.491126537322998,
4.9546268582344055,
4.249322414398193,
2.0320014655590057,
3.6240920424461365,
4.333756268024445,
3.9122572541236877,
1.3421469926834106,
4.508914053440094,
5.0,
4.544068872928619,
4.674526154994965,
2.219778299331665,
4.968487322330475,
4.38135027885437,
3.414495885372162,
3.4072574973106384,
4.6100834012031555,
4.784075319766998,
3.3449938893318176,
3.8378119468688965,
4.956941604614258,
4.788160622119904,
5.000000596046448,
4.961678981781006,
5.0,
4.999999701976776,
4.870682656764984,
5.000000596046448,
0.47327831387519836,
4.30190771818161,
4.761630296707153,
4.689993262290955,
4.901675283908844,
4.237433671951294,
3.5978442430496216,
3.9986351132392883,
4.908607602119446,
4.895486533641815,
4.940881729125977,
4.8835548758506775,
2.4473676085472107,
5.0,
2.4322520196437836,
4.976103603839874,
4.983263611793518,
3.17629873752594,
4.616567492485046,
3.7033283710479736,
4.831107258796692,
2.7674543857574463,
1.2640920281410217,
4.7366103529930115,
4.722274541854858,
4.559129476547241,
4.605110585689545,
4.80358213186264,
2.2589845955371857,
4.792201817035675,
4.417007267475128,
4.812896549701691,
4.935037195682526,
1.3374833762645721,
2.2138090431690216,
3.719804286956787,
4.522950649261475,
4.598274230957031,
4.799521565437317,
4.855644702911377,
4.282388985157013,
3.2065871357917786,
4.638832211494446,
4.945980906486511,
4.986236989498138,
3.1676340103149414,
4.429284334182739,
3.9755472540855408,
4.585161805152893,
4.722043573856354,
2.9343068599700928,
4.2947810888290405,
1.8165181577205658,
5.0,
4.946396052837372,
4.999999701976776,
4.897773265838623,
-0.04249789286404848,
4.281283617019653,
5.000000596046448,
3.892982006072998,
4.807108044624329,
1.4516429603099823,
3.630668818950653,
4.095744490623474,
4.704728424549103,
4.2373985052108765,
4.918714463710785,
4.161955416202545,
4.924624562263489,
4.772821366786957,
5.0,
4.583720564842224,
4.77152943611145,
4.993529319763184,
4.91587370634079,
4.674037992954254,
0.1384432427585125,
4.342012107372284,
4.976238906383514,
5.000000596046448,
3.143576979637146,
5.000000596046448,
4.68605637550354,
5.000000596046448,
4.841879904270172,
5.0,
2.891831696033478,
4.1386789083480835,
4.146834313869476,
4.741526246070862,
4.917064905166626,
4.724791944026947,
4.690649211406708,
3.5430681705474854,
4.338538646697998,
4.929816424846649,
4.9494898319244385,
4.755264222621918,
4.779384136199951,
4.867180287837982,
4.117850363254547,
3.098301887512207,
3.7747585773468018,
4.285622239112854,
4.790612757205963,
4.745344519615173,
4.5920878648757935,
4.745248854160309,
4.724243879318237,
5.0,
4.98170405626297,
4.999999403953552,
4.553878009319305,
4.84857052564621,
4.863061904907227,
4.999999701976776,
4.697566628456116,
4.9165090918540955,
4.9666959047317505,
4.647608995437622,
4.94913250207901,
2.2859759628772736,
1.673734188079834,
4.959686696529388,
1.4471794664859772,
4.924602210521698,
4.999999701976776,
4.56504762172699,
4.885740876197815,
4.894837439060211,
4.80774462223053,
1.1451570689678192,
4.649290144443512,
4.69179093837738,
4.999999701976776,
4.865996241569519,
4.614349901676178,
4.431244730949402,
4.845828711986542,
4.466392993927002,
4.999999701976776,
4.710310995578766,
4.376458525657654,
3.803178369998932,
4.346803426742554,
5.0,
1.6085602343082428,
4.896015524864197,
4.708034694194794,
4.694740176200867,
4.999999701976776,
4.594515562057495,
2.6885348558425903,
2.762809991836548,
4.431427717208862,
4.3554311990737915,
2.262496054172516,
4.709162414073944,
4.81098473072052,
0.853533148765564,
4.152285158634186,
4.760302901268005,
4.630434811115265,
4.868532121181488,
5.0,
2.3512092232704163,
3.352455198764801,
3.2638391852378845,
5.0,
4.960728585720062,
5.0,
4.557780027389526,
5.0,
4.472523033618927,
4.10337895154953,
4.852673411369324,
3.2094669342041016,
0.8604294061660767,
4.947520196437836,
4.806634783744812,
4.644877016544342,
5.0,
4.355098009109497,
4.924547076225281,
4.999999701976776,
4.777476191520691,
2.495468556880951,
2.054019570350647,
4.756385087966919,
2.029614597558975,
4.335971176624298,
4.991065561771393,
4.8928216099739075,
3.3611246943473816,
5.000000596046448,
4.979466199874878,
4.604330658912659,
4.697790443897247,
4.579634666442871,
4.606560170650482,
3.5431554913520813,
4.830366671085358,
4.999999403953552,
4.0187618136405945,
1.267828792333603,
4.921713769435883,
4.37719851732254,
4.820207357406616,
4.985144138336182,
4.6237024664878845,
1.1895155161619186,
4.488193690776825,
5.000000596046448,
0.7875337451696396,
3.155583143234253,
4.506418704986572,
4.495930969715118,
0.9615834802389145,
4.92055743932724,
4.710444509983063,
4.108679890632629,
3.6019858717918396,
4.4741082191467285,
4.074451327323914,
4.999999701976776,
2.4476374685764313,
4.468358159065247,
4.362629950046539,
4.672306776046753,
4.88843560218811,
4.300271570682526,
4.5947423577308655,
4.818443953990936,
4.65026468038559,
2.621987462043762,
4.650133848190308,
4.4114091992378235,
5.0,
3.3885812759399414,
4.9666619300842285,
4.86672967672348,
4.880248606204987,
4.908007979393005,
4.112635850906372,
4.999999701976776,
4.915834069252014,
4.501608610153198,
4.486706554889679,
0.5712481215596199,
4.829562604427338,
4.809007048606873,
4.453227519989014,
4.707551002502441,
4.501920640468597,
4.342112243175507,
4.7642651200294495,
5.0,
4.917174279689789,
1.6620822250843048,
1.433318555355072,
5.000000596046448,
5.000000596046448,
4.995338022708893,
4.752822816371918,
4.60628867149353,
4.348842799663544,
4.999999701976776,
4.131415784358978,
4.78246808052063,
4.078303873538971,
3.0484971404075623,
4.410432577133179,
5.0,
4.977885186672211,
4.355480372905731,
4.7193443775177,
4.904965162277222,
4.926687777042389,
4.887604713439941,
4.594325125217438,
4.1205209493637085,
5.0,
4.877524375915527,
0.9175578504800797,
4.658295214176178,
4.353329241275787,
3.697826564311981,
5.000000596046448,
4.966895580291748,
3.9792048931121826,
4.536847174167633,
4.612317979335785,
4.7526490688323975,
4.743172824382782,
4.344601035118103,
4.949871599674225,
4.716059863567352,
3.940710723400116,
4.733796119689941,
1.9428546726703644,
5.0,
4.911397099494934,
4.893738627433777,
4.962803423404694,
4.9730342626571655,
4.697655737400055,
4.79581743478775,
0.9920603781938553,
2.4464787542819977,
4.999999701976776,
5.0,
4.255481958389282,
5.0,
4.845689237117767,
4.587332010269165,
3.7208375334739685,
4.781523942947388,
4.999999701976776,
0.9983762353658676,
4.885745644569397,
4.507468640804291,
3.9245644211769104,
4.88163560628891,
4.481429755687714,
4.6694594621658325,
4.742923378944397