4.361169636249542,
4.990694522857666,
5.0,
4.614747762680054,
4.422577619552612,
4.571259617805481,
5.000000596046448,
4.9638983607292175,
3.6553630232810974,
4.076408743858337,
3.936864733695984,
4.753958582878113,
4.843192398548126,
0.6917769461870193,
4.989338517189026,
4.798373579978943,
3.0716893076896667,
4.875800311565399,
4.935757219791412,
4.474351108074188,
4.98860776424408,
4.825154542922974,
0.4432469978928566,
4.216511845588684,
1.397288590669632,
4.921316504478455,
4.981661736965179,
4.001322984695435,
4.4661009311676025,
4.327239096164703,
4.664130210876465,
4.666767418384552,
4.67011421918869,
4.555179476737976,
3.6373552680015564,
4.962213635444641,
4.7511738538742065,
4.970099925994873,
4.953583478927612,
2.0160752534866333,
4.927822649478912,
4.501741826534271,
0.20798062905669212,
4.765163064002991,
4.873054623603821,
4.9255406856536865,
4.6203431487083435,
4.927563965320587,
3.1334778666496277,
0.6767942756414413,
4.887858331203461,
5.000000596046448,
4.834968745708466,
4.772774577140808,
4.315627813339233,
3.3691173791885376,
3.7950268387794495,
4.492824375629425,
4.669521749019623,
4.95268702507019,
4.910540878772736,
4.801211655139923,
4.721934199333191,
4.3999722599983215,
4.548702538013458,
4.540542960166931,
4.853847324848175,
3.6711129546165466,
4.535195231437683,
4.904341995716095,
4.0914031863212585,
4.581542015075684,
3.1389272212982178,
4.710478782653809,
3.473517894744873,
5.0,
4.7930097579956055,
4.918714761734009,
4.406608045101166,
3.460662066936493,
4.74333792924881,
5.0,
4.873054623603821,
4.511669278144836,
4.73640114068985,
4.886868596076965,
3.272298574447632,
4.746912717819214,
4.55307275056839,
4.751726388931274,
4.981911778450012,
4.978526532649994,
5.0,
4.538968205451965,
2.6963379979133606,
4.537307322025299,
4.251984655857086,
4.031527042388916,
4.12070095539093,
4.093500375747681,
4.868387579917908,
4.853030443191528,
4.0627747774124146,
4.737614989280701,
4.678790867328644,
4.858075976371765,
3.667442500591278,
4.571650326251984,
4.644263386726379,
4.201745092868805,
4.926988184452057,
4.296452105045319,
4.927356839179993,
5.000000596046448,
4.3999722599983215,
4.663281738758087,
4.968736171722412,
3.7050747871398926,
4.931568205356598,
4.933732748031616,
4.924453496932983,
4.775916337966919,
4.810099005699158,
4.515342712402344,
4.788812100887299,
4.657683968544006,
4.915189743041992,
4.849658012390137,
4.233807325363159,
4.200411736965179,
4.894656836986542,
4.661710858345032,
4.9318137764930725,
4.442824423313141,
0.8478695899248123,
4.244782328605652,
3.8910579681396484,
4.781414568424225,
4.918664991855621,
4.84553724527359,
4.905683100223541,
4.451645612716675,
4.76573258638382,
4.684244096279144,
2.105741500854492,
4.692140519618988,
5.000000596046448,
4.32358056306839,
3.9536014199256897,
4.739030599594116,
4.78721022605896,
4.809245467185974,
3.941352963447571,
4.696280062198639,
4.826675057411194,
4.059501588344574,
4.464302659034729,
4.94307667016983,
4.948891997337341,
2.836134433746338,
4.847394526004791,
5.000000596046448,
4.789887964725494,
4.225412905216217,
4.895773231983185,
4.871298372745514,
5.0,
4.845556020736694,
4.906855225563049,
1.4357087016105652,
2.409629076719284,
3.510727286338806,
4.443403780460358,
4.719150066375732,
4.9433839321136475,
4.429396092891693,
4.648239612579346,
4.345928728580475,
4.967265427112579,
4.954012632369995,
4.959917664527893,
4.934418201446533,
4.918471574783325,
4.803625047206879,
3.4935835003852844,
4.931367933750153,
4.8888662457466125,
4.984341859817505,
4.158033132553101,
4.297483563423157,
4.692943692207336,
4.148443937301636,
0.5233461037278175,
3.7466207146644592,
4.490233361721039,
4.946081042289734,
4.790818691253662,
4.886152446269989,
4.478995501995087,
5.0,
4.532246887683868,
4.706941545009613,
2.1754123270511627,
3.635801374912262,
3.479107618331909,
0.9546030312776566,
4.970239996910095,
1.4383682608604431,
3.3581650257110596,
4.666392505168915,
4.656766653060913,
5.000000596046448,
4.633769094944,
4.725765287876129,
4.90533322095871,
4.907841980457306,
4.489641487598419,
3.980344831943512,
1.4281822741031647,
4.386477470397949,
4.81843888759613,
3.4569737315177917,
4.698205292224884,
4.51568067073822,
3.5518568754196167,
4.86181765794754,
4.2555636167526245,
-0.024513574317097664,
4.455042779445648,
3.511880338191986,
4.889529645442963,
4.836320281028748,
3.238062262535095,
-0.7344058901071548,
4.851178526878357,
2.2594428062438965,
4.215250015258789,
4.965851306915283,
4.643993973731995,
5.0,
4.975517094135284,
5.000000596046448,
4.411691129207611,
3.783544898033142,
5.0,
4.963798224925995,
4.675673842430115,
4.663725197315216,
4.932608008384705,
4.812045097351074,
4.925425946712494,
4.636711776256561,
4.833913147449493,
4.688449501991272,
4.4664353132247925,
1.382628083229065,
3.963078558444977,
3.9543619751930237,
4.548702538013458,
3.258763551712036,
4.870032072067261,
4.987828731536865,
4.338455498218536,
5.0,
4.959544837474823,
0.7840851694345474,
4.982802867889404,
4.534797966480255,
4.60781455039978,
4.897551536560059,
5.000000596046448,
4.682932496070862,
4.764402508735657,
4.304867386817932,
2.8997018933296204,
3.9168015122413635,
5.000000596046448,
4.988181889057159,
3.8975483179092407,
4.931812882423401,
4.818710684776306,
4.451037049293518,
4.816733300685883,
4.032898843288422,
4.8629337549209595,
4.643389284610748,
3.9678433537483215,
5.0,
4.7202953696250916,
3.448707163333893,
-0.025102859362959862,
4.922482967376709,
1.7695267498493195,
4.8100996017456055,
4.5097169280052185,
4.320439100265503,
5.000000596046448,
4.647539556026459,
1.2712815403938293,
4.516681432723999,
4.564201235771179,
4.732220768928528,
4.751677513122559,
4.983492195606232,
4.634453654289246,
4.958979487419128,
4.133544564247131,
4.680643081665039,
4.477689266204834,
4.563844799995422,
4.73640114068985,
4.046876132488251,
4.8206570744514465,
4.877825081348419,
4.66957151889801,
4.165376424789429,
4.274427592754364,
4.406346380710602,
4.632229208946228,
4.723305106163025,
4.710595607757568,
4.156395196914673,
3.4801018238067627,
4.8662808537483215,
4.5548683404922485,
4.836068153381348,
4.50165867805481,
4.04274046421051,
4.8060142993927,
3.727509379386902,
4.788914620876312,
0.5210145935416222,
4.244551062583923,
0.3748748078942299,
4.409044682979584,
3.9624017477035522,
4.973506331443787,
4.760736525058746,
4.08813089132309,
0.8847972005605698,
4.658114314079285,
4.4267213344573975,
4.248211979866028,
4.930294156074524,
5.0,
2.6385340094566345,
5.0,
4.978838562965393,
4.920139908790588,
4.762047231197357,
4.491331577301025,
5.0,
4.364046156406403,
4.939993917942047,
4.594236314296722,
4.346648156642914,
4.986154139041901,
5.000000596046448,
4.6646445989608765,
3.3694010972976685,
4.524342119693756,
4.61628794670105,
1.537783443927765,
3.773413896560669,
4.798307120800018,
4.941455721855164,
4.08965528011322,
5.0,
4.50081080198288,
4.90415096282959,
4.955451190471649,
2.7888330817222595,
4.112868309020996,
4.515196979045868,
4.4983819127082825,
4.899266958236694,
4.649949073791504,
5.000000596046448,
4.363633096218109,
4.969622790813446,
4.9705421924591064,
4.968584179878235,
4.572625756263733,
4.637117683887482,
4.71833348274231,
-0.07613945286720991,
4.700094759464264,
4.864012598991394,
3.924252986907959,
4.642815589904785,
4.982205033302307,
4.7815147042274475,
3.960939943790436,
4.741209149360657,
4.437684118747711,
4.227023422718048,
4.874215722084045,
4.6001434326171875,
4.230483770370483,
4.764801859855652,
1.122383177280426,
4.961985945701599,
4.980834722518921,
4.906298518180847,
4.051576852798462,
4.093500375747681,
4.9718984961509705,
4.755891263484955,
4.297400712966919,
4.772173464298248,
4.524995386600494,
3.7708580493927,
4.965144693851471,
4.796412289142609,
4.449370503425598,
4.3356963992118835,
4.781418144702911,
4.9793267250061035,
4.676651060581207,
4.857858419418335,
4.841122925281525,
4.742471277713776,
5.0,
5.0,
4.753463268280029,
3.597153127193451,
4.253914952278137,
4.398334622383118,
5.0,
4.725894331932068,
4.764393866062164,
4.978838562965393,
4.97730016708374,
4.838407039642334,
3.0748069286346436,
4.7552090883255005,
3.734639286994934,
4.674960970878601,
4.7779399156570435,
4.986357092857361,
1.8362563848495483,
5.0,
4.94070440530777,
4.839262366294861,
4.728316068649292,
4.941264092922211,
4.4601646065711975,
3.076951801776886,
4.895820617675781,
1.9330568611621857,
3.2596740126609802,
4.863152801990509,
2.9958608746528625,
4.932823479175568,
4.406346380710602,
4.596770405769348,
4.67793732881546,
4.156589508056641,
5.0,
3.7051308155059814,
4.844406843185425,
5.0,
4.851178526878357,
3.8404715061187744,
4.774487614631653,
4.922482967376709,
4.794877469539642,
4.869893193244934,
4.337583482265472,
4.972743391990662,
4.725625216960907,
1.6507501900196075,
4.82491135597229,
4.770993888378143,
1.2902627885341644,
4.021328091621399,
4.664725661277771,
4.7621312737464905,
4.826004803180695,
5.000000596046448,
4.837720990180969,
3.1781959533691406,
4.294488728046417,
4.667801856994629,
3.9168569445610046,
3.482864499092102,
4.650602042675018,
5.0,
4.865853190422058,
4.664660692214966,
3.4225282073020935,
4.5560622215271,
4.003468453884125,
4.793678820133209,
4.84577864408493,
4.29209291934967,
4.423316419124603,
5.0,
2.2681619226932526,
4.928679168224335,
5.0,
4.750060141086578,
5.000000596046448,
4.755253195762634,
4.985986649990082,
4.780900478363037,
4.7124528884887695,
4.894056022167206,
4.748740494251251,
4.727688133716583,
4.825814664363861,
4.974825978279114,
4.318659007549286,
4.586878716945648,
4.431016445159912,
4.9318137764930725,
4.710320830345154,
4.821401834487915,
3.9984509348869324,
4.833787977695465,
4.809449911117554,
4.653834104537964,
4.990804195404053,
4.840493202209473,
4.913204312324524,
4.469569623470306,
3.798656463623047,
4.804799556732178,
1.8982349336147308,
4.571292400360107,
4.919697940349579,
4.777981340885162,
3.962896466255188,
2.0904625952243805,
4.57753449678421,
5.0,
4.957550764083862,
4.038141667842865,
4.098095893859863,
4.488202333450317,
4.883259534835815,
4.862326383590698,
4.406635165214539,
4.8826852440834045,
4.857664108276367,
4.694991409778595,
3.6031395196914673,
4.825459122657776,
4.743514358997345,
4.5817631483078,
4.359790086746216,
3.046465814113617,
4.734310209751129,
4.99735951423645,
4.6504223346710205,
4.975406229496002,
4.8590123653411865,
4.50558215379715,
4.779675900936127,
4.970710873603821,
4.833765625953674,
4.782107174396515,
4.739607572555542,
4.543099403381348,
5.0,
4.538851082324982,
4.243161380290985,
4.844042360782623,
4.835253655910492,
4.807476103305817,
3.975946307182312,
4.951407611370087,
4.369140267372131,
4.898557364940643,
4.941718578338623,
4.8410773277282715,
4.3362757563591,
3.781948685646057,
2.7390554547309875,
5.000000596046448,
4.520903825759888,
5.000000596046448,
4.789376854896545,
4.375704228878021,
4.870677292346954,
4.710811376571655,
4.240386188030243,
4.783757328987122,
5.0,
4.823414087295532,
4.869140088558197,
3.342958092689514,
4.984679818153381,
4.887803494930267,
3.936913311481476,
4.073900580406189,
3.9579784870147705,
4.89789605140686,
4.320326745510101,
4.812061190605164,
4.835790693759918,
4.299758672714233,
5.0,
4.29890513420105,
5.0,
4.733195006847382,
3.6715781688690186,
4.539300799369812,
4.906095862388611,
4.916121661663055,
4.85598623752594,
3.763793110847473,
3.717166781425476,
5.0,
4.122110605239868,
2.9475659132003784,
4.795588850975037,
4.409111142158508,
4.838888049125671,
4.919391572475433,
4.946691691875458,
4.776874780654907,
4.716316759586334,
4.894152581691742,
4.63356226682663,
4.464426040649414,
4.85862135887146,
4.160810112953186,
4.836789965629578,
4.571151435375214,
4.9040862917900085,
5.0,
5.000000596046448,
3.3545371890068054,
3.4569737315177917,
5.0,
4.749783575534821,
3.6719390749931335,
2.530239522457123,
2.372206002473831,
4.667344689369202,
0.9677593410015106,
4.714793860912323,
3.5519835352897644,
4.551544189453125,
4.621023237705231,
4.687341153621674,
3.781108558177948,
4.483208656311035,
4.6328005194664,
5.000000596046448,
4.632229208946228,
2.698342502117157,
4.905413091182709,
4.8987627029418945,
4.117979407310486,
4.978444278240204,
5.0,
4.902237057685852,
4.97367262840271,
4.292311370372772,
4.585269391536713,
4.338172078132629,
4.51188325881958,
3.9795148372650146,
3.763793110847473,
3.7735947966575623,
4.892871379852295,
4.822039604187012,
4.9938371777534485,
3.7713003158569336,
5.0,
4.527217447757721,
4.934849441051483,
4.437684118747711,
5.0,
4.0973299741744995,
1.5275290608406067,
4.827929139137268,
1.3945259153842926,
5.000000596046448,
4.5670148730278015,
4.927822649478912,
0.8680688589811325,
3.8085749745368958,
3.485969305038452,
2.5866180658340454,
4.616645574569702,
4.97236043214798,
4.807796776294708,
3.4570205211639404,
3.153502643108368,
4.896584451198578,
4.934907853603363,
4.31364506483078,
4.774312674999237,
4.806515276432037,
5.000000596046448,
4.529081881046295,
4.731608331203461,
4.480383992195129,
5.000000596046448,
4.809986352920532,
4.1148316860198975,
3.934405744075775,
4.944562613964081,
4.70643550157547,
4.534667432308197,
4.820767641067505,
4.8984649777412415,
4.664053320884705,
4.847168028354645,
4.972248375415802,
3.8356581330299377,
4.265652298927307,
4.971469938755035,
5.0,
4.397309422492981,
4.589403569698334,
4.758000373840332,
3.4288018941879272,
4.386014342308044,
2.3723380267620087,
3.975319564342499,
4.000728726387024,
4.969635009765625,
4.940111935138702,
3.4935835003852844,
4.236755669116974,
4.276871085166931,
4.955952763557434,
0.9321894496679306,
3.6257970333099365,
4.947727620601654,
4.891074299812317,
1.1570721864700317,
4.735223948955536,
4.725703299045563,
0.2996550127863884,
4.79118138551712,
3.3063319325447083,
4.806515276432037,
4.9296581745147705,
3.4993621706962585,
4.95404988527298,
4.340917766094208,
5.000000596046448,
4.607158005237579,
4.792625308036804,
5.0,
4.823550581932068,
4.716356992721558,
4.374833106994629,
3.912116289138794,
4.527301788330078,
4.839262366294861,
4.769841432571411,
4.742295444011688,
4.555538892745972,
4.927563965320587,
4.7166261076927185,
4.87925797700882,
4.51718270778656,
4.805571734905243,
4.014391303062439,
4.640674591064453,
4.614813327789307,
4.301573932170868,
4.615108072757721,
4.9559760093688965,
4.897233843803406,
2.2594428062438965,
4.913593828678131,
4.752836227416992,
3.8142129778862,
4.402887225151062,
3.7798312306404114,
4.631180763244629,
4.397140443325043,
4.930894374847412,
4.3964120745658875,
4.827648997306824,
4.807682633399963,
5.0,
5.0,
4.647752642631531,
3.626166582107544,
4.733638763427734,
3.9098218083381653,
3.956531286239624,
5.0,
4.7112685441970825,
1.7708602547645569,
4.780175685882568,
4.868254363536835,
3.770909905433655,
4.607392251491547,
4.937008023262024,
4.822140634059906,
4.671781063079834,
4.424483776092529,
4.728439152240753,
4.931114017963409,
4.543099403381348,
4.896615445613861,
4.829168915748596,
2.07723930478096,
4.813567101955414,
4.7343456745147705,
1.0279173403978348,
4.964210093021393,
5.0,
4.836696982383728,
0.6482622772455215,
4.808308482170105,
3.925730884075165,
5.0,
4.4803109765052795,
4.734088778495789,
4.007312059402466,
2.5904616713523865,
-0.14027267694473267,
5.0,
4.889881014823914,
4.839071035385132,
4.823053479194641,
4.526255130767822,
4.898316264152527,
5.0,
4.542239010334015,
4.548656940460205,
4.934278130531311,
4.868139028549194,
4.736318290233612,
4.741837382316589,
4.807098805904388,
4.86181765794754,
5.0,
4.945552945137024,
4.488202333450317,
4.516429603099823,
4.901580512523651,
4.648015201091766,
4.597289264202118,
4.971525073051453,
2.8326696157455444,
4.6142566204071045,
4.707341194152832,
4.585925340652466,
4.610415101051331,
3.929222822189331,
4.440770149230957,
5.000000596046448,
4.817129373550415,
4.879322052001953,
4.771003425121307,
4.970432221889496,
4.982077479362488,
4.675673842430115,
4.199013710021973,
5.0,
4.098891317844391,
3.9010754227638245,
3.914819061756134,
4.677075445652008,
5.0,
4.873407185077667,
3.303990066051483,
4.232974350452423,
4.601885080337524,
4.138612747192383,
4.961872696876526,
4.8327794671058655,
4.97454971075058,
4.82693076133728,
4.009750485420227,
3.290582597255707,
3.9957913756370544,
4.913314878940582,
3.477292060852051,
4.063665270805359,
4.735994935035706,
4.833913147449493,
-0.02876847516745329,
4.483634829521179,
4.86441045999527,
4.962697327136993,
4.8617905378341675,
5.0,
5.0,
4.63356226682663,
4.520903825759888,
4.045377969741821,
4.857858419418335,
4.840154647827148,
4.935232698917389,
4.979220032691956,
4.258453845977783,
4.950998425483704,
4.975012242794037,
3.5258856415748596,
4.914965033531189,
4.97813493013382,
4.872746169567108,
4.1146984696388245,
3.6405086517333984,
4.52212393283844,
4.7089555859565735,
5.000000596046448,
4.404855370521545,
4.666920900344849,
5.0,
0.4023578390479088,
4.9043527245521545,
3.039005398750305,
4.334443509578705,
4.191200435161591,
2.6060402393341064,
4.771648347377777,
4.663464426994324,
4.096305966377258,
4.727542400360107,
4.903497099876404,
4.9478355050086975,
4.555801153182983,
0.9344429522752762,
4.973650276660919,
3.800426721572876,
0.5881155282258987,
4.780994653701782,
4.560510218143463,
4.8265159130096436,
4.3172332644462585,
4.612061381340027,
0.579390861093998,
4.583650827407837,
4.523321092128754,
5.0,
4.130568504333496,
4.95877742767334,
2.559365928173065,
4.863152801990509,
4.6890053153038025,
4.317411184310913,
4.786423444747925,
4.710407257080078,
4.789168536663055,
4.941387176513672,
4.6186912059783936,
1.828944981098175,
4.985831081867218,
0.5039682239294052,
4.796639978885651,
5.0,
5.000000596046448,
5.0,
4.551544189453125,
4.447841048240662,
3.934405744075775,
4.960755407810211,
4.355745911598206,
4.740681052207947,
4.387072324752808,
4.650352895259857,
1.146041825413704,
4.393492639064789,
4.580697119235992,
4.453601539134979,
4.7023579478263855,
4.739618301391602,
4.223223030567169,
5.000000596046448,
3.9067360758781433,
4.814578294754028,
4.138191044330597,
3.436351716518402,
4.597281217575073,
5.0,
4.067471623420715,
4.920737445354462,
5.0,
4.957624971866608,
4.511917233467102,
4.188427925109863,
4.841300845146179,
4.903035759925842,
4.409511983394623,
3.910951614379883,
0.8612553775310516,
4.72779780626297,
1.9179418683052063,
2.6231104135513306,
3.581983745098114,
4.919697940349579,
1.9552336633205414,
4.839939773082733,
4.724229276180267,
4.698848128318787,
2.6701566576957703,
4.063591659069061,
4.923439025878906,
4.9669066071510315,
5.000000596046448,
3.609284460544586,
4.591837525367737,
4.522527754306793,
4.853338599205017,
4.381491541862488,
4.840388000011444,
4.555086195468903,
4.199013710021973,
5.000000596046448,
4.99190479516983,
3.266707956790924,
4.503509998321533,
4.103756248950958,
4.053688645362854,
4.514634013175964,
4.696562886238098,
4.879225492477417,
-0.09098849259316921,
4.846289157867432,
4.707945883274078,
3.5010242462158203,
4.318659007549286,
3.927803635597229,
4.385563433170319,
3.6026370525360107,
4.876778423786163,
4.719171226024628,
3.5889914631843567,
3.707801103591919,
4.460206627845764,
4.736543893814087,
4.940105974674225,
2.4368159472942352,
4.981693923473358,
4.988162815570831,
4.824112355709076,
2.5131165981292725,
4.559709429740906,
4.7837042808532715,
4.686577320098877,
4.985077679157257,
4.888966381549835,
4.470754861831665,
4.863690137863159,
4.878205060958862,
4.216511845588684,
4.088137149810791,
4.847418665885925,
3.733395040035248,
4.516489207744598,
4.725624918937683,
4.5735472440719604,
5.0,
3.925805687904358,
1.104690432548523,
4.495052397251129,
4.693596363067627,
4.885618090629578,
4.031527042388916,
4.73581850528717,
4.733195006847382,
4.0627747774124146,
3.7331587076187134,
4.997752904891968,
4.961313009262085,
5.0,
1.2619076669216156,
5.0,
4.802940487861633,
4.758129715919495,
4.3606898188591,
4.479520618915558,
4.913593828678131,
4.741250276565552,
4.6910688281059265,
4.931114912033081,
4.405897259712219,
3.6032217741012573,
4.953725039958954,
4.686184525489807,
4.674960970878601,
5.000000596046448,
4.595084488391876,
4.697928428649902,
5.0,
4.77972149848938,
5.0,
4.717994332313538,
4.565297067165375,
4.674715101718903,
4.474199116230011,
4.432767331600189,
5.0,
4.559373259544373,
4.916907846927643,
4.99190479516983,
4.860426187515259,
5.000000596046448,
4.884474575519562,
4.476208388805389,
4.51188325881958,
4.633470177650452,
4.6419015526771545,
4.7858235239982605,
4.6286070346832275,
3.8987499475479126,
4.601072371006012,
4.521977603435516,
4.757769703865051,
5.0,
4.022287130355835,
4.249009191989899,
4.830819070339203,
4.81452614068985,
4.961985945701599,
5.0,
0.8952546864748001,
4.612988233566284,
4.896689057350159,
4.922614097595215,
2.605377733707428,
4.832396507263184,
4.511669278144836,
4.868387579917908,
4.99349057674408,
4.277734756469727,
4.938006103038788,
4.220569431781769,
4.4457462430000305,
5.000000596046448,
4.698205292224884,
4.521977603435516,
5.0,
-0.26808198541402817,
4.686184525489807,
3.408884108066559,
2.8519442677497864,
4.6504223346710205,
4.86317902803421,
4.0753257274627686,
4.5131853222846985,
4.879928827285767,
4.918908178806305,
4.778483510017395,
5.000000596046448,
4.8706963658332825,
4.939993917942047,
3.0144530534744263,
1.1712857335805893,
1.0484524071216583,
4.951187074184418,
3.4159326553344727,
4.352539777755737,
4.860475659370422,
4.810542166233063,
4.808987677097321,
3.3140170574188232,
4.9795714020729065,
4.802148342132568,
5.000000596046448,
4.950998425483704,
4.697918593883514,
4.349355101585388,
4.67985987663269,
4.381491541862488,
3.6119574308395386,
4.236755669116974,
4.946579039096832,
3.8600510358810425,
4.4664353132247925,
4.735866189002991,
4.989171624183655,
-0.12478899210691452,
4.156589508056641,
4.965144693851471,
5.000000596046448,
3.1815800070762634,
4.309009909629822,
4.888167679309845,
5.0,
4.511917233467102,
4.565297067165375,
4.823695123195648,
4.803144335746765,
4.4038987159729,
4.811595380306244,
4.823468327522278,
2.6060402393341064,
4.735319018363953,
4.948211312294006,
5.000000596046448,
5.0,
3.857066035270691,
4.6880751848220825,
4.758000373840332,
4.832139611244202,
4.843839704990387,
4.619396328926086,
3.883140981197357,
4.690412282943726,
4.970113039016724,
4.665721952915192,
2.0858804881572723,
4.272332191467285,
4.814987778663635,
4.748212695121765,
4.484049081802368,
4.161780774593353,
4.213980138301849,
3.707801103591919,
4.860106706619263,
4.6548449993133545,
4.8984649777412415,
5.000000596046448,
5.000000596046448,
5.0,
4.667801856994629,
4.683336913585663,
4.799419641494751,
4.416644871234894,
4.8466357588768005,
4.098891317844391,
4.79553610086441,
4.725429713726044,
4.980965554714203,
4.7615692019462585,
4.799349904060364,
5.0,
4.586509168148041,
4.694588780403137,
4.526216685771942,
1.3483472168445587,
4.468134939670563,
5.0,
4.851261079311371,
4.3120914697647095,
4.366531670093536,
4.2100441455841064,
3.9956337213516235,
4.929493963718414,
4.522801339626312,
1.8447701632976532,
4.9711185693740845,
3.1781959533691406,
4.524098634719849,
2.450532615184784,
5.0,
4.801912903785706,
4.980410635471344,
4.607415199279785,
4.295514822006226,
4.565463662147522,
4.980098009109497,
4.928323924541473,
4.822980165481567,
4.537045955657959,
4.345299303531647,
4.7249820828437805,
4.896376430988312,
4.046876132488251,
4.762635827064514,
2.7873212099075317,
4.760042428970337,
4.906734228134155,
4.272606670856476,
4.8800453543663025,
4.21550840139389,
3.948625326156616,
4.6328005194664,
4.010010659694672,
4.97783362865448,
3.9062562584877014,
3.341791331768036,
4.874179363250732,
4.98790055513382,
4.063591659069061,
4.766369462013245,
2.7469661831855774,
4.412272274494171,
4.5780351758003235,
4.753995835781097,
4.932409226894379,
4.887946248054504,
1.2950478494167328,
4.907648861408234,
4.644390344619751,
3.6709263920783997,
4.307667016983032,
4.920891523361206,
4.564201235771179,
4.441635310649872,
5.0,
3.678971827030182,
4.876144230365753,
3.168705701828003,
4.076722264289856,
3.2503950595855713,
4.962142705917358,
4.806707799434662,
4.80751097202301,
4.391445517539978,
4.955165088176727,
4.232974350452423,
4.447841048240662,
4.4661009311676025,
4.8149555921554565,
4.693596363067627,
4.749991297721863,
3.15518856048584,
4.739693105220795,
4.598478674888611,
5.0,
4.663143157958984,
4.955548346042633,
4.875743389129639,
4.264729619026184,
4.171392321586609,
4.836156666278839,
4.761558771133423,
3.131221830844879,
5.000000596046448,
4.603959918022156,
-0.4509536921977997,
4.843443036079407,
4.672573506832123,
4.970126450061798,
4.929416179656982,
4.753230810165405,
4.490921497344971,
4.610415101051331,
4.975406229496002,
3.629326820373535,
4.911565482616425,
3.6357253789901733,
5.0,
4.564200341701508,
4.894015789031982,
4.7562175989151,
3.816918134689331,
1.283355951309204,
4.357038140296936,
4.904199838638306,
4.131120443344116,
4.727688133716583,
4.3403977155685425,
2.658129036426544,
4.928174614906311,
4.576131701469421,
2.372206002473831,
4.991009533405304,
3.9327487349510193,
4.962161183357239,
5.000000596046448,
4.061586558818817,
4.818770885467529,
4.572625756263733,
5.0,
4.069593846797943,
4.844491183757782,
4.733638763427734,
4.787105321884155,
4.933885931968689,
4.321025907993317,
4.961437284946442,
4.7696346044540405,
1.6640742123126984,
4.484049081802368,
5.0,
4.841081500053406,
4.838407039642334,
4.797691702842712,
4.8844850063323975,
4.9300408363342285,
4.938411116600037,
4.796639978885651,
4.781482517719269,
0.9045439958572388,
4.960087835788727,
5.000000596046448,
4.399620890617371,
4.76299524307251,
4.9178677797317505,
2.545652687549591,
4.4639188051223755,
5.0,
4.980834722518921,
4.701155424118042,
4.660565555095673,
5.0,
4.560321271419525,
4.9206700921058655,
0.9579379111528397,
5.0,
5.0,
4.797433316707611,
4.81953889131546,
4.943985342979431,
4.387072324752808,
5.0,
3.8432857394218445,
4.804601073265076,
4.498210847377777,
4.8687684535980225,
5.0,
4.9490660429000854,
4.823316335678101,
4.213980138301849,
4.8323363065719604,
4.611457288265228,
3.0676868557929993,
4.238111972808838,
4.175698161125183,
4.623637497425079,
4.759443700313568,
4.856283664703369,
4.721506237983704,
-0.2448582462966442,
4.690025746822357,
4.431016445159912,
4.872746169567108,
4.2555636167526245,
4.004393815994263,
5.0,
4.637556672096252,
4.920600950717926,
4.631686806678772,
3.916277289390564,
4.884474575519562,
4.963473677635193,
4.743344783782959,
3.062925934791565,
1.2175362557172775,
3.9085757732391357,
4.987252950668335,
4.798373579978943,
4.076722264289856,
4.591788351535797,
5.0,
4.053626656532288,
4.458461403846741,
4.781778156757355,
3.5632380843162537,
3.9040008187294006,
4.864012598991394,
-0.19777480512857437,
4.853227138519287,
4.986005127429962,
5.0,
4.942589700222015,
4.501743018627167,
4.638909995555878,
4.272332191467285,
4.844805002212524,
4.637556672096252,
4.524995386600494,
2.4072574079036713,
4.748801290988922,
4.245234727859497,
4.988162815570831,
3.59078586101532,
2.3498930037021637,
4.995185136795044,
0.8276761323213577,
3.709796369075775,
4.374873638153076,
4.066097140312195,
3.5258856415748596,
4.716316759586334,
4.754633903503418,
4.5736196637153625,
5.0,
4.858406484127045,
4.324655532836914,
4.639976322650909,
4.622327089309692,
4.4706979393959045,
4.242463111877441,
4.696921408176422,
3.9375412464141846,
4.526928663253784,
4.665737450122833,
4.8349520564079285,
4.9596646428108215,
4.84555184841156,
4.657683968544006,
3.597153127193451,
5.0,
4.742799401283264,
4.666585624217987,
4.925004541873932,
5.0,
5.0,
3.924799859523773,
1.178392767906189,
4.730508625507355,
5.000000596046448,
4.683932960033417,
4.495290219783783,
5.0,
5.0,
5.0,
4.815661311149597,
5.000000596046448,
3.6832934617996216,
2.417971044778824,
4.945907294750214,
2.3562444746494293,
4.977984130382538,
4.731864929199219,
4.027037024497986,
4.941124320030212,
4.489641487598419,
4.132440686225891,
4.428809881210327,
3.892812728881836,
4.982868432998657,
4.968463182449341,
4.379837214946747,
4.9439504742622375,
4.989453554153442,
5.0,
4.785020649433136,
4.797766804695129,
4.7835201025009155,
4.24144983291626,
4.9804553389549255,
5.0,
3.477292060852051,
4.982685446739197,
4.9223944544792175,
4.725644588470459,
1.2462452799081802,
2.307864874601364,
4.788284003734589,
5.0,
4.8603737354278564,
4.934183657169342,
3.6715781688690186,
4.9102982878685,
4.9802082777023315,
3.7797045707702637,
4.513230323791504,
4.807545840740204,
4.74887877702713,
3.7972038984298706,
4.2005932331085205,
5.000000596046448,
4.8575252294540405,
5.0,
4.5097169280052185,
5.0,
0.7695441693067551,
4.734445810317993,
4.612184166908264,
4.9687957763671875,
4.589835107326508,
4.951213598251343,
4.583694636821747,
3.578295111656189,
4.934315383434296,
1.6327624022960663,
4.862259030342102,
4.786181747913361,
4.149849116802216,
2.9611527919769287,
3.8975483179092407,
4.725624918937683,
4.840154647827148,
0.40409810841083527,
3.1672242283821106,
4.928244948387146,
0.5995753407478333,
4.438234567642212,
4.946775138378143,
3.9249026775360107,
1.1722290515899658,
4.793224036693573,
5.0,
4.342247843742371,
5.000000596046448,
4.227406978607178,
5.0,
4.918487966060638,
5.0,
4.97189462184906,
4.371519386768341,
4.655263125896454,
4.755979776382446,
3.759274482727051,
4.322166740894318,
3.9413926005363464,
4.138232469558716,
4.747096300125122,
4.058855175971985,
5.0,
5.0,
4.68044638633728,
4.788914620876312,
4.0585726499557495,
4.572523832321167,
3.455154001712799,
3.3114761114120483,
0.030284225940704346,
3.768554925918579,
4.963004291057587,
3.162931203842163,
4.546176195144653,
4.5033591985702515,
4.700186252593994,
0.8918364346027374,
4.638451039791107,
5.000000596046448,
4.227187931537628,
1.4547008275985718,
4.53235536813736,
5.0,
4.8945677280426025,
4.830611050128937,
4.971708059310913,
4.9108922481536865,
4.879110157489777,
4.81452614068985,
4.882933497428894,
4.911080598831177,
4.863611161708832,
4.879928827285767,
4.698448479175568,
3.780512511730194,
4.2409056425094604,
4.345792233943939,
4.843562841415405,
2.972864508628845,
4.6573469042778015,
4.915089011192322,
4.406996369361877,
4.123012125492096,
4.767399430274963,
5.000000596046448,
5.0,
3.051108717918396,
4.824100732803345,
4.841943979263306,
5.0,
4.91498738527298,
4.254130423069,
4.91876095533371,
4.948813319206238,
5.0,
4.7112685441970825,
4.887223541736603,
4.156395196914673,
4.619565010070801,
4.745917320251465,
4.864436089992523,
3.6418843269348145,
5.000000596046448,
4.711564779281616,
5.0,
4.734088778495789,
3.589501678943634,
4.349525570869446,
4.4173663854599,
4.691108763217926,
4.799753427505493,
4.68180239200592,
5.0,
4.949100911617279,
4.586405158042908,
4.957698583602905,
4.9300408363342285,
4.516681432723999,
4.442005455493927,
0.6321502476930618,
0.12494334019720554,
4.32287722826004,
4.795761704444885,
4.934278130531311,
4.131867587566376,
4.767399430274963,
4.443912208080292,
4.67985987663269,
4.7509267926216125,
4.5714157819747925,
4.318745732307434,
4.894152581691742,
4.895740747451782,
4.878456890583038,
4.852165579795837,
4.596267938613892,
4.724088609218597,
4.133544564247131,
4.9123722314834595,
4.986357092857361,
4.824952483177185,
4.516489207744598,
4.501708149909973,
4.977766573429108,
4.988975524902344,
4.490099549293518,
1.3897940516471863,
4.912796318531036,
4.782039225101471,
4.938191771507263,
5.000000596046448,
4.282829761505127,
4.847893714904785,
4.807674288749695,
4.483434557914734,
4.755979776382446,
2.3056980967521667,
4.920235574245453,
4.877452850341797,
4.953213632106781,
4.7552090883255005,
4.852165579795837,
4.694875776767731,
4.961481690406799,
4.621564447879791,
4.899875521659851,
3.9795148372650146,
5.0,
4.282698929309845,
4.861403107643127,
1.30435511469841,
0.13498563319444656,
4.802021384239197,
4.8629337549209595,
4.753113389015198,
4.877452850341797,
4.7696346044540405,
3.160332143306732,
3.609284460544586,
4.776874780654907,
4.628278017044067,
3.7877658009529114,
0.3219098597764969,
5.0,
5.0,
4.9882572889328,
4.1296470165252686,
4.264667630195618,
4.795290529727936,
4.7584497928619385,
4.487050771713257,
4.6410515904426575,
4.6573469042778015,
0.19830746576189995,
4.117095470428467,
4.8265159130096436,
4.660878777503967,
4.629425406455994,
4.636793732643127,
4.959197044372559,
4.965287148952484,
3.4759238362312317,
4.244551062583923,
4.948549568653107,
4.6634641289711,
3.1848880648612976,
3.8975825905799866,
1.4375129342079163,
4.702202081680298,
4.931114017963409,
4.9913230538368225,
4.864408373832703,
4.826213717460632,
4.753463268280029,
4.801439642906189,
4.4457462430000305,
3.032786548137665,
4.855230748653412,
4.3186986446380615,
3.975946307182312,
4.700047969818115,
4.111064672470093,
4.86384242773056,
5.0,
4.934598803520203,
2.4593617022037506,
3.7687766551971436,
4.441598355770111,
3.9062562584877014,
4.45359081029892,
3.647066354751587,
4.209173917770386,
4.901416301727295,
5.000000596046448,
4.571151435375214,
4.3186986446380615,
4.663464426994324,
3.1044891476631165,
4.962161183357239,
2.8627198934555054,
5.0,
4.6578249335289,
4.992343187332153,
2.0030876994132996,
4.387778639793396,
4.08813089132309,
4.236688315868378,
4.288912415504456,
3.9681288599967957,
4.772866368293762,
3.526710867881775,
2.2813352942466736,
4.070757031440735,
4.636711776256561,
4.888480305671692,
4.265596866607666,
4.833765625953674,
4.927307069301605,
4.965009093284607,
4.9226462841033936,
4.264729619026184,
4.622701406478882,
4.592272341251373,
4.803891479969025,
4.325664639472961,
4.870677292346954,
4.916506409645081,
4.429676830768585,
4.68964159488678,
4.95432436466217,
4.809750318527222,
4.663994610309601,
5.0,
4.966149926185608,
4.827648997306824,
4.68212217092514,
4.617765545845032,
5.0,
4.898713529109955,
3.4904375672340393,
5.000000596046448,
4.923151433467865,
4.928286969661713,
4.723863005638123,
4.275323450565338,
4.844100177288055,
3.6257970333099365,
2.837214767932892,
0.9090743213891983,
4.901580512523651,
4.672594964504242,
3.1677305698394775,
4.864436089992523,
3.3922919631004333,
4.97126579284668,
2.1411465108394623,
4.365918040275574,
4.2256224155426025,
4.76299524307251,
5.000000596046448,
4.752611815929413,
4.731864929199219,
4.900123476982117,
3.8362881541252136,
3.2991960644721985,
4.84555184841156,
4.71918910741806,
1.5901537239551544,
4.292353391647339,
4.721188843250275,
4.44608598947525,
4.877258539199829,
4.063665270805359,
1.2231060862541199,
5.0,
4.710914194583893,
4.740592837333679,
4.938097596168518,
2.837214767932892,
4.740592837333679,
2.620471715927124,
3.754574954509735,
4.954002797603607,
2.6701566576957703,
4.561049044132233,
4.93938148021698,
4.91841584444046,
4.337620437145233,
4.890289902687073,
4.603922665119171,
4.724047482013702,
4.846612811088562,
4.442824423313141,
4.882653653621674,
4.018461108207703,
4.397919476032257,
4.793754518032074,
5.0,
0.8659949898719788,
4.760885536670685,
5.0,
4.711381494998932,
4.693973064422607,
4.76322203874588,
4.451645612716675,
4.224069118499756,
4.879245460033417,
5.000000596046448,
4.17602151632309,
4.357662498950958,
3.6818209290504456,
3.6335209012031555,
4.213022291660309,
4.943146109580994,
4.919406771659851,
5.000000596046448,
4.6343690156936646,
4.693771600723267,
4.493270814418793,
4.282335340976715,
1.0387157648801804,
4.757150411605835,
3.7687766551971436,
4.922192990779877,
4.74651962518692,
5.0,
4.870552122592926,
4.111064672470093,
4.009888172149658,
0.01065988908521831,
4.647315144538879,
4.926800727844238,
4.785878956317902,
4.813300371170044,
4.788963198661804,
3.1815800070762634,
4.379690587520599,
0.21386278793215752,
4.432727098464966,
4.751551449298859,
5.000000596046448,
4.41494345664978,
0.8577664196491241,
3.7532687187194824,
4.621575474739075,
3.8334161043167114,
4.5513054728508,
4.409995377063751,
4.502279460430145,
4.334580898284912,
4.5548224449157715,
4.21075701713562,
4.759308695793152,
4.520736634731293,
2.756185531616211,
4.933847188949585,
4.788351356983185,
4.925381541252136,
3.3742904663085938,
3.9085757732391357,
5.0,
4.92042601108551,
0.4630358889698982,
0.5325981602072716,
4.788284003734589,
3.6031395196914673,
4.972977638244629,
4.479139447212219,
0.4195663332939148,
4.90530252456665,
4.978282153606415,
4.724276959896088,
3.8428744673728943,
5.0,
4.931114912033081,
4.630226492881775,
4.9794140458106995,
4.061586558818817,
4.10300612449646,
3.3922919631004333,
4.777032136917114,
4.271434545516968,
4.711938798427582,
0.5470078811049461,
4.905630946159363,
0.40489405393600464,
4.712800681591034,
5.0,
3.5065612196922302,
3.609490692615509,
4.700645208358765,
2.7873212099075317,
4.571259617805481,
4.54154372215271,
4.65330958366394,
4.707896709442139,
4.908415377140045,
4.426440596580505,
4.50400173664093,
4.36778724193573,
3.7861359119415283,
3.018065392971039,
4.754653871059418,
3.039548099040985,
4.896702468395233,
4.6766552329063416,
4.629318714141846,
1.3575053215026855,
4.755253195762634,
4.804562628269196,
5.000000596046448,
4.702640175819397,
3.691464066505432,
5.000000596046448,
4.971401691436768,
4.701603651046753,
4.701143205165863,
5.000000596046448,
4.381715655326843,
0.05128952208906412,
3.185422122478485,
4.904503226280212,
4.801002740859985,
4.805571734905243,
3.1488600373268127,
4.816712737083435,
4.444082975387573,
4.79499489068985,
4.800592362880707,
0.3928522765636444,
4.839112162590027,
3.38910311460495,
4.526255130767822,
5.0,
4.622422158718109,
4.528414607048035,
-0.4728873446583748,
4.6865347027778625,
4.3720632791519165,
4.973748326301575,
4.605201780796051,
4.832985997200012,
4.39037561416626,
4.381724298000336,
4.886868596076965,
4.8534029722213745,
4.920737445354462,
5.000000596046448,
4.8090773820877075,
1.5730054676532745,
5.0,
4.332703948020935,
5.0,
4.131120443344116,
5.0,
4.975130259990692,
4.392000138759613,
4.50323224067688,
4.053890407085419,
4.9433839321136475,
4.823472201824188,
5.0,
4.813686907291412,
4.607331156730652,
4.899266958236694,
5.0,
4.553517997264862,
4.215250015258789,
4.960082173347473,
4.4360047578811646,
4.358557760715485,
0.46938661485910416,
5.0,
4.68044638633728,
5.0,
4.78172093629837,
4.661710858345032,
4.284371733665466,
4.771914482116699,
4.881373643875122,
4.9434345960617065,
1.1415953934192657,
4.980410635471344,
4.824592471122742,
4.282335340976715,
5.0,
4.555397629737854,
4.024762809276581,
1.717781126499176,
4.749783575534821,
4.766369462013245,
3.128592073917389,
5.000000596046448,
4.818718433380127,
4.887092411518097,
4.924321174621582,
4.853513240814209,
4.924366474151611,
4.531417191028595,
4.68202143907547,
3.9762353897094727,
3.6357253789901733,
4.879306852817535,
2.4142739176750183,
4.889037609100342,
4.843829274177551,
4.837373793125153,
4.755994081497192,
4.721696972846985,
4.376196265220642,
4.938642382621765,
5.0,
4.9793267250061035,
3.7484654784202576,
4.739607572555542,
5.0,
4.1907235980033875,
3.2894235849380493,
5.0,
1.5375043451786041,
4.957461953163147,
4.982205033302307,
3.353729248046875,
4.85598623752594,
4.866056144237518,
4.829168915748596,
4.9383872747421265,
3.0819088220596313,
4.539927542209625,
5.0,
4.27495002746582,
4.453397691249847,
4.951988756656647,
4.251528382301331,
4.701603651046753,
4.254130423069,
4.7978609800338745,
4.381621181964874,
4.654851257801056,
4.678301215171814,
4.088137149810791,
4.879110157489777,
4.357662498950958,
3.820715844631195,
4.618171155452728,
3.621649742126465,
4.969550371170044,
2.4136625230312347,
4.799871146678925,
4.935723841190338,
4.873291552066803,
5.0,
4.937871694564819,
4.826579689979553,
4.421319663524628,
3.7950268387794495,
4.712569713592529,
3.272298574447632,
2.881459593772888,
4.971401691436768,
4.647767543792725,
4.968770146369934,
4.099482297897339,
4.19518917798996,
4.782356321811676,
4.287360608577728,
4.890845417976379,
4.78992223739624,
4.648305177688599,
4.615751504898071,
4.489358961582184,
4.854144752025604,
5.0,
4.947506487369537,
2.0815490186214447,
5.0,
4.934044182300568,
4.586405158042908,
4.847243428230286,
4.923151433467865,
4.7343456745147705,
4.418263733386993,
4.668598771095276,
4.722157716751099,
3.830246329307556,
1.9903834164142609,
4.7049641609191895,
0.9959550201892853,
4.928244948387146,
4.380457401275635,
4.190568327903748,
4.8661088943481445,
4.165321886539459,
4.9478355050086975,
4.8526376485824585,
4.789288640022278,
4.807146787643433,
4.9367886781692505,
4.262278974056244,
4.718918204307556,
3.7743568420410156,
4.680807292461395,
2.529723048210144,
5.0,
4.694094657897949,
3.591971695423126,
4.77517694234848,
4.972224831581116,
0.7147452980279922,
4.616836905479431,
4.563844799995422,
4.638123512268066,
1.83322012424469,
4.301573932170868,
4.216205477714539,
4.799230098724365,
4.621564447879791,
5.0,
4.892741441726685,
4.738057851791382,
4.60781455039978,
3.2894235849380493,
4.90248829126358,
4.813378155231476,
4.531523585319519,
0.5153300613164902,
4.116598665714264,
4.6910688281059265,
5.0,
4.0378376841545105,
3.2614666223526,
4.683100581169128,
4.320659935474396,
0.08637809194624424,
4.769286513328552,
2.0970194041728973,
4.866056144237518,
4.879306852817535,
3.976712226867676,
2.8997018933296204,
4.8874640464782715,
4.868023693561554,
4.638929963111877,
5.0,
5.000000596046448,
4.742471277713776,
2.165466547012329,
4.471583664417267,
4.583694636821747,
4.834319055080414,
4.36503142118454,
4.957238435745239,
4.792270660400391,
4.625597298145294,
4.798990488052368,
4.824886918067932,
4.919958114624023,
3.9855727553367615,
0.7252268493175507,
4.29209291934967,
5.0,
5.0,
3.9579784870147705,
4.946691691875458,
4.771556854248047,
0.8263926953077316,
4.896376430988312,
3.3063319325447083,
0.51970474421978,
4.2264291644096375,
4.712484180927277,
4.788077175617218,
4.521448910236359,
4.832139611244202,
4.946058392524719,
3.4537798166275024,
4.91084486246109,
3.924252986907959,
4.642815589904785,
3.817037045955658,
4.479520618915558,
3.8269686698913574,
4.919242262840271,
4.85862135887146,
-0.1522178202867508,
0.8679816126823425,
4.568973183631897,
5.000000596046448,
4.757160544395447,
4.612504243850708,
5.0,
4.974825978279114,
4.827069640159607,
3.9301764965057373,
4.839071035385132,
4.560524523258209,
4.549917578697205,
4.599706530570984,
5.0,
4.0753257274627686,
4.546138644218445,
5.0,
4.798501133918762,
2.972864508628845,
4.513230323791504,
4.3682000041008,
5.0,
4.961251616477966,
4.516389071941376,
3.9172622561454773,
4.5432135462760925,
4.876778423786163,
4.661064147949219,
4.620073437690735,
5.0,
4.658324122428894,
4.753958582878113,
4.732638597488403,
4.548656940460205,
3.8536816835403442,
4.692530035972595,
4.933164417743683,
4.19518917798996,
5.0,
4.630260169506073,
4.785438179969788,
0.7830207049846649,
1.1597704142332077,
4.768950641155243,
4.563981592655182,
3.791825771331787,
4.885888695716858,
1.638699322938919,
4.4264766573905945,
4.856809973716736,
4.861158132553101,
4.227187931537628,
4.775797426700592,
4.5513054728508,
4.868773818016052,
4.4000473618507385,
4.900726079940796,
4.504016637802124,
1.6768361628055573,
3.612872064113617,
4.6945735812187195,
4.858123064041138,
3.929222822189331,
4.702078700065613,
4.799753427505493,
4.561316967010498,
3.3953481912612915,
5.0,
4.895258247852325,
3.8370761275291443,
4.904704689979553,
3.7532049417495728,
5.0,
4.822140634059906,
4.890958070755005,
4.498210847377777,
4.521378874778748,
5.0,
4.940290451049805,
1.4099927246570587,
4.106385707855225,
4.848173260688782,
2.165466547012329,
2.9475659132003784,
4.776877462863922,
4.800589084625244,
4.936213791370392,
4.9282437562942505,
5.0,
5.0,
4.370732307434082,
5.000000596046448,
0.8435415476560593,
4.874690771102905,
4.958979487419128,
5.0,
3.7532687187194824,
4.644390344619751,
4.2847999930381775,
4.891265034675598,
4.950677752494812,
5.000000596046448,
4.763478636741638,
4.87878292798996,
4.898557364940643,
2.646760642528534,
4.698571562767029,
4.935896694660187,
3.3171090483665466,
5.0,
2.46261790394783,
4.803788959980011,
2.9071298241615295,
4.470754861831665,
4.6592628955841064,
4.879865944385529,
4.905242025852203,
4.934476912021637,
4.905842840671539,
0.6860944628715515,
4.901148974895477,
4.171392321586609,
5.000000596046448,
4.5576417446136475,
3.9036718010902405,
5.0,
4.6160852909088135,
4.799857139587402,
4.397919476032257,
0.49365054816007614,
4.890601336956024,
4.339247643947601,
5.000000596046448,
5.000000596046448,
4.950449168682098,
4.829423725605011,
4.710258841514587,
4.781778156757355,
4.24144983291626,
5.0,
3.5802555084228516,
4.858081340789795,
5.000000596046448,
4.821590483188629,
4.668599367141724,
4.752611815929413,
4.275645911693573,
4.593276381492615,
0.5988863855600357,
4.790633022785187,
1.1730840802192688,
4.574878513813019,
5.000000596046448,
2.5838330388069153,
4.91896390914917,
4.914787113666534,
4.922434389591217,
5.0,
4.905072450637817,
3.510727286338806,
4.925425946712494,
4.495390057563782,
0.974460244178772,
4.390531778335571,
4.900018870830536,
4.559373259544373,
5.000000596046448,
4.871724247932434,
3.9885109663009644,
4.9255406856536865,
4.47022408246994,
4.8011404275894165,
4.765627384185791,
1.983909010887146,
4.739513993263245,
0.9693970531225204,
0.7795748114585876,
4.633353054523468,
4.809302091598511,
4.925381541252136,
4.727354645729065,
4.66957151889801,
5.0,
3.7307310104370117,
4.95268702507019,
4.9711185693740845,
4.509862959384918,
0.8132678270339966,
4.110698401927948,
4.955952763557434,
5.000000596046448,
4.959263801574707,
4.890958070755005,
4.821244180202484,
4.645220041275024,
4.617747962474823,
2.47674360871315,
4.706878662109375,
4.6802785992622375,
5.000000596046448,
4.962697327136993,
4.670059978961945,
4.987126886844635,
3.761208951473236,
4.5092397928237915,
4.938642382621765,
4.566017985343933,
2.7740004658699036,
3.7579193711280823,
4.700047969818115,
4.388854205608368,
3.3545371890068054,
4.996069371700287,
0.9901788830757141,
4.941391944885254,
4.984585344791412,
4.607415199279785,
4.927037358283997,
3.235570788383484,
4.82575923204422,
2.1087229251861572,
4.1907235980033875,
4.375773370265961,
4.391278028488159,
3.6842915415763855,
4.923439025878906,
4.753177464008331,
4.944873750209808,
4.8504069447517395,
4.982945024967194,
4.901252388954163,
4.970113039016724,
4.947354197502136,
4.391445517539978,
5.0,
4.772824645042419,
0.32577887177467346,
4.898448586463928,
4.072424471378326,
4.902167022228241,
4.267028868198395,
2.9611527919769287,
4.757135808467865,
4.810681641101837,
4.899482727050781,
4.894530177116394,
4.815272092819214,
3.8432857394218445,
3.781108558177948,
4.786423444747925,
2.4404625594615936,
2.0317956805229187,
4.9565839767456055,
5.000000596046448,
4.609363377094269,
4.927915632724762,
4.694573283195496,
4.3592768907547,
1.4188416302204132,
4.978209733963013,
3.77134770154953,
4.449370503425598,
4.368099868297577,
4.568074643611908,
4.737054705619812,
5.0,
4.885618090629578,
4.906577467918396,
4.100084602832794,
0.572984591126442,
4.973074495792389,
4.943802356719971,
4.364046156406403,
4.799511432647705,
4.182255864143372,
4.1566115617752075,
4.601885080337524,
4.906898140907288,
4.009888172149658,
3.838774561882019,
3.436351716518402,
5.0,
4.080849885940552,
4.837720990180969,
3.991447687149048,
4.932166039943695,
4.192844927310944,
1.104186698794365,
4.394730627536774,
4.896095395088196,
4.9565353989601135,
4.752122163772583,
4.916506409645081,
4.944227635860443,
5.0,
4.3767049908638,
4.760404825210571,
4.892525374889374,
4.148443937301636,
5.0,
4.776213467121124,
4.876307845115662,
4.865564703941345,
5.0,
4.765627384185791,
4.224669635295868,
4.830915927886963,
4.7709232568740845,
3.290582597255707,
4.468955993652344,
4.991910457611084,
4.769546389579773,
4.226187467575073,
5.0,
4.612228870391846,
4.750786125659943,
2.9173284769058228,
4.797264933586121,
4.986418187618256,
4.405776858329773,
4.74834531545639,
4.754788279533386,
4.768038988113403,
4.409995377063751,
4.2655229568481445,
4.892056584358215,
3.305993974208832,
4.5432135462760925,
4.920263886451721,
2.7981609106063843,
4.145331382751465,
5.0,
4.9199360609054565,
4.225135445594788,
4.773796796798706,
4.576239883899689,
-0.8085855841636658,
5.0,
4.765035510063171,
4.8799729347229,
4.76786881685257,
4.983303546905518,
4.813378155231476,
4.515342712402344,
4.95807021856308,
4.414023756980896,
5.0,
5.000000596046448,
0.5727801471948624,
2.210955172777176,
3.06733638048172,
4.483434557914734,
5.0,
4.565463662147522,
4.732892215251923,
4.592967927455902,
4.942208826541901,
4.051576852798462,
4.297400712966919,
4.858009219169617,
5.000000596046448,
3.543368875980377,
4.594297111034393,
2.1523860096931458,
4.265016317367554,
4.811920523643494,
4.300435781478882,
4.571650326251984,
4.727784693241119,
4.258453845977783,
4.901148974895477,
4.454851150512695,
4.374873638153076,
3.8536816835403442,
4.349525570869446,
4.392574429512024,
4.829450845718384,
4.053688645362854,
4.834605157375336,
5.0,
5.000000596046448,
4.711564779281616,
4.865178167819977,
5.0,
5.000000596046448,
2.2734294831752777,
3.0573493242263794,
4.803860783576965,
5.0,
4.138612747192383,
4.976958930492401,
4.748607277870178,
1.3708151876926422,
5.0,
4.527319371700287,
4.955838918685913,
4.489147961139679,
5.0,
0.6144390255212784,
4.317659139633179,
5.0,
4.633844196796417,
4.920629262924194,
4.732220768928528,
4.744568765163422,
4.800269305706024,
4.521981775760651,
4.602700471878052,
4.470427334308624,
4.314488470554352,
3.9715245366096497,
4.879245460033417,
4.464661478996277,
1.4547008275985718,
4.932883679866791,
4.819683134555817,
4.594642817974091,
4.784803092479706,
4.558732509613037,
4.72499817609787,
4.427225291728973,
4.881944358348846,
4.333811700344086,
3.362915515899658,
3.5519835352897644,
4.7106850147247314,
4.747037291526794,
4.763478636741638,
4.906444549560547,
4.818563759326935,
4.841431677341461,
4.661740660667419,
4.72579687833786,
4.440770149230957,
4.741209149360657,
4.559723734855652,
3.1672242283821106,
4.375097751617432,
4.228555262088776,
1.1383582651615143,
4.626498520374298,
4.973618388175964,
5.0,
4.993051588535309,
4.370006024837494,
4.241933524608612,
4.85851913690567,
4.645220041275024,
4.6160852909088135,
4.6352991461753845,
3.5797715187072754,
4.245234727859497,
4.479176700115204,
4.5948874950408936,
4.7408726811409,
4.2788636684417725,
4.684730172157288,
4.672594964504242,
4.82279509305954,
4.836789965629578,
4.121147990226746,
4.94707852602005,
2.105741500854492,
4.325664639472961,
5.0,
4.185445308685303,
4.886821806430817,
0.4700993746519089,
5.000000596046448,
5.0,
2.5453215837478638,
1.4012055099010468,
5.000000596046448,
4.925734102725983,
4.597899615764618,
4.964284896850586,
4.690256118774414,
4.951305091381073,
4.3172332644462585,
4.557062089443207,
4.680437743663788,
5.0,
4.377296566963196,
3.438883423805237,
5.000000596046448,
0.8478695899248123,
5.0,
2.6440411806106567,
5.0,
5.0,
4.9303701519966125,
4.95023787021637,
4.87335205078125,
5.0,
5.0,
4.455167353153229,
4.509645104408264,
5.0,
5.000000596046448,
4.896095395088196,
4.4775718450546265,
3.4801018238067627,
4.508522152900696,
3.1488600373268127,
2.7237728238105774,
4.938006103038788,
4.2646461725234985,
4.876003861427307,
5.0,
4.564037919044495,
0.4295697808265686,
0.4848647117614746,
4.594236314296722,
4.530409574508667,
3.0551958084106445,
1.2697915732860565,
3.8575878739356995,
4.802021384239197,
4.749945104122162,
4.950882196426392,
4.887787699699402,
4.65073823928833,
4.616645574569702,
4.831879138946533,
0.943063497543335,
4.164544939994812,
4.830915927886963,
4.90248829126358,
4.70490038394928,
4.924321174621582,
4.941402971744537,
4.666363298892975,
4.622422158718109,
4.605169892311096,
4.160498678684235,
5.000000596046448,
4.558732509613037,
4.375773370265961,
4.640674591064453,
4.930111765861511,
4.714173972606659,
4.873291552066803,
4.958738684654236,
4.940105974674225,
4.971796870231628,
4.782356321811676,
4.0899282693862915,
4.725527465343475,
1.438254863023758,
4.826202094554901,
5.0,
4.6735429763793945,
3.0386418104171753,
4.493676126003265,
4.345792233943939,
4.2507874965667725,
3.420223891735077,
3.984489142894745,
4.639976322650909,
4.1159626841545105,
4.885728061199188,
4.408027827739716,
2.381136119365692,
4.8636263608932495,
4.78544294834137,
4.72399115562439,
4.956086575984955,
0.38675952702760696,
4.799349904060364,
3.5010242462158203,
4.438234567642212,
3.38910311460495,
4.359790086746216,
4.622391760349274,
4.809920489788055,
4.931584298610687,
4.965237975120544,
4.865666329860687,
3.974582850933075,
4.816984236240387,
3.3914658427238464,
4.721315503120422,
2.4109627306461334,
4.00395929813385,
4.892871379852295,
4.489999413490295,
5.0,
5.0,
5.000000596046448,
4.982757568359375,
-0.2809026278555393,
0.7406627386808395,
5.0,
4.817456305027008,
4.968530833721161,
4.828453958034515,
4.963448643684387,
4.155343174934387,
5.0,
4.085308909416199,
4.3384164571762085,
4.876451790332794,
4.63405579328537,
1.535753458738327,
4.830819070339203,
0.5275661870837212,
5.0,
4.757160544395447,
4.057950079441071,
2.7075251936912537,
4.1798511147499084,
4.957757592201233,
4.688630104064941,
5.000000596046448,
4.254153072834015,
4.837528467178345,
4.625604748725891,
4.983850717544556,
2.8374022245407104,
4.898967146873474,
4.970661401748657,
4.7247010469436646,
4.3767595291137695,
1.009204238653183,
4.401644468307495,
3.621649742126465,
5.0,
5.000000596046448,
4.749991297721863,
5.000000596046448,
4.931913316249847,
4.191514849662781,
4.027037024497986,
3.485969305038452,
4.813137650489807,
4.910920858383179,
4.412247538566589,
4.684890806674957,
3.7917661666870117,
5.0,
4.823585748672485,
5.0,
3.5737723112106323,
4.653641581535339,
3.927803635597229,
3.9994069933891296,
5.0,
3.841668963432312,
4.01688814163208,
4.747406542301178,
4.972884654998779,
3.859941065311432,
2.973324954509735,
3.2855144143104553,
4.738898873329163,
4.732638597488403,
2.4715247750282288,
4.422561228275299,
5.0,
4.841081500053406,
4.614714086055756,
3.9249026775360107,
4.973048567771912,
4.763731956481934,
4.671221375465393,
3.8295936584472656,
4.804120063781738,
4.568970799446106,
4.211888015270233,
4.305849075317383,
4.981573224067688,
4.8605164885520935,
5.0,
4.936009049415588,
5.0,
5.0,
4.876545965671539,
5.0,
0.5821216478943825,
4.683932960033417,
4.649472534656525,
4.618140757083893,
4.80726420879364,
4.702691733837128,
3.7877658009529114,
3.963078558444977,
4.893506765365601,
4.941264092922211,
4.949088096618652,
4.9268341064453125,
3.69547963142395,
5.0,
1.6396762430667877,
4.988064169883728,
4.989613890647888,
4.22165721654892,
4.731130301952362,
3.3794835209846497,
4.8688578605651855,
4.162020683288574,
2.2337402403354645,
4.890652596950531,
4.854758381843567,
4.884108603000641,
4.6506235003471375,
4.89634782075882,
2.8745236992836,
4.963004291057587,
4.516389071941376,
4.822598993778229,
4.945433735847473,
1.0386421531438828,
2.4175409972667694,
4.3120914697647095,
4.59729790687561,
4.773631691932678,
4.889342486858368,
4.834917187690735,
4.262158274650574,
4.539927542209625,
4.839366376399994,
4.91158127784729,
4.924241304397583,
1.9990472495555878,
4.7858235239982605,
4.2409056425094604,
4.667500555515289,
4.782830476760864,
3.6373552680015564,
4.309009909629822,
3.455154001712799,
5.0,
4.966169893741608,
5.0,
4.862490892410278,
1.4110520482063293,
4.555801153182983,
5.0,
4.573568403720856,
4.753119051456451,
1.5026064217090607,
4.603922665119171,
3.1334778666496277,
4.010010659694672,
4.349754452705383,
4.913496375083923,
4.076408743858337,
4.965837001800537,
4.686577320098877,
5.000000596046448,
4.687707424163818,
4.69126969575882,
4.991258680820465,
4.951410889625549,
4.830471575260162,
0.9481332451105118,
3.734639286994934,
4.980827867984772,
5.0,
3.938726484775543,
5.0,
4.8662808537483215,
5.000000596046448,
4.769286513328552,
5.0,
3.3664724230766296,
4.376196265220642,
4.091959893703461,
4.326184689998627,
4.923554956912994,
4.740681052207947,
4.658114314079285,
3.473517894744873,
4.387438595294952,
4.918211102485657,
4.959193170070648,
4.664328098297119,
4.8937126994133,
4.763638973236084,
4.248211979866028,
3.6159953474998474,
3.678971827030182,
4.396487176418304,
4.873717427253723,
4.737299680709839,
4.671637415885925,
4.68202143907547,
4.774352610111237,
5.000000596046448,
4.9201589822769165,
5.0,
4.893361926078796,
4.50081080198288,
4.882740378379822,
5.000000596046448,
4.834111034870148,
4.955165088176727,
4.977458417415619,
4.527599513530731,
4.909616708755493,
3.4578078985214233,
1.9164358079433441,
4.967838227748871,
1.949366182088852,
4.946081042289734,
5.0,
4.823550581932068,
4.9226462841033936,
4.926600754261017,
4.789887964725494,
1.348089873790741,
4.618937075138092,
4.724681377410889,
5.0,
4.85691100358963,
4.537203907966614,
4.387177228927612,
4.745106399059296,
4.378335773944855,
5.0,
4.744981825351715,
4.688951373100281,
4.380052983760834,
4.660045504570007,
5.000000596046448,
1.489773541688919,
4.867290258407593,
4.804254174232483,
4.463413059711456,
5.0,
4.6410515904426575,
3.1631112098693848,
3.667442500591278,
4.630444049835205,
4.262427985668182,
3.319656252861023,
4.275645911693573,
4.830273389816284,
0.9320423007011414,
4.511502683162689,
4.759449362754822,
4.687897562980652,
4.911385178565979,
5.0,
2.4768157303333282,
3.310651183128357,
3.4726792573928833,
5.000000596046448,
4.892405867576599,
5.0,
4.664236307144165,
5.0,
4.552828669548035,
4.398334622383118,
4.736318290233612,
3.9235782623291016,
1.3588888943195343,
4.960082173347473,
4.917386174201965,
4.655069708824158,
5.0,
4.54154372215271,
4.94108647108078,
5.0,
4.86121267080307,
3.1004881858825684,
2.5838330388069153,
4.798675179481506,
1.076812818646431,
4.447937905788422,
4.9865758419036865,
4.870910346508026,
3.758653700351715,
5.0,
4.9783942103385925,
4.724884629249573,
4.621540307998657,
4.787401854991913,
4.9206700921058655,
4.1480594873428345,
4.60085391998291,
5.000000596046448,
4.490099549293518,
2.842262387275696,
4.732086360454559,
4.383164644241333,
4.87937331199646,
4.9884384870529175,
4.501921236515045,
0.9838538616895676,
4.564037919044495,
5.0,
-0.014185309410095215,
2.916349768638611,
4.739375412464142,
4.274702370166779,
0.7840851694345474,
4.913401305675507,
4.842605292797089,
3.9984509348869324,
4.225412905216217,
4.410985112190247,
3.578295111656189,
5.0,
3.891541361808777,
4.283155798912048,
4.784302711486816,
4.164544939994812,
4.860529601573944,
4.06832754611969,
4.8442986607551575,
4.858081340789795,
4.614813327789307,
3.15518856048584,
4.837993681430817,
4.093597233295441,
5.0,
4.2005932331085205,
4.976171851158142,
4.921316504478455,
4.84636664390564,
4.929800927639008,
4.188890159130096,
5.000000596046448,
4.7815921902656555,
4.731137454509735,
4.708994626998901,
0.7897953689098358,
5.0,
4.820809960365295,
4.870953261852264,
4.86422598361969,
4.684905111789703,
4.443980157375336,
4.87657368183136,
5.0,
4.940696656703949,
1.1975396424531937,
2.682943046092987,
5.0,
5.0,
4.993127286434174,
4.697906076908112,
4.836081862449646,
3.8075125217437744,
5.000000596046448,
4.259180724620819,
4.5686376094818115,
3.9678433537483215,
2.4072574079036713,
4.6059828996658325,
5.0,
4.967235028743744,
4.423316419124603,
4.7621312737464905,
4.898323714733124,
4.928183853626251,
4.979046285152435,
4.506709277629852,
4.764399528503418,
5.0,
4.945533871650696,
0.3902284801006317,
4.74651962518692,
4.626045823097229,
4.012115001678467,
5.0,
4.979704916477203,
4.103756248950958,
4.536123871803284,
4.618016183376312,
4.874914288520813,
4.679685533046722,
4.464302659034729,
4.965569376945496,
4.900665581226349,
3.6612391471862793,
4.446452856063843,
1.6127802431583405,
5.000000596046448,
4.884026646614075,
4.96580958366394,
4.977900385856628,
4.986418187618256,
4.775916337966919,
4.516344666481018,
-0.2505398727953434,
3.7158533930778503,
5.000000596046448,
5.0,
3.883140981197357,
5.0,
4.896689057350159,
4.6873414516448975,
4.44608598947525,
4.018461108207703,
5.0,
0.1742260530591011,
4.702606201171875,
4.131867587566376,
4.1159626841545105,
4.907394051551819,
4.106079339981079,
4.596402049064636,
4.472330212593079