4.308226704597473,
4.97894674539566,
5.0,
4.526855647563934,
4.214236736297607,
4.641092419624329,
5.0,
4.934900403022766,
3.3100897073745728,
4.274915158748627,
4.4790831208229065,
4.313097298145294,
4.74145770072937,
0.6958804279565811,
4.979352355003357,
4.777789115905762,
3.673464059829712,
4.7286176681518555,
4.683089852333069,
4.177647531032562,
4.92739200592041,
4.701606929302216,
0.9303585439920425,
4.410500526428223,
1.22645765542984,
4.852883517742157,
4.907262921333313,
4.510177969932556,
3.9159011840820312,
3.7889349460601807,
4.705364406108856,
4.897972941398621,
4.481912851333618,
4.459623694419861,
2.929159104824066,
4.872031211853027,
4.766474366188049,
4.818269312381744,
4.902638494968414,
2.6784569025039673,
4.682952463626862,
4.704066812992096,
0.8908874541521072,
4.552742540836334,
4.810890555381775,
4.737979769706726,
4.464361071586609,
4.886884093284607,
3.458516001701355,
0.7287771254777908,
4.88503098487854,
5.000000596046448,
4.680841863155365,
4.106031358242035,
4.478734731674194,
2.788219153881073,
3.9272239804267883,
4.566745758056641,
4.684557616710663,
4.940229058265686,
4.684329926967621,
4.703418016433716,
4.635268449783325,
4.589472413063049,
4.368709623813629,
4.060519337654114,
4.877428114414215,
4.137212634086609,
4.722278416156769,
4.807364046573639,
3.6034944653511047,
4.403667151927948,
1.8366429209709167,
4.567761421203613,
4.015323519706726,
5.0,
4.601793885231018,
4.7497618198394775,
4.3535542488098145,
4.6078625321388245,
4.710126221179962,
5.000000596046448,
4.810890555381775,
4.778807759284973,
4.3465763330459595,
4.738047122955322,
3.1671738624572754,
4.723828434944153,
4.591448903083801,
4.485806822776794,
4.880978167057037,
4.927353262901306,
5.000000596046448,
4.730894863605499,
1.824544221162796,
4.0907904505729675,
4.024107456207275,
4.414861500263214,
4.013324081897736,
3.9331313967704773,
4.753102660179138,
4.714490473270416,
4.018363952636719,
4.534434080123901,
4.259428679943085,
4.9229514598846436,
3.799596130847931,
4.04137909412384,
4.82324481010437,
3.4856799244880676,
4.933168888092041,
4.302874803543091,
4.795590043067932,
5.000000596046448,
4.589472413063049,
4.2615580558776855,
4.827119708061218,
3.593149185180664,
4.909822046756744,
4.8518553376197815,
4.7860801219940186,
4.780797362327576,
4.743301868438721,
4.356801509857178,
4.563429951667786,
4.4791728258132935,
4.914411306381226,
4.724815785884857,
4.31404173374176,
4.557795524597168,
4.95316743850708,
4.771729409694672,
4.88434374332428,
3.6157742142677307,
0.7694040238857269,
3.7821346521377563,
4.351203441619873,
4.61018443107605,
4.9442532658576965,
4.595376253128052,
4.827814102172852,
3.6366966366767883,
4.529966115951538,
4.742452502250671,
2.8969180583953857,
4.411852955818176,
5.000000596046448,
4.237542748451233,
4.025144577026367,
4.807003736495972,
4.563926458358765,
4.804601669311523,
3.81930410861969,
4.614981114864349,
4.753346741199493,
4.010462164878845,
3.716580867767334,
4.652310609817505,
4.933090806007385,
4.229915142059326,
4.66462254524231,
5.000000596046448,
4.647758901119232,
4.739653170108795,
4.890755712985992,
4.8600709438323975,
5.000000596046448,
4.632653892040253,
4.906134009361267,
0.6008110195398331,
2.088720202445984,
4.504826664924622,
4.350157380104065,
4.719127416610718,
4.530351758003235,
4.017428159713745,
4.492620825767517,
3.9798378944396973,
4.902552664279938,
4.8576948046684265,
4.861994981765747,
4.819916188716888,
4.913338124752045,
4.739437103271484,
3.1842827796936035,
4.697713553905487,
4.5388248562812805,
4.948556423187256,
2.8432196378707886,
3.941914439201355,
3.7929561734199524,
3.731919527053833,
0.6688893586397171,
3.7657716870307922,
4.322316944599152,
4.877797365188599,
4.504899382591248,
4.829817116260529,
4.204408228397369,
5.000000596046448,
4.395778775215149,
4.577866196632385,
0.7821114361286163,
4.07656192779541,
2.1908776462078094,
1.1171555519104004,
4.893887042999268,
1.776513159275055,
4.011212587356567,
4.2311012744903564,
4.59931492805481,
5.000000596046448,
4.385311603546143,
4.159596264362335,
4.90373969078064,
4.838683605194092,
4.566895961761475,
3.397044837474823,
0.6582792848348618,
4.304011166095734,
4.800621569156647,
3.2306915521621704,
4.603663086891174,
4.473264515399933,
3.000519573688507,
4.608244001865387,
4.480040967464447,
0.678800642490387,
3.7324485182762146,
2.8697469830513,
4.877668917179108,
4.7054338455200195,
2.871057391166687,
-0.006692036986351013,
4.616612493991852,
1.291830986738205,
4.121537804603577,
4.7839778661727905,
4.527112245559692,
5.0,
4.75765734910965,
5.0,
3.619880974292755,
3.401012122631073,
5.0,
4.847228527069092,
4.058390855789185,
4.580713510513306,
4.793821573257446,
4.531467258930206,
4.758588075637817,
4.579821825027466,
4.652008414268494,
4.5043763518333435,
4.390172362327576,
1.8476346135139465,
3.7862753868103027,
4.262942373752594,
4.368709623813629,
3.773643970489502,
4.767293334007263,
4.951753914356232,
3.087669014930725,
5.000000596046448,
4.919304251670837,
2.0651021599769592,
4.907964468002319,
4.511977732181549,
4.691227078437805,
4.6184927225112915,
5.000000596046448,
4.314342737197876,
4.641890823841095,
4.4254374504089355,
2.7435660362243652,
4.642849862575531,
5.0,
4.953890740871429,
3.966444730758667,
4.697233438491821,
4.786388874053955,
4.34896856546402,
4.692676067352295,
4.243518710136414,
4.6329569816589355,
4.795384705066681,
3.8760679960250854,
5.0,
4.913759529590607,
3.078494071960449,
0.7282379269599915,
4.795888662338257,
0.824635922908783,
4.7851210832595825,
4.6528735756874084,
4.2712849378585815,
5.0,
4.543995261192322,
0.9123314172029495,
4.23314094543457,
4.417235851287842,
4.378643035888672,
4.73721981048584,
4.977246522903442,
4.39435750246048,
4.76081520318985,
4.292467534542084,
4.58358108997345,
3.871660530567169,
4.414806365966797,
4.3465763330459595,
3.678964078426361,
4.585107862949371,
4.5421963930130005,
4.775879085063934,
3.9689254760742188,
4.221011400222778,
4.382615685462952,
4.162297546863556,
4.467052519321442,
4.051455855369568,
4.589284360408783,
3.483631908893585,
4.6267169713974,
4.115576148033142,
4.695545136928558,
3.790823519229889,
4.050816297531128,
4.616631865501404,
3.684663772583008,
4.357532858848572,
1.0650064051151276,
4.14305716753006,
0.65688855946064,
4.507085680961609,
4.609287679195404,
4.911324977874756,
4.524170756340027,
4.608362019062042,
1.2297286093235016,
3.7834003567695618,
4.576130509376526,
4.1704487800598145,
4.843440353870392,
5.000000596046448,
2.774345576763153,
5.0,
4.932659268379211,
4.828148782253265,
4.800611138343811,
4.016755521297455,
5.0,
4.588646292686462,
4.9063193798065186,
4.397255778312683,
4.0976303815841675,
4.8918792605400085,
5.0,
4.643064737319946,
2.860671281814575,
4.364749789237976,
4.750951826572418,
0.9223611652851105,
3.6720654368400574,
4.514578580856323,
4.883264601230621,
4.457416534423828,
5.0,
4.49624627828598,
4.80515718460083,
4.9733200669288635,
3.1518322229385376,
3.1511953473091125,
4.384221434593201,
4.72680926322937,
4.466133117675781,
4.3854820728302,
5.000000596046448,
4.7301530838012695,
4.939877390861511,
4.962330758571625,
4.946629703044891,
4.736442565917969,
4.590970873832703,
4.639120399951935,
0.4028291627764702,
4.571121335029602,
4.554440081119537,
3.592052161693573,
4.28019791841507,
4.76606547832489,
4.785682260990143,
4.0428414940834045,
4.797672927379608,
3.6749866604804993,
4.292004704475403,
4.637416303157806,
4.475564956665039,
4.455234110355377,
4.473215937614441,
-0.21708151325583458,
4.897018074989319,
4.920108616352081,
4.855824708938599,
4.445950388908386,
3.9331313967704773,
4.851804971694946,
4.772176742553711,
4.309589266777039,
4.68991756439209,
4.655888080596924,
2.8955569863319397,
4.93162214756012,
4.680233001708984,
4.749674201011658,
4.04971182346344,
4.328698515892029,
4.94181901216507,
4.401399493217468,
4.776638150215149,
4.077062606811523,
4.649393558502197,
5.0,
5.0,
4.203096926212311,
4.168780148029327,
4.569476842880249,
4.336490035057068,
5.0,
4.370368123054504,
4.803005754947662,
4.932659268379211,
4.949781894683838,
4.779078364372253,
1.8209336698055267,
4.623402655124664,
4.17883038520813,
4.650633931159973,
4.5340487360954285,
4.955451190471649,
0.6616724282503128,
5.000000596046448,
4.758098721504211,
4.744054973125458,
4.417828917503357,
4.8217058181762695,
4.5654720067977905,
2.3617203533649445,
4.8971110582351685,
2.4916617572307587,
4.2861127853393555,
4.53829824924469,
3.065052628517151,
4.5994678139686584,
4.382615685462952,
4.205835163593292,
4.779768884181976,
3.619535267353058,
5.000000596046448,
3.385622799396515,
4.700491428375244,
5.0,
4.616612493991852,
4.162520468235016,
4.463358223438263,
4.795888662338257,
4.82272744178772,
4.666351079940796,
3.983950614929199,
4.939134120941162,
4.559915065765381,
2.9515650868415833,
4.565427899360657,
4.73848283290863,
1.1588861048221588,
3.7728843092918396,
4.62347686290741,
4.46381539106369,
4.4205403327941895,
5.0,
4.432918727397919,
3.420107662677765,
4.4038280844688416,
4.651864171028137,
3.8520842790603638,
3.928130865097046,
4.48594868183136,
5.0,
4.812222719192505,
4.58556205034256,
3.180941641330719,
3.9991801977157593,
3.7321650981903076,
4.757850170135498,
4.873782098293304,
3.8374805450439453,
4.2567068338394165,
5.0,
1.538093388080597,
4.887228012084961,
5.0,
4.7409844398498535,
5.0,
4.589144587516785,
4.9671670794487,
4.784609079360962,
4.623772501945496,
4.856509864330292,
4.6200889348983765,
4.649064838886261,
4.909656643867493,
4.951125085353851,
4.224775731563568,
4.6510714292526245,
4.4144949316978455,
4.88434374332428,
4.570361375808716,
4.54468309879303,
3.827418088912964,
4.721844792366028,
4.566460847854614,
3.721737265586853,
4.957200288772583,
4.7839778661727905,
4.686014652252197,
4.424950182437897,
3.653428852558136,
4.689998626708984,
1.614207774400711,
4.397480487823486,
4.62104856967926,
4.798183739185333,
4.22537624835968,
1.3846376538276672,
4.4072288274765015,
5.0,
4.817114770412445,
3.821548819541931,
3.9010512828826904,
4.195389151573181,
4.786797761917114,
4.711337089538574,
4.522057771682739,
4.67457115650177,
4.7108060121536255,
4.301123321056366,
3.2835257053375244,
4.789513051509857,
4.468144178390503,
4.567696452140808,
4.516918659210205,
3.1380265951156616,
4.289737343788147,
4.926506280899048,
4.269031882286072,
4.889618754386902,
4.765435457229614,
4.202233552932739,
4.745106101036072,
4.833984673023224,
4.7067683935165405,
4.671951532363892,
4.6717458963394165,
3.672192096710205,
5.0,
4.39309686422348,
4.29526150226593,
4.726065397262573,
4.837434887886047,
4.596835374832153,
4.673319756984711,
4.962216019630432,
4.419339299201965,
4.75167453289032,
4.867035448551178,
4.634653925895691,
3.7705594301223755,
3.410026729106903,
2.528311014175415,
5.000000596046448,
4.712841808795929,
5.0,
4.535499811172485,
4.462532103061676,
4.780591428279877,
4.032467901706696,
4.231166243553162,
4.3302589654922485,
5.000000596046448,
4.730482697486877,
4.595268964767456,
3.856363594532013,
4.982585310935974,
4.752666652202606,
4.00504469871521,
4.177016615867615,
3.5828551650047302,
4.952565133571625,
4.448772668838501,
4.51335072517395,
4.585304856300354,
4.36811238527298,
5.0,
3.4780800342559814,
5.0,
4.5955100655555725,
3.9201733469963074,
4.26074355840683,
4.7180163860321045,
4.628831744194031,
4.7241610288619995,
4.661873877048492,
3.6967960000038147,
5.000000596046448,
3.945799171924591,
2.5117623805999756,
4.878333210945129,
3.657190501689911,
4.798496961593628,
4.721614420413971,
4.799255728721619,
4.366478323936462,
4.53586608171463,
4.868096709251404,
4.077340364456177,
4.73261296749115,
4.701755344867706,
4.468652904033661,
4.580568969249725,
4.488478899002075,
4.640917778015137,
5.0,
5.0,
3.3606895804405212,
3.2306915521621704,
5.0,
4.70447301864624,
3.975074291229248,
2.306923419237137,
3.6874571442604065,
4.504779875278473,
0.10772764682769775,
4.679900109767914,
2.6660051941871643,
4.3452876806259155,
4.738369584083557,
4.46070671081543,
4.42656934261322,
4.222371578216553,
4.151961803436279,
5.000000596046448,
4.162297546863556,
2.142382711172104,
4.951956272125244,
4.840600490570068,
4.076528251171112,
4.929331839084625,
5.000000596046448,
4.5506104826927185,
4.911984801292419,
3.8829219341278076,
4.742339253425598,
4.605686366558075,
4.397035837173462,
4.016349017620087,
4.661873877048492,
3.506374955177307,
4.878913164138794,
4.509400129318237,
4.876725971698761,
4.230566322803497,
5.000000596046448,
4.360312819480896,
4.853537082672119,
3.6749866604804993,
5.0,
4.312213361263275,
1.1211489140987396,
4.745470285415649,
0.8857506513595581,
5.0,
4.1068583726882935,
4.682952463626862,
1.6884501278400421,
4.146591126918793,
4.4676849246025085,
1.286684274673462,
4.316297769546509,
4.821828007698059,
4.832316637039185,
2.1763144433498383,
2.468934804201126,
4.842824339866638,
4.862959384918213,
3.846295475959778,
4.594097435474396,
4.61409330368042,
5.000000596046448,
4.281209111213684,
4.3508380651474,
4.368208050727844,
5.0,
4.764905571937561,
3.9019647240638733,
4.033357203006744,
4.903892278671265,
4.83823835849762,
3.742290735244751,
4.596605598926544,
4.726734757423401,
4.655568599700928,
4.5674848556518555,
4.976004958152771,
4.211731553077698,
4.077062010765076,
4.939485192298889,
5.0,
4.72788393497467,
4.161880910396576,
4.3069517612457275,
2.49486967921257,
4.661648869514465,
1.6638222336769104,
3.990221619606018,
3.987136483192444,
4.948472380638123,
4.905162751674652,
3.1842827796936035,
3.547780215740204,
4.65805858373642,
4.86334353685379,
0.9857073426246643,
3.988887369632721,
4.86165463924408,
4.694371223449707,
1.1736974865198135,
4.686732590198517,
4.9207934737205505,
0.5407201126217842,
4.632446467876434,
3.4219348430633545,
4.61409330368042,
4.852834343910217,
3.396908938884735,
4.89403635263443,
4.391964077949524,
5.000000596046448,
4.485872387886047,
4.141089916229248,
5.0,
4.040785431861877,
4.631815552711487,
4.402257204055786,
4.11882758140564,
4.053540527820587,
4.744054973125458,
4.797163307666779,
4.358445405960083,
4.0394675731658936,
4.886884093284607,
4.439719915390015,
4.901473522186279,
4.498345255851746,
4.612456560134888,
3.3059537410736084,
4.5225366950035095,
4.516529440879822,
4.4027650356292725,
4.474520981311798,
4.9389564990997314,
4.804117679595947,
1.291830986738205,
4.385708272457123,
4.454132914543152,
3.8767117261886597,
4.387291073799133,
2.978517711162567,
4.581361413002014,
4.822239875793457,
4.857574701309204,
4.663914442062378,
4.581544995307922,
4.704061150550842,
5.000000596046448,
5.0,
4.330253005027771,
2.7339601516723633,
4.178496301174164,
4.435561001300812,
3.1265023350715637,
5.0,
4.464017748832703,
1.3099922239780426,
4.623378217220306,
4.55873429775238,
3.3026108145713806,
4.300665855407715,
4.917992949485779,
4.606003761291504,
4.829870164394379,
4.119137525558472,
4.710217714309692,
4.883944988250732,
3.672192096710205,
4.944232702255249,
4.648582935333252,
0.672784224152565,
4.530667960643768,
4.6141716837883,
0.06618973333388567,
4.925792217254639,
5.000000596046448,
4.911205172538757,
0.48862989991903305,
4.742628037929535,
4.001320004463196,
5.000000596046448,
4.18346107006073,
4.852117896080017,
3.5296815633773804,
1.8846480548381805,
0.4162120819091797,
5.0,
4.847961664199829,
4.701589345932007,
4.616001844406128,
4.460958540439606,
2.9661214351654053,
5.0,
4.57272082567215,
4.422469735145569,
4.579892158508301,
4.735392928123474,
4.390413761138916,
4.529840350151062,
4.847146272659302,
4.608244001865387,
5.000000596046448,
4.755180776119232,
4.195389151573181,
4.132385551929474,
4.8520272970199585,
4.513200521469116,
4.745906591415405,
4.882531762123108,
3.0451402068138123,
4.256419539451599,
4.554430246353149,
4.300603270530701,
4.47132408618927,
3.8081905245780945,
4.5164114236831665,
5.0,
4.469146132469177,
4.883036315441132,
4.884926676750183,
4.848305583000183,
4.969894587993622,
4.058390855789185,
4.272257089614868,
5.0,
4.050244987010956,
3.7058037519454956,
4.342593550682068,
4.385319352149963,
5.0,
4.669593274593353,
3.936423361301422,
4.500073194503784,
4.624447226524353,
3.3630818128585815,
4.946819543838501,
4.871549606323242,
4.927380084991455,
4.635903239250183,
4.757896661758423,
4.261600971221924,
3.9068806171417236,
4.553822576999664,
3.403359353542328,
3.8767582178115845,
4.632648229598999,
4.652008414268494,
0.4722592607140541,
4.380562603473663,
4.706298112869263,
4.814229607582092,
4.853067398071289,
5.000000596046448,
5.0,
4.077340364456177,
4.712841808795929,
4.212115108966827,
4.776638150215149,
4.770914316177368,
4.748224318027496,
4.9029457569122314,
4.381421804428101,
4.879805743694305,
4.883425235748291,
4.1329604387283325,
4.824501276016235,
4.8347407579422,
4.51913982629776,
4.490121006965637,
3.7403997778892517,
4.410063624382019,
4.402894973754883,
5.0,
4.410800337791443,
4.404216408729553,
5.000000596046448,
1.3782566785812378,
4.686695635318756,
3.541448712348938,
4.045798480510712,
4.165486693382263,
3.1300610303878784,
4.703861176967621,
4.613838195800781,
4.278123378753662,
4.717308282852173,
4.7583529353141785,
4.585148394107819,
3.7401017546653748,
0.4351944848895073,
4.870863556861877,
3.0372533202171326,
0.3692534938454628,
4.58111971616745,
4.053612947463989,
4.333640933036804,
4.555121064186096,
4.357249736785889,
0.3076547384262085,
4.229878187179565,
4.290750622749329,
5.0,
3.986959755420685,
4.879616796970367,
1.23997300863266,
4.53829824924469,
4.390217065811157,
4.171708822250366,
4.820032119750977,
4.546742737293243,
4.607699513435364,
4.860659837722778,
4.475777745246887,
1.4086274802684784,
4.952211380004883,
0.2656044624745846,
4.500123858451843,
5.0,
5.0,
5.000000596046448,
4.3452876806259155,
4.3109530210494995,
4.033357203006744,
4.930700659751892,
3.7290698289871216,
4.491888880729675,
4.44797158241272,
4.122398793697357,
0.6640899926424026,
4.36976820230484,
4.358692467212677,
4.506649374961853,
4.4955819845199585,
4.463591575622559,
4.46647047996521,
5.0,
3.864937722682953,
4.58273857831955,
3.377087116241455,
3.4310826659202576,
4.545346200466156,
5.000000596046448,
4.000117480754852,
4.712396264076233,
5.000000596046448,
4.803045094013214,
4.882916212081909,
3.8167747855186462,
4.349359571933746,
4.730664491653442,
4.526228904724121,
3.722875714302063,
1.273755431175232,
4.910580515861511,
1.0671864449977875,
1.948772817850113,
3.650239109992981,
4.62104856967926,
3.3596736192703247,
4.9518826603889465,
4.547314941883087,
4.07435804605484,
3.956083059310913,
4.42915678024292,
4.818794429302216,
4.941728413105011,
5.0,
4.580650329589844,
4.7025880217552185,
4.662144780158997,
4.686203598976135,
4.482854902744293,
4.63186651468277,
4.638864994049072,
4.272257089614868,
5.0,
4.980393648147583,
2.77950257062912,
4.350054860115051,
4.110618233680725,
4.04458612203598,
3.9508235454559326,
4.504132866859436,
4.809809923171997,
0.06519812159240246,
4.489282071590424,
4.730405211448669,
2.8140193223953247,
4.224775731563568,
3.5822388529777527,
3.844260275363922,
3.915131390094757,
4.631277918815613,
4.776557087898254,
4.211969971656799,
3.836061656475067,
4.224335849285126,
4.698684513568878,
4.899909496307373,
1.7380592226982117,
4.892424941062927,
4.9368396401405334,
4.715949594974518,
2.714208960533142,
4.355889558792114,
4.598594903945923,
4.512258172035217,
4.890371263027191,
4.925489127635956,
3.333979845046997,
4.830925464630127,
4.711862802505493,
4.410500526428223,
4.319226443767548,
4.906270503997803,
3.7944036722183228,
4.005677700042725,
4.480109214782715,
4.356476962566376,
5.0,
3.7163788080215454,
0.03839479759335518,
4.134100675582886,
4.643710255622864,
4.468854665756226,
4.414861500263214,
4.4946178793907166,
4.5955100655555725,
4.018363952636719,
3.8391265273094177,
4.970340132713318,
4.855773448944092,
5.000000596046448,
0.6348414719104767,
5.000000596046448,
4.612498581409454,
4.532744288444519,
4.3227508664131165,
4.331247806549072,
4.385708272457123,
4.5071980357170105,
4.729570150375366,
4.45065975189209,
4.4417232275009155,
3.0287253856658936,
4.913821220397949,
4.487423896789551,
4.650633931159973,
5.0,
4.398541152477264,
4.41325306892395,
5.0,
4.48288768529892,
5.000000596046448,
4.800449907779694,
4.616093337535858,
4.66741144657135,
4.205776751041412,
4.495639204978943,
5.0,
4.130181074142456,
4.94141548871994,
4.980393648147583,
4.766114354133606,
5.0,
4.910327196121216,
4.474363327026367,
4.397035837173462,
3.9446964859962463,
4.437422156333923,
4.52713668346405,
4.586614668369293,
3.312111496925354,
4.334512948989868,
4.635509252548218,
4.706898927688599,
5.0,
3.614860773086548,
4.560476541519165,
4.671605229377747,
4.766445755958557,
4.897018074989319,
5.0,
1.4696243405342102,
4.6633827686309814,
4.81562465429306,
4.814006984233856,
1.5768428146839142,
4.63153600692749,
4.778807759284973,
4.753102660179138,
4.935423135757446,
4.305247664451599,
4.833388030529022,
4.566296935081482,
4.260846376419067,
5.0,
4.603663086891174,
4.635509252548218,
5.0,
0.4080887511372566,
4.487423896789551,
2.2884365916252136,
3.74190092086792,
4.269031882286072,
4.579332172870636,
3.902975618839264,
4.7427961230278015,
4.811546206474304,
4.765857458114624,
4.53927218914032,
5.000000596046448,
4.8056760430336,
4.9063193798065186,
3.741065561771393,
1.4558815956115723,
0.7795847952365875,
4.862167835235596,
2.4470150470733643,
4.175128638744354,
4.81819361448288,
4.874862432479858,
4.618980288505554,
2.5613656640052795,
4.867659509181976,
4.264039397239685,
5.000000596046448,
4.879805743694305,
4.700363874435425,
2.7938246726989746,
4.599909484386444,
4.482854902744293,
4.016624689102173,
3.547780215740204,
4.918568730354309,
4.054397344589233,
4.390172362327576,
4.566442966461182,
4.869647026062012,
0.45003026723861694,
3.619535267353058,
4.93162214756012,
5.0,
3.775286078453064,
4.482329487800598,
4.713456928730011,
5.0,
4.882916212081909,
4.616093337535858,
4.789901375770569,
4.558817148208618,
3.9891719818115234,
4.816716909408569,
4.500730931758881,
3.1300610303878784,
4.823741614818573,
4.891365170478821,
5.0,
5.0,
4.398389458656311,
4.3907299637794495,
4.3069517612457275,
4.455639123916626,
4.542069435119629,
4.1597095131874084,
4.271261990070343,
4.425904154777527,
4.882340729236603,
4.499130845069885,
1.0118651390075684,
4.5071423053741455,
4.7492316365242,
4.830261766910553,
4.00762140750885,
4.049317836761475,
4.162232875823975,
3.836061656475067,
4.7745481133461,
4.299910664558411,
4.726734757423401,
5.000000596046448,
5.000000596046448,
5.0,
4.651864171028137,
4.691408276557922,
4.6993279457092285,
4.077988862991333,
4.499848484992981,
4.050244987010956,
4.753030240535736,
4.7314512729644775,
4.9359965324401855,
4.420046508312225,
4.708878397941589,
5.000000596046448,
4.403535723686218,
4.7441565990448,
4.079432487487793,
0.7259448617696762,
4.451704919338226,
5.0,
4.581287503242493,
3.984268307685852,
4.469750225543976,
2.8742659091949463,
4.4135478138923645,
4.922604560852051,
4.3868982791900635,
1.5826831758022308,
4.931515455245972,
3.420107662677765,
4.887859225273132,
1.9556127488613129,
5.0,
4.241625070571899,
4.951076507568359,
3.9378726482391357,
4.173389971256256,
4.780045747756958,
4.937669634819031,
4.90451455116272,
4.711444079875946,
4.2612504959106445,
4.433244168758392,
4.490261971950531,
4.767330288887024,
3.678964078426361,
4.798475205898285,
3.5711681842803955,
4.733367562294006,
4.6456968784332275,
3.740890920162201,
4.823457598686218,
3.9459842443466187,
4.071400761604309,
4.151961803436279,
4.119004011154175,
4.969547390937805,
3.9730653166770935,
2.2409066557884216,
4.508130252361298,
4.977149963378906,
4.42915678024292,
4.685770571231842,
2.972707748413086,
4.675572514533997,
4.024579226970673,
4.567520618438721,
4.904331564903259,
4.588774144649506,
0.9101825952529907,
4.5754483342170715,
3.132603168487549,
3.9308857917785645,
3.6222469806671143,
4.935137629508972,
4.417235851287842,
4.048813581466675,
5.0,
3.7956783175468445,
4.656767249107361,
2.9182028770446777,
4.258914887905121,
3.5345691442489624,
4.921068549156189,
4.848799705505371,
4.5956966280937195,
4.285792112350464,
4.8336029052734375,
4.500073194503784,
4.3109530210494995,
3.9159011840820312,
4.834223687648773,
4.643710255622864,
4.546659588813782,
1.4261280000209808,
4.726517498493195,
4.551001787185669,
5.0,
4.404298663139343,
4.883449077606201,
4.685740768909454,
4.256685376167297,
4.649006128311157,
4.85279768705368,
4.398617744445801,
3.0906951427459717,
5.0,
4.429222047328949,
0.19893096759915352,
4.759007096290588,
4.1912537813186646,
4.930954277515411,
4.917627274990082,
4.745477139949799,
4.459615349769592,
4.47132408618927,
4.889618754386902,
3.015632927417755,
4.636266827583313,
4.449790120124817,
5.0,
4.57808256149292,
4.487190544605255,
4.302693605422974,
3.9692112803459167,
1.096801906824112,
4.452629387378693,
4.665663838386536,
3.162764310836792,
4.649064838886261,
4.465331733226776,
1.3547265529632568,
4.7002387046813965,
4.447106122970581,
3.6874571442604065,
4.97107207775116,
4.5067209005355835,
4.933516085147858,
5.0,
4.504429399967194,
4.646254479885101,
4.736442565917969,
5.0,
4.1596949100494385,
4.8890769481658936,
4.178496301174164,
4.879949688911438,
4.587641954421997,
4.069822728633881,
4.793953597545624,
4.464600384235382,
1.622198075056076,
4.00762140750885,
5.0,
4.510604441165924,
4.779078364372253,
4.735396504402161,
4.668064117431641,
4.708648324012756,
4.955598413944244,
4.500123858451843,
4.764485955238342,
1.1450204253196716,
4.96379941701889,
5.0,
4.365028142929077,
4.230005145072937,
4.836656153202057,
1.6903987526893616,
4.572598338127136,
5.0,
4.920108616352081,
4.658443927764893,
4.399495720863342,
5.0,
4.768847823143005,
4.825211465358734,
0.6852630525827408,
5.000000596046448,
5.0,
4.730636477470398,
4.718775451183319,
4.835862815380096,
4.44797158241272,
5.000000596046448,
3.634885549545288,
4.909778833389282,
4.8413848876953125,
4.508616030216217,
5.0,
4.76350724697113,
4.799531698226929,
4.162232875823975,
4.547159671783447,
4.302843511104584,
3.2665061950683594,
4.029448628425598,
4.550124406814575,
4.651663899421692,
4.642851948738098,
4.750249087810516,
4.566112756729126,
0.6457922607660294,
4.661058783531189,
4.4144949316978455,
4.51913982629776,
4.480040967464447,
4.4201308488845825,
5.0,
3.982066810131073,
4.7417667508125305,
4.58956241607666,
3.377327024936676,
4.910327196121216,
4.72941517829895,
4.531611502170563,
2.34280064702034,
2.2941768169403076,
3.7626677751541138,
4.916709363460541,
4.777789115905762,
4.258914887905121,
4.376159906387329,
5.0,
4.3830761313438416,
4.628621935844421,
4.669941067695618,
2.743692696094513,
3.4587252140045166,
4.554440081119537,
0.3333338722586632,
4.8931995034217834,
4.898847043514252,
5.0,
4.813069105148315,
4.345381557941437,
4.716746807098389,
4.5071423053741455,
4.637453556060791,
3.982066810131073,
4.655888080596924,
2.185375988483429,
4.64388370513916,
3.8347938656806946,
4.9368396401405334,
2.8319814801216125,
1.5610462427139282,
4.991840720176697,
1.1932656168937683,
4.386482834815979,
3.182094693183899,
4.558621048927307,
4.1329604387283325,
4.53586608171463,
4.517713487148285,
4.650203287601471,
5.0,
4.9360159039497375,
4.62306946516037,
4.687052071094513,
4.8686683177948,
4.672969281673431,
3.986799120903015,
4.842877388000488,
3.8337668776512146,
4.295899868011475,
4.68002051115036,
4.701312780380249,
4.894991219043732,
4.62505042552948,
4.4791728258132935,
4.168780148029327,
5.000000596046448,
4.594311714172363,
4.315809607505798,
4.839765429496765,
5.000000596046448,
5.000000596046448,
3.542034327983856,
0.5316410586237907,
4.5151686668396,
5.0,
4.844514727592468,
4.104246199131012,
5.000000596046448,
5.0,
5.0,
4.5883965492248535,
5.000000596046448,
4.471117556095123,
0.503372997045517,
4.9395594000816345,
2.093758136034012,
4.943171739578247,
4.728327095508575,
3.870103359222412,
4.9267661571502686,
4.566895961761475,
4.441490471363068,
4.410150945186615,
4.288200736045837,
4.900699853897095,
4.768008589744568,
4.677401781082153,
4.860023558139801,
4.956534206867218,
5.0,
4.800882339477539,
4.726196825504303,
4.794517159461975,
4.6103304624557495,
4.9787381291389465,
5.0,
3.403359353542328,
4.866268634796143,
4.887179434299469,
4.759298861026764,
0.6704653799533844,
1.3085943460464478,
4.813368916511536,
5.0,
4.64011549949646,
4.7389402985572815,
3.9201733469963074,
4.737181663513184,
4.937144219875336,
3.944888114929199,
4.211186170578003,
4.214228391647339,
4.465140104293823,
3.9489012956619263,
2.683151662349701,
5.0,
4.724803268909454,
5.0,
4.6528735756874084,
5.0,
0.532345287501812,
4.622272551059723,
4.270806312561035,
4.917467832565308,
4.306167662143707,
4.9167850613594055,
4.153279066085815,
3.3215656876564026,
4.819058179855347,
1.1553679406642914,
4.450716972351074,
4.744387567043304,
4.6450114250183105,
2.514345347881317,
3.966444730758667,
4.480109214782715,
4.770914316177368,
0.32780732959508896,
3.402963876724243,
4.850130379199982,
0.9865431487560272,
4.482637643814087,
4.891292154788971,
3.1958866119384766,
1.1436887085437775,
4.346185922622681,
5.0,
4.180337190628052,
5.0,
3.850182890892029,
5.000000596046448,
4.835924208164215,
5.0,
4.9442338943481445,
4.439249634742737,
4.665442407131195,
4.346330165863037,
2.4233660101890564,
4.574946165084839,
2.3890040814876556,
4.322155714035034,
4.52007532119751,
3.440520763397217,
5.0,
5.000000596046448,
4.829589128494263,
4.357532858848572,
3.1002554297447205,
3.9208340644836426,
3.8475656509399414,
2.7813079953193665,
-0.12553554959595203,
4.0325728058815,
4.89130973815918,
2.11016982793808,
4.678405523300171,
4.440754055976868,
4.52263742685318,
1.0207303613424301,
4.471440613269806,
5.0,
3.9706984162330627,
1.95259690284729,
4.480139911174774,
5.000000596046448,
4.923459887504578,
4.551699161529541,
4.880628883838654,
4.6345654129981995,
4.772587716579437,
4.766445755958557,
4.906539022922516,
4.92676168680191,
4.68131959438324,
4.811546206474304,
4.7384896874427795,
3.5077691078186035,
4.61407333612442,
3.946535587310791,
4.846281409263611,
3.302115797996521,
4.749795198440552,
4.805746376514435,
4.524393677711487,
4.244610965251923,
4.624186754226685,
5.0,
5.0,
2.5314325094223022,
4.814126491546631,
4.922537207603455,
5.000000596046448,
4.701871871948242,
4.233007431030273,
4.890139400959015,
4.839245975017548,
5.000000596046448,
4.464017748832703,
4.878284931182861,
4.589284360408783,
4.27924782037735,
4.3510812520980835,
4.482121169567108,
3.1872382760047913,
5.0,
4.350022375583649,
5.0,
4.852117896080017,
2.660629153251648,
3.644387423992157,
4.156097173690796,
4.777019619941711,
4.515888690948486,
4.796341359615326,
5.0,
4.961697161197662,
4.568673670291901,
4.727270007133484,
4.708648324012756,
4.23314094543457,
4.529460668563843,
0.8961547166109085,
0.39372701197862625,
3.8128548860549927,
4.953144788742065,
4.579892158508301,
4.146243035793304,
4.624186754226685,
4.335446059703827,
4.599909484386444,
4.562889933586121,
4.618339538574219,
4.178290963172913,
4.868096709251404,
4.51558530330658,
4.845351278781891,
4.5267486572265625,
4.822800159454346,
4.630948305130005,
4.292467534542084,
4.925058484077454,
4.955451190471649,
4.768314957618713,
4.005677700042725,
3.4977489709854126,
4.871568381786346,
4.961941838264465,
3.284437358379364,
0.5385954305529594,
4.82816219329834,
4.728204011917114,
4.872779846191406,
5.000000596046448,
3.835572302341461,
4.766099154949188,
4.6108803153038025,
4.011940956115723,
4.346330165863037,
2.261500060558319,
4.613420367240906,
4.816078543663025,
4.959508776664734,
4.623402655124664,
4.5267486572265625,
4.907289743423462,
4.9281322956085205,
4.910126626491547,
4.651232659816742,
4.016349017620087,
5.0,
4.104108810424805,
4.839922189712524,
1.1956031620502472,
0.3452068567276001,
4.508247673511505,
4.6329569816589355,
4.779773056507111,
4.816078543663025,
4.464600384235382,
3.703377842903137,
4.580650329589844,
4.366478323936462,
4.581890404224396,
3.7704819440841675,
0.30561167746782303,
5.000000596046448,
5.0,
4.952054023742676,
4.4041430950164795,
4.474542737007141,
4.801591336727142,
4.658474624156952,
4.426414966583252,
4.7056713700294495,
4.749795198440552,
0.3450329229235649,
4.383586645126343,
4.333640933036804,
4.139208793640137,
4.550154805183411,
4.679047465324402,
4.812127947807312,
4.952578842639923,
2.3823153972625732,
4.14305716753006,
4.904696345329285,
4.78001743555069,
3.828308582305908,
3.353436589241028,
2.0142358541488647,
4.728700518608093,
4.883944988250732,
4.9661001563072205,
4.832168817520142,
4.413087368011475,
4.203096926212311,
4.727892875671387,
4.260846376419067,
1.4734987914562225,
4.777710735797882,
4.215606451034546,
4.673319756984711,
4.733205139636993,
3.8936516642570496,
4.8533061146736145,
5.000000596046448,
4.682730734348297,
1.3489523530006409,
4.228844046592712,
3.941512405872345,
3.9730653166770935,
4.681740403175354,
4.05884325504303,
4.34043824672699,
4.750567972660065,
5.0,
4.488478899002075,
4.215606451034546,
4.613838195800781,
1.6123066842556,
4.933516085147858,
2.2516216337680817,
5.0,
4.153473079204559,
4.983826279640198,
0.7626255601644516,
4.639796018600464,
4.608362019062042,
4.386918842792511,
4.417049288749695,
4.509322345256805,
4.763233065605164,
4.151968955993652,
3.1195199489593506,
4.21146959066391,
4.579821825027466,
4.6621257066726685,
4.127430617809296,
4.7067683935165405,
4.720463752746582,
4.966807961463928,
4.678800702095032,
4.256685376167297,
4.34391051530838,
4.495393633842468,
4.7543346881866455,
4.536736607551575,
4.780591428279877,
4.479886591434479,
4.762931168079376,
4.79659378528595,
4.906613826751709,
4.736203551292419,
4.526566863059998,
5.0,
4.9014899134635925,
4.581544995307922,
4.636103510856628,
3.986274003982544,
5.0,
4.743127524852753,
3.8607388734817505,
5.000000596046448,
4.845050275325775,
4.9039119482040405,
4.609241485595703,
4.415409564971924,
4.5864105224609375,
3.988887369632721,
3.0233120918273926,
0.5191343650221825,
4.8520272970199585,
4.500154554843903,
2.525331974029541,
4.482121169567108,
2.765365242958069,
4.927923679351807,
0.7871147990226746,
3.7352222204208374,
4.378596544265747,
4.230005145072937,
5.0,
4.715540111064911,
4.728327095508575,
4.842670559883118,
3.4497424960136414,
3.5704967379570007,
4.62505042552948,
4.369153678417206,
1.8879705667495728,
4.013771414756775,
4.53064501285553,
4.510451555252075,
4.889975190162659,
3.8767582178115845,
0.9756724536418915,
5.0,
4.514682292938232,
4.6034881472587585,
4.813548922538757,
3.0233120918273926,
4.6034881472587585,
1.5372999012470245,
3.5485434532165527,
4.844058156013489,
3.956083059310913,
4.364865720272064,
4.869843423366547,
4.8272377252578735,
3.96515816450119,
4.732294678688049,
4.579091668128967,
4.450090229511261,
4.650843441486359,
3.6157742142677307,
4.680772423744202,
4.464481770992279,
4.754919111728668,
4.849984049797058,
5.000000596046448,
0.5420798808336258,
4.6510690450668335,
5.0,
4.628161787986755,
4.835716485977173,
4.733841717243195,
3.6366966366767883,
4.452909529209137,
4.80313241481781,
5.0,
3.5282158851623535,
3.7781181931495667,
2.704889178276062,
3.2218241691589355,
4.543129801750183,
4.881052672863007,
4.87440824508667,
5.0,
4.506838023662567,
4.5664021372795105,
4.276043772697449,
3.9842939376831055,
1.5395471453666687,
4.496451020240784,
4.228844046592712,
4.849178791046143,
4.809594750404358,
5.000000596046448,
4.786508679389954,
3.8936516642570496,
3.6584967374801636,
0.4173336550593376,
4.678261578083038,
4.809244871139526,
4.689522385597229,
4.356134533882141,
4.644158780574799,
3.775286078453064,
4.279712438583374,
0.39382051676511765,
3.8812702894210815,
4.72483217716217,
5.000000596046448,
4.627009034156799,
1.2903299927711487,
3.3415937423706055,
4.515423774719238,
4.496247470378876,
4.651201367378235,
4.414545297622681,
4.363568127155304,
4.361488223075867,
4.344707727432251,
4.184764921665192,
4.845879971981049,
4.039885103702545,
1.5556517243385315,
4.903709888458252,
4.371508955955505,
4.698624312877655,
2.7622702717781067,
3.7626677751541138,
5.0,
4.759737551212311,
-0.0701661966741085,
0.6297580897808075,
4.813368916511536,
3.2835257053375244,
4.956821799278259,
3.8061651587486267,
-0.027090488001704216,
4.888271689414978,
4.946179389953613,
4.582120776176453,
4.259393215179443,
5.0,
4.45065975189209,
4.554402828216553,
4.8431965708732605,
4.504429399967194,
2.8473150730133057,
2.765365242958069,
4.571704268455505,
4.656115472316742,
4.60209459066391,
1.1060334742069244,
4.908436834812164,
0.4195922240614891,
4.643033742904663,
5.0,
2.2935843467712402,
3.45338374376297,
4.782425761222839,
3.5711681842803955,
4.641092419624329,
4.350017607212067,
4.618185758590698,
4.747516512870789,
4.765736162662506,
4.4685909152030945,
3.834488093852997,
4.404864311218262,
3.5133349895477295,
2.649063766002655,
4.897846579551697,
2.072824537754059,
4.73990797996521,
4.598354399204254,
4.419413208961487,
2.90461003780365,
4.589144587516785,
4.462677240371704,
5.0,
4.318816661834717,
2.9670342803001404,
5.000000596046448,
4.853929281234741,
4.1564881801605225,
4.890846014022827,
5.0,
3.8160327076911926,
0.27877790853381157,
2.4447262287139893,
4.774031043052673,
4.590774774551392,
4.612456560134888,
2.723221778869629,
4.727274179458618,
4.529908895492554,
4.671792387962341,
4.803704023361206,
1.2157134711742401,
4.707503914833069,
4.179111123085022,
4.460958540439606,
5.0,
4.742674827575684,
4.466861188411713,
-0.014167018234729767,
4.730308949947357,
4.167303442955017,
4.864310920238495,
4.663933515548706,
4.537505805492401,
3.7775522470474243,
4.427774250507355,
4.738047122955322,
4.853999316692352,
4.712396264076233,
5.000000596046448,
4.631500542163849,
1.6601541638374329,
5.0,
4.333392679691315,
5.0,
3.162764310836792,
5.000000596046448,
4.968980550765991,
3.7068963050842285,
4.650925099849701,
4.326958358287811,
4.530351758003235,
4.841863512992859,
5.0,
4.691335558891296,
4.646540880203247,
4.466133117675781,
5.000000596046448,
4.437560439109802,
4.121537804603577,
4.920933544635773,
4.181443750858307,
3.9092135429382324,
0.8262623101472855,
5.0,
4.829589128494263,
5.0,
4.434489011764526,
4.771729409694672,
4.237657189369202,
4.780764579772949,
4.841386079788208,
4.829077422618866,
0.7695138454437256,
4.951076507568359,
4.74897563457489,
3.9842939376831055,
5.000000596046448,
4.41972941160202,
4.158879220485687,
0.7104511559009552,
4.70447301864624,
4.685770571231842,
1.775394082069397,
5.0,
4.51931893825531,
4.608948230743408,
4.813315272331238,
4.67024564743042,
4.900152385234833,
4.037206470966339,
4.231249690055847,
4.182327091693878,
4.449790120124817,
4.82927531003952,
1.0432208329439163,
4.85523134469986,
4.6182310581207275,
4.641917943954468,
4.259136319160461,
4.714905023574829,
3.947823941707611,
4.395306706428528,
5.0,
4.94181901216507,
4.475951790809631,
4.6717458963394165,
5.0,
4.6133023500442505,
2.8290069103240967,
5.0,
0.818590372800827,
4.974145591259003,
4.76606547832489,
4.420763254165649,
4.7241610288619995,
4.303548336029053,
4.648582935333252,
4.867667853832245,
2.7306216955184937,
3.865800201892853,
5.0,
3.1555506587028503,
4.3243080377578735,
4.886069595813751,
4.426617324352264,
4.1564881801605225,
4.233007431030273,
4.387542307376862,
3.9817094802856445,
4.729485213756561,
4.577000141143799,
4.319226443767548,
4.772587716579437,
3.7781181931495667,
3.4587714076042175,
4.604308605194092,
3.4391307830810547,
4.859721660614014,
1.434195339679718,
4.543464779853821,
4.6806541085243225,
4.5185548067092896,
5.000000596046448,
4.695872962474823,
4.76948469877243,
4.18184220790863,
3.9272239804267883,
4.8224687576293945,
3.1671738624572754,
3.095872700214386,
4.853929281234741,
4.241054356098175,
4.718721508979797,
4.124280512332916,
3.496565818786621,
4.674230217933655,
4.207615852355957,
4.668349325656891,
4.223960041999817,
4.486311078071594,
4.078018665313721,
4.837315082550049,
4.647011160850525,
5.000000596046448,
4.876676499843597,
1.4093950390815735,
5.000000596046448,
4.804199934005737,
4.568673670291901,
4.791926145553589,
4.845050275325775,
4.6141716837883,
4.554217159748077,
4.660950303077698,
4.071473777294159,
3.7602803111076355,
1.3034439086914062,
4.684048891067505,
0.6737636029720306,
4.850130379199982,
4.078386127948761,
3.844073712825775,
4.646989703178406,
4.503914415836334,
4.585148394107819,
4.667185842990875,
4.5775628089904785,
4.778529405593872,
4.7933995723724365,
4.234057664871216,
4.489175379276276,
4.148521423339844,
4.248572885990143,
1.7831963300704956,
5.0,
4.594377875328064,
3.9631688594818115,
4.5373135805130005,
4.932008981704712,
0.6434927135705948,
4.595988988876343,
4.414806365966797,
4.555850923061371,
1.2190284579992294,
4.4027650356292725,
2.9285144805908203,
4.591552019119263,
4.910126626491547,
5.000000596046448,
4.7677600383758545,
4.160245954990387,
4.691227078437805,
2.8290069103240967,
4.47612464427948,
4.693824052810669,
4.13317084312439,
0.3460591286420822,
4.516737163066864,
4.729570150375366,
5.0,
3.610261082649231,
2.918146252632141,
4.6234241127967834,
4.39348042011261,
1.0185517370700836,
4.689106643199921,
2.320985198020935,
4.303548336029053,
4.82927531003952,
3.798084855079651,
2.7435660362243652,
4.715234935283661,
4.7463783621788025,
4.703348875045776,
5.000000596046448,
5.0,
4.649393558502197,
2.121068239212036,
3.992002308368683,
4.153279066085815,
4.605652093887329,
4.022376835346222,
4.969577491283417,
4.245379865169525,
4.674368798732758,
4.563388526439667,
4.295490086078644,
4.729771614074707,
4.5334792137146,
1.3149742782115936,
3.8374805450439453,
5.0,
5.0,
3.5828551650047302,
4.799255728721619,
4.4332873821258545,
0.9354844689369202,
4.767330288887024,
3.4219348430633545,
0.6112770736217499,
3.645976185798645,
4.51985239982605,
4.626072645187378,
4.611806273460388,
4.455639123916626,
4.925915896892548,
3.5629495978355408,
4.612590670585632,
3.592052161693573,
4.28019791841507,
3.8488709926605225,
4.331247806549072,
3.406320810317993,
4.807135164737701,
4.701755344867706,
0.3719386085867882,
1.2674158811569214,
4.738227128982544,
5.0,
4.709123373031616,
4.282725155353546,
5.0,
4.951125085353851,
4.6907126903533936,
4.262939989566803,
4.701589345932007,
4.487016797065735,
4.751862585544586,
4.130323231220245,
5.0,
3.902975618839264,
4.329207539558411,
5.000000596046448,
4.730702042579651,
3.302115797996521,
4.211186170578003,
4.442867040634155,
5.0,
4.89910364151001,
3.8423624634742737,
3.59810471534729,
4.511219263076782,
4.631277918815613,
4.779055714607239,
4.593373239040375,
5.0,
4.684664607048035,
4.313097298145294,
4.573032259941101,
4.422469735145569,
4.004067480564117,
4.707330167293549,
4.752702713012695,
3.496565818786621,
5.0,
4.357090890407562,
4.502154290676117,
0.10061981156468391,
1.877412497997284,
4.66677188873291,
4.5497167110443115,
3.350060284137726,
4.735921025276184,
1.202336624264717,
4.330306649208069,
4.387810230255127,
4.835657477378845,
3.9706984162330627,
4.672017693519592,
4.651201367378235,
4.572082459926605,
4.175102114677429,
4.814407527446747,
4.4750142097473145,
1.0968378186225891,
3.9820826053619385,
3.8241690397262573,
4.51479434967041,
3.8081905245780945,
4.561278820037842,
4.515888690948486,
4.567805826663971,
3.5129928588867188,
5.0,
4.70811665058136,
3.6804604530334473,
4.720174670219421,
3.331856429576874,
5.0,
4.606003761291504,
4.7492218017578125,
4.8413848876953125,
4.034371078014374,
5.0,
4.790511131286621,
2.524237334728241,
4.330362677574158,
4.748067557811737,
2.121068239212036,
2.5117623805999756,
4.749640226364136,
4.718948006629944,
4.9309927225112915,
4.775456786155701,
5.0,
5.0,
3.754538893699646,
5.000000596046448,
0.4753497242927551,
4.57602322101593,
4.76081520318985,
5.0,
3.3415937423706055,
3.132603168487549,
4.3112751841545105,
4.672510921955109,
4.892227947711945,
5.000000596046448,
4.307320713996887,
4.803324341773987,
4.75167453289032,
1.937674880027771,
4.587118923664093,
4.818335473537445,
2.3047582805156708,
5.000000596046448,
1.2781040370464325,
4.658224582672119,
3.039602041244507,
3.333979845046997,
4.255411326885223,
4.726177453994751,
4.813129901885986,
4.855327606201172,
4.915617406368256,
0.9806463867425919,
4.804863929748535,
4.649006128311157,
5.000000596046448,
4.297178685665131,
4.066722393035889,
5.0,
4.77091372013092,
4.521462321281433,
4.754919111728668,
1.097968965768814,
4.8233965039253235,
4.245293140411377,
5.000000596046448,
5.0,
4.855189323425293,
4.847443103790283,
4.654286503791809,
4.669941067695618,
4.6103304624557495,
5.0,
2.6357030868530273,
4.590159058570862,
5.000000596046448,
4.683923125267029,
4.5819103717803955,
4.715540111064911,
4.589033722877502,
4.814708232879639,
1.14289291203022,
4.777670502662659,
1.671518087387085,
4.376263916492462,
5.0,
1.3783098757266998,
4.809113144874573,
4.742159843444824,
4.82444554567337,
5.000000596046448,
4.7868505120277405,
4.504826664924622,
4.758588075637817,
4.481421709060669,
0.8112878352403641,
3.907710015773773,
4.779141843318939,
4.130181074142456,
5.000000596046448,
4.899978339672089,
4.167163968086243,
4.737979769706726,
4.696450233459473,
4.661293625831604,
4.49982076883316,
1.0089071094989777,
4.4638994336128235,
0.7419222593307495,
0.7152697443962097,
4.548250138759613,
4.612002968788147,
4.698624312877655,
4.610601365566254,
4.775879085063934,
5.000000596046448,
3.9371532201766968,
4.940229058265686,
4.931515455245972,
4.412703514099121,
0.10476774536073208,
4.123316407203674,
4.86334353685379,
5.0,
4.891485869884491,
4.7492218017578125,
4.784898459911346,
4.395315647125244,
4.272735416889191,
1.6120757162570953,
4.683944880962372,
4.491185247898102,
5.000000596046448,
4.814229607582092,
4.081970751285553,
4.756252765655518,
2.377370595932007,
4.070643186569214,
4.395306706428528,
4.661528468132019,
3.4472665190696716,
3.73403400182724,
4.733205139636993,
4.497564435005188,
3.3606895804405212,
4.97840940952301,
0.5624323710799217,
4.8875692486763,
4.938288331031799,
3.9378726482391357,
4.914284944534302,
4.220677018165588,
4.582311511039734,
1.2539282441139221,
4.6133023500442505,
4.4090089201927185,
4.43227231502533,
3.738929331302643,
4.818794429302216,
4.83475387096405,
4.946492612361908,
4.646706581115723,
4.9005016684532166,
4.709881544113159,
4.882340729236603,
4.942123293876648,
4.285792112350464,
5.000000596046448,
4.615674316883087,
0.9892092645168304,
4.916982650756836,
4.391739666461945,
4.953861236572266,
4.647381901741028,
2.514345347881317,
4.792428016662598,
4.830795526504517,
4.929174184799194,
4.791932702064514,
4.764351844787598,
3.634885549545288,
4.42656934261322,
4.820032119750977,
1.776556372642517,
1.3066098093986511,
4.841998815536499,
5.000000596046448,
4.497436583042145,
4.67570960521698,
4.261542558670044,
4.622333347797394,
1.0544990003108978,
4.958281517028809,
4.4080787897109985,
4.749674201011658,
4.5023804903030396,
4.123271107673645,
4.628117680549622,
5.0,
4.468854665756226,
4.8950716853141785,
4.428756237030029,
0.7443529367446899,
4.873199760913849,
4.882303774356842,
4.588646292686462,
4.66545969247818,
3.7323570251464844,
4.385272264480591,
4.624447226524353,
4.8214685916900635,
3.6584967374801636,
3.690156042575836,
3.4310826659202576,
5.000000596046448,
4.1913387179374695,
4.432918727397919,
3.6253508925437927,
4.815791845321655,
4.702517986297607,
0.8108890056610107,
4.427792131900787,
4.568360447883606,
4.836558997631073,
4.551405906677246,
4.479886591434479,
4.844623804092407,
5.0,
3.743707835674286,
4.767787754535675,
4.710918068885803,
3.731919527053833,
5.000000596046448,
4.471222758293152,
4.571464955806732,
4.751917123794556,
5.0,
4.49982076883316,
4.319823086261749,
4.363565444946289,
4.692969918251038,
4.261600971221924,
4.474272727966309,
4.951177537441254,
4.76148784160614,
4.4740030169487,
5.0,
4.4982463121414185,
4.348249733448029,
2.9176992177963257,
4.690563976764679,
4.852780103683472,
3.6018916964530945,
4.62857723236084,
4.532361328601837,
4.5393794775009155,
4.414545297622681,
4.1258504986763,
4.776682555675507,
2.155463844537735,
4.511219263076782,
4.864031672477722,
1.8648573756217957,
3.6792367696762085,
5.0,
4.7556763887405396,
4.372979998588562,
4.74223792552948,
4.341666102409363,
-0.07455369457602501,
5.000000596046448,
4.844986796379089,
4.8284876346588135,
4.827985763549805,
4.9450114369392395,
4.693824052810669,
4.356801509857178,
4.9235087633132935,
3.971451222896576,
5.000000596046448,
5.0,
0.28744129464030266,
2.0812946557998657,
2.684086561203003,
4.011940956115723,
5.0,
4.780045747756958,
4.465594589710236,
4.250496029853821,
4.92974728345871,
4.445950388908386,
4.309589266777039,
4.878078103065491,
5.0,
2.45281845331192,
4.10877525806427,
0.2590384893119335,
3.7153223156929016,
4.4775450229644775,
4.615936577320099,
4.04137909412384,
4.67533677816391,
4.381421804428101,
4.804863929748535,
4.569793343544006,
3.182094693183899,
4.004067480564117,
3.644387423992157,
4.856284856796265,
4.657791256904602,
4.04458612203598,
4.7288453578948975,
5.0,
5.000000596046448,
4.350022375583649,
4.6982645988464355,
5.0,
5.000000596046448,
1.7594484984874725,
2.152860462665558,
4.508565664291382,
5.0,
3.3630818128585815,
4.969157576560974,
4.573694467544556,
0.6180929392576218,
5.000000596046448,
4.694834351539612,
4.55298125743866,
4.542779922485352,
5.0,
0.6604868173599243,
4.292163848876953,
5.000000596046448,
4.619457721710205,
4.791954159736633,
4.378643035888672,
4.222958087921143,
4.793732762336731,
4.368045926094055,
4.242343306541443,
4.442101716995239,
4.504488110542297,
4.325648546218872,
4.80313241481781,
4.106622338294983,
1.95259690284729,
4.828331470489502,
4.652075171470642,
4.653488397598267,
4.252094626426697,
4.414593875408173,
4.5712584257125854,
4.200282692909241,
4.7376349568367,
4.354802370071411,
2.450861632823944,
2.6660051941871643,
4.51581597328186,
4.725181460380554,
4.307320713996887,
4.924564361572266,
4.687643647193909,
4.722876250743866,
4.518814980983734,
4.6736520528793335,
4.5164114236831665,
4.797672927379608,
4.587647020816803,
3.402963876724243,
3.6627399921417236,
4.468524158000946,
1.559067815542221,
4.302901029586792,
4.704094231128693,
5.0,
4.9870723485946655,
4.576470255851746,
4.559819996356964,
4.631654322147369,
4.395315647125244,
4.77091372013092,
4.462488293647766,
3.3871597051620483,
3.8347938656806946,
4.631044268608093,
4.394481182098389,
4.506721496582031,
3.95693838596344,
4.238402545452118,
4.500154554843903,
4.565548896789551,
4.580568969249725,
3.420918583869934,
4.910916090011597,
2.8969180583953857,
4.536736607551575,
5.000000596046448,
3.8741841912269592,
4.69594806432724,
1.0138960182666779,
5.000000596046448,
5.0,
3.041079342365265,
1.1521866917610168,
5.0,
4.79192316532135,
4.2322805523872375,
4.960645139217377,
4.113518595695496,
4.90965873003006,
4.555121064186096,
4.154647886753082,
3.752751052379608,
5.0,
4.385453760623932,
4.027364253997803,
5.0,
0.7694040238857269,
5.0,
1.8772943317890167,
5.0,
5.000000596046448,
4.871396422386169,
4.83516663312912,
4.735649228096008,
5.000000596046448,
5.000000596046448,
4.6543461084365845,
4.345110654830933,
5.0,
5.0,
4.568360447883606,
4.407282471656799,
3.483631908893585,
3.7128356099128723,
2.723221778869629,
1.48070827126503,
4.833388030529022,
2.9782834649086,
4.811522960662842,
5.0,
4.1543033719062805,
0.3430591896176338,
0.2071521058678627,
4.397255778312683,
4.325614869594574,
2.562395930290222,
0.6937232613563538,
4.522869288921356,
4.508247673511505,
4.689390957355499,
4.77051317691803,
4.649866819381714,
4.426788687705994,
4.316297769546509,
4.8682063817977905,
0.6394959986209869,
4.07671332359314,
4.363565444946289,
4.47612464427948,
4.3272483348846436,
4.813315272331238,
4.732414484024048,
4.713917970657349,
4.742674827575684,
4.586383700370789,
3.801080584526062,
5.0,
4.414593875408173,
4.4090089201927185,
4.5225366950035095,
4.959096014499664,
4.366835355758667,
4.5185548067092896,
4.918184876441956,
4.899909496307373,
4.862835109233856,
4.674230217933655,
3.3267340064048767,
4.803739786148071,
1.1043210327625275,
4.755881428718567,
5.000000596046448,
4.187921583652496,
3.345446288585663,
4.207227528095245,
3.946535587310791,
3.892960548400879,
3.6679139733314514,
3.996097445487976,
4.687052071094513,
4.181813597679138,
4.898248612880707,
4.26003098487854,
2.352517694234848,
4.758407473564148,
4.391215145587921,
4.782329201698303,
4.907130300998688,
0.43835293501615524,
4.708878397941589,
2.8140193223953247,
4.482637643814087,
4.179111123085022,
4.516918659210205,
4.309026896953583,
4.619412422180176,
4.830037951469421,
4.90692675113678,
4.697248041629791,
4.605504274368286,
4.3894171714782715,
3.2634341716766357,
4.066482782363892,
1.5551070868968964,
4.170786142349243,
4.878913164138794,
4.375066161155701,
5.0,
5.0,
5.0,
4.988463819026947,
0.005847634747624397,
0.7630035281181335,
5.0,
4.724949896335602,
4.711563587188721,
4.68571662902832,
4.943211376667023,
3.2693344354629517,
5.000000596046448,
3.9983192086219788,
4.296804070472717,
4.644833207130432,
4.190500378608704,
0.5514984577894211,
4.671605229377747,
0.6297510117292404,
5.000000596046448,
4.709123373031616,
4.001013934612274,
2.3994675278663635,
3.7627261877059937,
4.85144317150116,
4.694738388061523,
5.0,
4.432150721549988,
4.708370268344879,
4.561137855052948,
4.954878091812134,
2.8465524315834045,
4.572142958641052,
4.8657384514808655,
4.511842727661133,
4.2218017578125,
0.5829539895057678,
4.699573516845703,
3.4391307830810547,
5.0,
5.0,
4.546659588813782,
5.0,
4.850441217422485,
3.3651578426361084,
3.870103359222412,
4.4676849246025085,
4.622764885425568,
4.688085317611694,
4.537003934383392,
4.615179598331451,
3.3238258957862854,
5.0,
4.571338593959808,
5.000000596046448,
2.379007041454315,
4.674318432807922,
3.5822388529777527,
4.249030649662018,
5.000000596046448,
4.403432607650757,
3.7554964423179626,
4.518549144268036,
4.907739162445068,
4.178065657615662,
2.9441317915916443,
3.1883996725082397,
4.652447700500488,
4.573032259941101,
2.969605028629303,
4.576849937438965,
5.000000596046448,
4.510604441165924,
4.756232798099518,
3.1958866119384766,
4.902524650096893,
4.554510116577148,
4.821143746376038,
2.5304779410362244,
4.277088642120361,
4.450200200080872,
4.613732397556305,
4.181066155433655,
4.894675612449646,
4.9277907609939575,
5.000000596046448,
4.876086711883545,
5.0,
5.000000596046448,
4.816138446331024,
5.0,
0.41053593158721924,
4.844514727592468,
4.5993998646736145,
4.311187267303467,
4.828992486000061,
4.361993074417114,
3.7704819440841675,
3.7862753868103027,
4.691512584686279,
4.8217058181762695,
4.7212377190589905,
4.76715624332428,
2.7145585417747498,
5.0,
1.1018447577953339,
4.935725927352905,
4.946815371513367,
2.950637638568878,
4.7502341866493225,
4.150984585285187,
4.753756821155548,
3.766782283782959,
1.262655258178711,
4.733095169067383,
4.649157226085663,
4.761824607849121,
4.471302628517151,
4.6763163805007935,
2.305612862110138,
4.89130973815918,
3.8423624634742737,
4.625160992145538,
4.89837646484375,
0.7520981132984161,
2.077934294939041,
3.984268307685852,
4.5713722705841064,
4.515967965126038,
4.749884009361267,
4.73719596862793,
4.518259763717651,
3.865800201892853,
4.691636562347412,
4.853586852550507,
4.943228363990784,
1.7396830022335052,
4.52713668346405,
4.61407333612442,
4.6426525712013245,
4.740088582038879,
2.929159104824066,
4.482329487800598,
3.8475656509399414,
5.0,
4.9271973967552185,
5.000000596046448,
4.8275816440582275,
0.9506647288799286,
3.7401017546653748,
5.0,
3.7837308645248413,
4.760193228721619,
2.028285562992096,
4.579091668128967,
3.458516001701355,
4.119004011154175,
4.587773978710175,
4.730292856693268,
4.274915158748627,
4.832935929298401,
4.512258172035217,
5.0,
4.6952661871910095,
4.7008273005485535,
4.911606311798096,
4.943268299102783,
4.789372682571411,
0.8433378487825394,
4.17883038520813,
4.893130958080292,
5.000000596046448,
4.274494051933289,
5.0,
4.6267169713974,
5.000000596046448,
4.689106643199921,
5.000000596046448,
2.2872446477413177,
3.947823941707611,
4.145338833332062,
4.524714946746826,
4.678076505661011,
4.491888880729675,
3.7834003567695618,
4.015323519706726,
4.106674790382385,
4.774236083030701,
4.872592985630035,
4.364381730556488,
4.743615984916687,
4.632311165332794,
4.1704487800598145,
3.0540400743484497,
3.7956783175468445,
4.242879748344421,
4.783637523651123,
4.523673951625824,
4.71500039100647,
4.231249690055847,
4.5757752656936646,
5.0,
4.831116199493408,
5.0,
4.917383193969727,
4.49624627828598,
4.819679856300354,
5.0,
4.642172455787659,
4.8336029052734375,
4.953362941741943,
4.711253046989441,
4.932420253753662,
2.9143694043159485,
0.5922538787126541,
4.962322115898132,
1.5489917993545532,
4.877797365188599,
5.0,
4.040785431861877,
4.678800702095032,
4.940822720527649,
4.647758901119232,
1.2733539938926697,
4.512765407562256,
4.775567650794983,
5.0,
4.302957355976105,
4.136667251586914,
4.305071532726288,
4.617395997047424,
4.496973752975464,
5.0,
4.872516691684723,
4.505185782909393,
4.262086749076843,
4.591369032859802,
5.0,
0.69307841360569,
4.5555612444877625,
4.800269603729248,
4.377264380455017,
5.0,
4.7056713700294495,
3.759392201900482,
3.799596130847931,
4.012600779533386,
4.26324725151062,
3.3743593096733093,
4.589033722877502,
4.935709536075592,
0.6196993216872215,
4.4277215003967285,
4.769453406333923,
4.148775637149811,
4.751690626144409,
5.000000596046448,
1.6728901863098145,
3.2848206162452698,
3.294478952884674,
5.0,
4.871698319911957,
5.000000596046448,
4.435620307922363,
5.000000596046448,
4.520803093910217,
4.336490035057068,
4.390413761138916,
3.120412528514862,
0.6879100948572159,
4.920933544635773,
4.832185208797455,
4.224335551261902,
5.000000596046448,
4.350017607212067,
4.819381535053253,
5.0,
4.868676960468292,
2.5981009006500244,
1.3783098757266998,
4.5801204442977905,
0.7937219738960266,
4.591861963272095,
4.917709529399872,
4.624888598918915,
3.810664415359497,
5.0,
4.964053630828857,
4.297976493835449,
4.472261965274811,
4.40993994474411,
4.825211465358734,
4.504947662353516,
4.45927619934082,
5.000000596046448,
3.284437358379364,
2.540322244167328,
4.2737507820129395,
3.793012499809265,
4.813530445098877,
4.945121109485626,
4.558021426200867,
1.142037957906723,
4.1543033719062805,
5.000000596046448,
0.4239363968372345,
2.9478678107261658,
4.75635439157486,
4.0091294050216675,
2.0651021599769592,
4.912728667259216,
4.659384191036224,
3.827418088912964,
4.739653170108795,
4.472353756427765,
3.3215656876564026,
5.0,
3.357056975364685,
4.444679021835327,
4.521888792514801,
4.07671332359314,
4.732850790023804,
4.333633184432983,
4.638313055038452,
4.590159058570862,
4.516529440879822,
1.4261280000209808,
4.488441348075867,
4.441511631011963,
5.0,
2.683151662349701,
4.938812851905823,
4.852883517742157,
4.573225378990173,
4.825717508792877,
4.211821258068085,
5.000000596046448,
4.8138511180877686,
4.882286787033081,
4.698516428470612,
1.3067582249641418,
5.0,
4.6354275941848755,
4.691250920295715,
4.916035532951355,
4.362432956695557,
4.10353422164917,
4.709078371524811,
5.000000596046448,
4.931317567825317,
1.3402491807937622,
0.779336541891098,
5.0,
5.0,
4.962283968925476,
4.424942433834076,
4.574078917503357,
3.9878875017166138,
5.000000596046448,
4.301938414573669,
4.516884088516235,
3.8760679960250854,
2.185375988483429,
4.4744473695755005,
5.000000596046448,
4.904991388320923,
4.2567068338394165,
4.46381539106369,
4.86580103635788,
4.922001361846924,
4.910966157913208,
4.298109710216522,
4.410245716571808,
5.000000596046448,
4.5890748500823975,
0.7139094173908234,
4.809594750404358,
4.461885094642639,
4.272029995918274,
5.0,
4.940994679927826,
4.110618233680725,
4.471593201160431,
4.459116458892822,
4.7257450222969055,
4.782309532165527,
3.716580867767334,
4.836508631706238,
4.727472364902496,
2.7929311990737915,
4.682314991950989,
1.4423030614852905,
5.0,
4.882323741912842,
4.77428138256073,
4.937828183174133,
4.852780103683472,
4.780797362327576,
4.703007340431213,
0.11948269791901112,
3.6167702078819275,
5.0,
5.0,
4.271261990070343,
5.0,
4.81562465429306,
4.243309497833252,
4.510451555252075,
4.464481770992279,
5.0,
-0.21083839237689972,
4.81074720621109,
4.146243035793304,
4.181813597679138,
4.804099202156067,
3.3924201130867004,
4.696614444255829,
4.156398177146912