0.80584055,
0.8751779,
0.8847007,
0.9322947,
0.9177901,
0.9223955,
0.9514041,
0.93776053,
0.9651962,
0.845848,
0.90153784,
0.8207516,
0.9547609,
0.8883493,
0.9525525,
0.89332134,
0.92402714,
0.84882206,
0.97248346,
0.91403574,
0.9336082,
0.9123697,
0.9182453,
0.9441372,
0.9198536,
0.8294267,
0.9683657,
0.9463418,
0.8187281,
0.85481536,
0.93805265,
0.9460998,
0.90566856,
0.8273018,
0.90253913,
0.8800984,
0.9151243,
0.8983294,
0.9403695,
0.90061307,
0.9487603,
0.9470028,
0.83464724,
0.91061485,
0.8953916,
0.86824405,
0.9478696,
0.92236793,
0.9656323,
0.9241001,
0.9151626,
0.89852136,
0.7548049,
0.9365256,
0.93356174,
0.89651793,
0.9296015,
0.92825073,
0.93282425,
0.92471373,
0.93955284,
0.95365006,
0.8944096,
0.89765483,
0.9325112,
0.89544445,
0.987653,
0.93526435,
0.84042263,
0.83320284,
0.8612293,
0.7984055,
0.90624386,
0.8213211,
0.86022955,
0.7052362,
0.9145044,
0.91884524,
0.9193278,
0.8362216,
0.8316134,
0.92741907,
0.7766914,
0.95473456,
0.88656336,
0.82164735,
0.9017943,
0.9585118,
0.9275636,
0.7658226,
0.7568183,
0.9068122,
0.97379065,
0.8700072,
0.8776973,
0.7748407,
0.92258084,
0.8444706,
0.8951926,
0.80955344,
0.8492312,
0.94978654,
0.95149267,
0.9111917,
0.89195085,
0.8459783,
0.9502408,
0.9854157,
0.9217362,
0.957499,
0.87108934,
0.9281117,
0.7837538,
0.8265144,
0.88875765,
0.9102292,
0.90706587,
0.8725082,
0.8315514,
0.925623,
0.8955409,
0.86983496,
0.77581054,
0.86472654,
0.86601216,
0.9292137,
0.91558534,
0.9307814,
0.9567564,
0.9382669,
0.9098168,
0.7854276,
0.9545148,
0.90622497,
0.9182747,
0.9302049,
0.9491268,
0.93671644,
0.69364125,
0.85335755,
0.9052378,
0.90959114,
0.93653244,
0.94832504,
0.8883318,
0.8928424,
0.86206925,
0.9538265,
0.9150895,
0.8920082,
0.9119384,
0.89103365,
0.9777037,
0.924439,
0.94830036,
0.92050976,
0.77418464,
0.8234925,
0.92898434,
0.8034378,
0.8150833,
0.902396,
0.9096131,
0.9507105,
0.93283165,
0.8644157,
0.9159247,
0.91934884,
0.92017525,
0.802343,
0.90879905,
0.9386049,
0.88997483,
0.9149281,
0.91984427,
0.943793,
0.9582445,
0.80464154,
0.8969967,
0.94558895,
0.8915471,
0.87672657,
0.9232064,
0.9126506,
0.95978296,
0.93094635,
0.8345736,
0.93466836,
0.8269809,
0.9418125,
0.94495237,
0.8448473,
0.9070691,
0.93822575,
0.91482514,
0.9254558,
0.92205095,
0.8772435,
0.90095717,
0.89449584,
0.964157,
0.9606489,
0.92920667,
0.86361223,
0.8976959,
0.9617173,
0.96431017,
0.83623755,
0.891865,
0.9214352,
0.9452006,
0.9567793,
0.89689463,
0.8904981,
0.8542098,
0.9034416,
0.87753546,
0.92559516,
0.90637416,
0.92910886,
0.9151391,
0.9238857,
0.9370271,
0.9048998,
0.8914706,
0.9187883,
0.860406,
0.84677047,
0.95394486,
0.91019076,
0.95204,
0.92709327,
0.9534243,
0.8151166,
0.8807185,
0.91287905,
0.89199114,
0.91489255,
0.89353454,
0.83755165,
0.91286606,
0.97384006,
0.91486865,
0.8623758,
0.89582485,
0.9072134,
0.92611414,
0.96441674,
0.9282947,
0.95294356,
0.9139901,
0.85453063,
0.95509565,
0.8735986,
0.9353565,
0.8320711,
0.9241811,
0.9493808,
0.93496543,
0.91252446,
0.9403425,
0.9340165,
0.92396694,
0.89487284,
0.8705345,
0.87531036,
0.9214525,
0.9183481,
0.8157939,
0.94665027,
0.87002784,
0.8746524,
0.97162694,
0.88999134,
0.9129871,
0.87201464,
0.8906174,
0.9334233,
0.7807105,
0.9779066,
0.92601264,
0.9244352,
0.8195011,
0.90196043,
0.9066306,
0.81120795,
0.9205476,
0.9176816,
0.90878826,
0.8829264,
0.86535573,
0.93987656,
0.9554377,
0.9323832,
0.9591345,
0.9083248,
0.9245668,
0.9467769,
0.8710414,
0.904416,
0.94716287,
0.9700548,
0.8809868,
0.93490845,
0.9130323,
0.9673594,
0.87419534,
0.9074728,
0.8498815,
0.94322073,
0.8200225,
0.9098333,
0.8462194,
0.940949,
0.84233344,
0.91785246,
0.88948774,
0.9255134,
0.9526251,
0.9270872,
0.922606,
0.8934896,
0.92532164,
0.9168861,
0.9003116,
0.82183534,
0.9199695,
0.8451975,
0.89607155,
0.93164444,
0.8890265,
0.7912295,
0.915033,
0.92692965,
0.9530406,
0.92942756,
0.8143697,
0.9116304,
0.93032515,
0.9313886,
0.86421573,
0.91391945,
0.93803036,
0.86541045,
0.90447885,
0.9394032,
0.9297047,
0.8739126,
0.9189697,
0.904648,
0.9371589,
0.9646177,
0.94645226,
0.9332481,
0.8761215,
0.8124994,
0.8414108,
0.89049035,
0.9083437,
0.86808395,
0.87453014,
0.9387698,
0.92426974,
0.89701474,
0.9415095,
0.8682624,
0.9412396,
0.9040205,
0.98120725,
0.914519,
0.9511295,
0.8940297,
0.7966779,
0.93390036,
0.9446086,
0.91352856,
0.9019103,
0.8932508,
0.88938516,
0.922401,
0.8381329,
0.91618735,
0.9481715,
0.94090873,
0.8893427,
0.97514373,
0.86736155,
0.87190926,
0.9303923,
0.9292247,
0.8267816,
0.87039036,
0.9237675,
0.9294562,
0.81023115,
0.82617134,
0.984441,
0.9620568,
0.8404843,
0.89512265,
0.9049789,
0.93835294,
0.9354124,
0.92818266,
0.9073249,
0.92831796,
0.93739164,
0.8850358,
0.8967253,
0.9518533,
0.8856633,
0.92622215,
0.8557127,
0.93899155,
0.9633459,
0.91893864,
0.94469905,
0.9512171,
0.9419164,
0.8777338,
0.9042175,
0.9382666,
0.8240892,
0.8989434,
0.88301086,
0.76137805,
0.9298,
0.908066,
0.94410706,
0.86541575,
0.86160797,
0.92203164,
0.92207193,
0.94067466,
0.83069557,
0.85033286,
0.8948429,
0.9217998,
0.8443477,
0.89169765,
0.9150256,
0.95677376,
0.86973846,
0.952285,
0.9242891,
0.9267099,
0.8960318,
0.96030396,
0.8975902,
0.96175736,
0.9281765,
0.8075635,
0.9028352,
0.9083819,
0.8104669,
0.8596503,
0.8374957,
0.9344072,
0.84783095,
0.9253666,
0.91130716,
0.95766234,
0.8803841,
0.83050984,
0.8660695,
1.0,
0.9218352,
0.9170977,
0.9649072,
0.8926343,
0.8846815,
0.8586353,
0.89491826,
0.8545018,
0.96380305,
0.93752164,
0.92733896,
0.86287224,
0.93974715,
0.9012918,
0.910209,
0.91031235,
0.88700044,
0.9206451,
0.9209813,
0.881323,
0.9121911,
0.8835221,
0.93270004,
0.9233306,
0.9728876,
0.9453475,
0.9134957,
0.8751415,
0.9319959,
0.9459531,
0.97173446,
0.92315,
0.9134666,
0.91376096,
0.8900795,
0.9349164,
0.8775349,
0.9348146,
0.90170735,
0.9805646,
0.8622644,
0.8918433,
0.9147196,
0.86249846,
0.932345,
0.8721053,
0.9192837,
0.90395206,
0.9437986,
0.91066796,
0.8832347,
0.84995574,
0.9273338,
0.92433846,
0.9486842,
0.89661294,
0.89646643,
0.9213716,
0.9023052,
0.922214,
0.844557,
0.89835674,
0.8447367,
0.8757231,
0.9393262,
0.9353312,
0.8543243,
0.92998505,
0.8799042,
0.93960637,
0.9253704,
0.91778266,
0.91425586,
0.9317936,
0.87484074,
0.85006166,
0.8612289,
0.93009424,
0.9129534,
0.9213834,
0.9251492,
0.9193546,
0.92484343,
0.9823818,
0.9048692,
0.8294281,
0.8184111,
0.8209486,
0.86965734,
0.9258572,
0.863496,
0.8972984,
0.8571367,
0.8692819,
0.8842872,
0.86362237,
0.8743128,
0.9056787,
0.87792265,
0.96404415,
0.96173435,
0.92482257,
0.8883706,
0.9050625,
0.89189726,
0.8980213,
0.8884031,
0.8395609,
0.88218844,
0.92466134,
0.9556258,
0.95481044,
0.96008736,
0.92221946,
0.93339187,
0.9587672,
0.9143621,
0.9278709,
0.9113598,
0.8942588,
0.9582727,
0.90182465,
0.9160296,
0.78779763,
0.9265738,
0.9501791,
0.87980556,
0.938708,
0.93964595,
0.9342053,
0.96477216,
0.9276681,
0.9120027,
0.865141,
0.9257618,
0.89874685,
0.90926296,
0.93560624,
0.9495338,
0.85805255,
0.9279895,
0.85378,
0.9199045,
0.94663775,
0.9319059,
0.92212236,
0.926541,
0.9282572,
0.8039427,
0.92062724,
0.94196945,
0.96407944,
0.8723551,
0.89062953,
0.9077148,
0.8986142,
0.91208136,
0.94602984,
0.9669333,
0.97189045,
0.92743236,
0.9221192,
0.9565055,
0.8705939,
0.91998667,
0.84064645,
0.9200716,
0.9053764,
0.94909817,
0.8616313,
0.94114923,
0.96173954,
0.9821152,
0.83195174,
0.8603031,
0.91401386,
0.9274059,
0.9507931,
0.7225124,
0.9295041,
0.9533616,
0.8232281,
0.82156116,
0.91236734,
0.943984,
0.8887475,
0.8354083,
0.8958688,
0.8828607,
0.93839425,
0.9004541,
0.8939956,
0.8255828,
0.929964,
0.9009211,
0.9123846,
0.98736036,
0.908626,
0.8951941,
0.9023164,
0.9660062,
0.85373056,
0.86738384,
0.90102565,
0.97010374,
0.85078424,
0.8750131,
0.88512266,
0.8486097,
0.9750119,
0.9124217,
0.9468559,
0.8229475,
0.8784778,
0.90114427,
0.8749529,
0.9391465,
0.94754505,
0.913762,
0.9133152,
0.9106493,
0.93213576,
0.9594124,
0.94131136,
0.92972696,
0.86562926,
0.87264204,
0.8222367,
0.93868434,
0.92752564,
0.75247157,
0.8871258,
0.89894754,
0.93605775,
0.90712565,
0.90262496,
0.7826924,
0.8842619,
0.85433835,
0.9719599,
0.9245668,
0.92752963,
0.9078191,
0.9342348,
0.82145727,
0.8818867,
0.9188016,
0.9207887,
0.80802906,
0.86803705,
0.8867307,
0.77894187,
0.90895504,
0.88982445,
0.90866375,
0.9451022,
0.88326085,
0.89432824,
0.9127212,
0.9025503,
0.9209529,
0.9162122,
0.81695145,
0.90448815,
0.90677285,
0.95406365,
0.87938005,
0.97291094,
0.91797096,
0.87790656,
0.9097574,
0.96158093,
0.88872236,
0.9118009,
0.916441,
0.86012375,
0.968525,
0.9541297,
0.8927375,
0.92787987,
0.9588725,
0.91319644,
0.88257384,
0.94805974,
0.9876249,
0.9005365,
0.931362,
0.8625899,
0.97035843,
0.9061325,
0.88232195,
0.9202363,
0.9014856,
0.8108541,
0.9188846,
0.92312735,
0.8912461,
0.8758258,
0.9485258,
0.9856189,
0.93727124,
0.81968665,
0.87465644,
0.9559898,
0.8724111,
0.9186826,
0.8611687,
0.9597497,
0.85145724,
0.91762865,
0.92268914,
0.8936683,
0.8571551,
0.96200526,
0.90632915,
0.9148786,
0.92095846,
0.9135077,
0.9132435,
0.87870216,
0.9111163,
0.9308935,
0.8548404,
0.9055952,
0.89512116,
0.89843476,
0.82226676,
0.79776233,
0.93039477,
0.80038756,
0.8948819,
0.9518052,
0.8300713,
0.8098622,
0.9540596,
0.9572314,
0.88225067,
0.84236026,
0.8631155,
0.8827368,
0.8703408,
0.93566716,
0.86835736,
0.9082558,
0.89749575,
0.947537,
0.8948717,
0.9377824,
0.9223297,
0.8325168,
0.946419,
0.81503063,
0.94116485,
0.9501787,
0.92030764,
0.9006182,
0.96719456,
0.9338406,
0.9795723,
0.90417445,
0.89534503,
0.9339187,
0.86621666,
0.9552792,
0.9382806,
0.9371047,
0.92038673,
0.8882216,
0.9143244,
0.7872188,
0.90967566,
0.9615497,
0.8822272,
0.94063354,
0.91023767,
0.9017767,
0.92060524,
0.9361909,
0.9585773,
0.9215232,
0.8819262,
0.9182948,
0.9493074,
0.88502055,
0.9105834,
0.7816982,
0.9201701,
0.9717996,
0.8737438,
0.90255547,
0.9096108,
0.8437746,
0.8240206,
0.9369951,
0.9240891,
0.9232066,
0.9223575,
0.9834853,
0.87051684,
0.95547765,
0.88737744,
0.92615074,
0.9355282,
0.9715842,
0.87635463,
0.9077101,
0.9732155,
0.9853466,
0.83534306,
0.84881824,
0.9044179,
0.9224308,
0.87452304,
0.9392066,
0.91566277,
0.8371437,
0.887866,
0.86184967,
0.9664349,
0.9435442,
0.91196203,
0.9540378,
0.94423723,
0.92943376,
0.9798004,
0.9500428,
0.95330966,
0.88527995,
0.9483363,
0.94882417,
0.9758397,
0.89921623,
0.81921655,
0.8912512,
0.9082154,
0.9379262,
0.9609981,
0.9444183,
0.94636345,
0.9549795,
0.9454271,
0.8723889,
0.90859836,
0.86817807,
0.8989996,
0.9629308,
0.83538455,
0.89507276,
0.9014783,
0.9218936,
0.88412005,
0.94548947,
0.9163618,
0.9083296,
0.92508245,
0.960239,
0.8970198,
0.8402476,
0.8769618,
0.9232626,
0.7854625,
0.8388247,
0.9021001,
0.84328943,
0.8631244,
0.8941743,
0.92627984,
0.9639715,
0.9359659,
0.9117588,
0.95907795,
0.85482407,
0.91732824,
0.9286076,
0.95258427,
0.80169636,
0.8970785,
0.91032577,
0.88122845,
0.95520735,
0.94975454,
0.9279409,
0.92402124,
0.9305781,
0.8328402,
0.91581875,
0.85526955,
0.90712565,
0.8931251,
0.93083936,
0.89410025,
0.8916622,
0.930924,
0.9548058,
0.8934318,
0.94653606,
0.7823042,
0.855529,
0.9821152,
0.89467895,
0.90074086,
0.95793223,
0.8774963,
0.93095183,
0.98511064,
0.78386986,
0.9476472,
0.8850944,
0.93317693,
0.81810415,
0.90515554,
0.92510426,
0.8488311,
0.8643404,
0.93459964,
0.9526161,
0.90526706,
0.9463016,
0.92031366,
0.90422654,
0.84190655,
0.93633413,
0.9215065,
0.9226702,
0.8814514,
0.94772506,
0.91617996,
0.8720884,
0.77915496,
0.92828244,
0.90883535,
0.83334345,
0.8772781,
0.930258,
0.80306846,
0.9296592,
0.91283727,
0.89906484,
0.8994718,
0.9210437,
0.89851224,
0.9008133,
0.90504783,
0.9350042,
0.87264293,
0.88873637,
0.84465045,
0.9170597,
0.97822136,
0.87343997,
0.9080773,
0.9186073,
0.9447084,
0.95203686,
0.89105433,
0.93905854,
0.88114315,
0.8167437,
0.9305418,
0.80892235,
0.9284302,
0.8619481,
0.8765111,
0.9318417,
0.8303061,
0.8912205,
0.85986674,
0.9114372,
0.9398905,
0.89321846,
0.84687376,
0.92188716,
0.90032834,
0.90199965,
0.9160488,
0.8884768,
0.96482265,
0.87570333,
0.8677695,
0.9313175,
0.9364313,
0.90459085,
0.91612375,
0.9133015,
0.89050734,
0.8832187,
0.94402695,
0.9451214,
0.9495681,
0.8535659,
0.8922856,
0.8626207,
0.78723407,
0.8756327,
0.8671819,
0.896627,
0.97481745,
0.9117219,
0.88893455,
0.9202759,
0.8826143,
0.93529737,
0.9152184,
0.94963145,
0.93173486,
0.898435,
0.8823951,
0.9305075,
0.9241771,
0.9494455,
0.9173987,
0.9675658,
0.9463443,
0.9159128,
0.95209503,
0.9403092,
0.9183952,
0.9125844,
0.81938213,
0.9507931,
0.9102863,
0.90348536,
0.8670275,
0.92512894,
0.828444,
0.8008428,
0.91502887,
0.90034974,
0.9556661,
0.89007735,
0.9308441,
0.8843515,
0.90595055,
0.78060246,
0.91679686,
0.946031,
0.9446069,
0.9153934,
0.9269787,
0.92136085,
0.95220286,
0.9761605,
0.9227583,
0.8368778,
0.86148036,
0.8871792,
0.916897,
0.9436359,
0.8623492,
0.8499029,
0.85736924,
0.9155146,
0.9336262,
0.93083936,
0.9190723,
0.904567,
0.9037924,
0.8885987,
0.8551591,
0.8701213,
0.8671904,
0.9249496,
0.91436493,
0.95740575,
0.904049,
0.8875853,
0.91732013,
0.8568959,
0.9463408,
0.94911754,
0.93660176,
0.87619036,
0.9323384,
0.90755063,
0.97628456,
0.7773381,
0.8894537,
0.9156422,
0.90285206,
0.9271555,
0.9432507,
0.89537513,
0.9503549,
0.82495284,
0.90764546,
0.9504165,
0.8914304,
0.9598125,
0.888674,
0.85804784,
0.93679374,
0.8762429,
0.8551659,
0.9419422,
0.9148356,
0.89554954,
0.96455055,
0.9341001,
0.9173469,
0.8943111,
0.9074892,
0.9834341,
0.9809883,
0.91659206,
0.8683371,
0.93211657,
0.91001743,
0.911091,
0.92586446,
0.8010087,
0.9082001,
0.9295455,
0.96306926,
0.9548832,
0.86105824,
0.9244569,
0.89266586,
0.91759914,
0.89921224,
0.9266699,
0.8390337,
0.8506434,
0.8884991,
0.8949004,
0.94127357,
0.82664794,
0.9613985,
0.89097875,
0.8643933,
0.90509504,
0.9486635,
0.9417413,
0.971736,
0.88513863,
0.8127581,
0.8432997,
0.9587942,
0.9320474,
0.95693254,
0.93785214,
0.93988067,
0.9535033,
0.93673027,
0.9146792,
0.8868631,
0.8119513,
0.9109788,
0.9329714,
0.906345,
0.91608363,
0.93008935,
0.92163604,
0.922515,
0.9238972,
0.9244427,
0.90095454,
0.8759423,
0.92157584,
0.8593213,
0.92515427,
0.9099525,
0.85860205,
0.93279964,
0.8831049,
0.89891165,
0.9207751,
0.8941062,
0.9088445,
0.84810555,
0.94123566,
0.90763265,
0.8238318,
0.80039454,
0.9567502,
0.88084966,
0.84331566,
0.9505565,
0.85650593,
0.95187503,
0.7643552,
0.95369333,
0.8976303,
0.88252246,
0.8784278,
0.92559046,
0.93949336,
0.968696,
0.91902184,
0.94570637,
0.95027584,
0.89142776,
0.93977565,
0.74936676,
0.9266094,
0.8998194,
0.9396232,
0.9328523,
0.8418305,
0.9263424,
0.98696524,
0.9258466,
0.9273605,
0.90962285,
0.8934184,
0.91097355,
0.85677016,
0.92266697,
0.9269603,
0.96305335,
0.9263005,
0.9546558,
0.93812406,
0.9371601,
0.9200825,
0.8888232,
0.86305386,
0.9502237,
0.97341233,
0.9536197,
0.9041909,
0.961609,
0.8894002,
0.8771994,
0.8742814,
0.8875938,
0.8517755,
0.9090332,
0.911515,
0.87555856,
0.8853483,
0.94949394,
0.80236125,
0.8272632,
0.94935435,
0.85857797,
0.9127682,
0.87264943,
0.9132964,
0.84409064,
0.9148715,
0.9585776,
0.93769485,
0.9045778,
0.8253726,
0.96265215,
0.90420735,
0.98507065,
0.94015145,
0.92190355,
0.88982254,
0.92638946,
0.88590205,
0.93208355,
0.86887234,
0.92972726,
0.9322528,
0.89731246,
0.9062136,
0.87795335,
0.957155,
0.93629146,
0.960881,
0.82155645,
0.9411453,
0.90829664,
0.921483,
0.9225748,
0.8302178,
0.92530364,
0.899596,
0.9268259,
0.9128707,
0.8724641,
0.94691575,
0.82931566,
0.9015911,
0.8548127,
0.8820985,
0.92750657,
0.88451296,
0.9416758,
0.9049774,
0.9468373,
0.9494725,
0.8815827,
0.9017432,
0.9669143,
0.864323,
0.92981464,
0.8813652,
0.9203827,
0.9214175,
0.8950252,
0.9030033,
0.97703683,
0.8936132,
0.9212563,
0.96309644,
0.9124531,
0.97147214,
0.8918253,
0.8997475,
0.93984336,
0.8967491,
0.8034673,
0.79411393,
0.8637804,
0.903925,
0.8950563,
0.8991764,
0.9602769,
0.94413406,
0.8927653,
0.8318744,
0.8687912,
0.81319547,
0.9178821,
0.85573715,
0.9545632,
0.87233186,
0.89204794,
0.991833,
0.94634175,
0.9887529,
0.9181916,
0.9710764,
0.9910888,
0.8642144,
0.8268711,
0.802363,
0.92916316,
0.94124025,
0.95062524,
0.9133011,
0.9307492,
0.95638776,
0.9548016,
0.8071484,
0.78187126,
0.9277499,
0.93215865,
0.89968395,
0.9612727,
0.90803766,
0.92855465,
0.86559105,
0.8846908,
0.9373237,
0.8897737,
0.95722127,
0.94665843,
0.94330806,
0.8886474,
0.91626805,
0.8878035,
0.93521965,
0.89784217,
0.83046186,
0.8289634,
0.8956756,
0.9249608,
0.8346731,
0.8684247,
0.90678465,
0.9247027,
0.90896076,
0.9284898,
0.9041636,
0.9510886,
0.8972427,
0.7753753,
0.86641383,
0.7298624,
0.8735991,
0.9122556,
0.9556527,
0.77074015,
0.84370226,
0.8547522,
0.93869245,
0.91327995,
0.95945495,
0.7972081,
0.97099394,
0.94624543,
0.93062127,
0.86989653,
0.88362336,
0.89190745,
0.8506044,
0.90537304,
0.8404105,
0.8475014,
0.8898432,
0.9031198,
0.9412231,
0.89738834,
0.8992073,
0.88131744,
0.94329226,
0.8305681,
0.92735046,
0.959848,
0.9168077,
0.91828007,
0.9094959,
0.91106224,
0.890594,
0.98054755,
0.91417813,
0.85189843,
0.87185436,
0.89942044,
0.9279998,
0.95943797,
0.8953233,
0.9263847,
0.9724745,
0.90859103,
0.9062595,
0.8930066,
0.926051,
0.944661,
0.86171246,
0.9459131,
0.9635325,
0.7494013,
0.921404,
0.85275215,
0.923058,
0.9448001,
0.8796311,
0.86698776,
0.89280987,
0.7667344,
0.9267953,
0.883756,
0.9117982,
0.93179435,
0.82770467,
0.8386681,
0.91323733,
0.8650755,
0.9021558,
0.87597954,
0.90071386,
0.9202178,
0.9271708,
0.91400176,
0.96173435,
0.92590326,
0.91437465,
0.8804304,
0.92206043,
0.9883562,
0.90243715,
0.87424004,
0.88911736,
0.94214886,
0.94320107,
0.91058195,
0.9061616,
0.96208245,
0.8717261,
0.9366204,
0.8451402,
0.9228202,
0.85791594,
0.9218388,
0.93043876,
0.89880484,
0.948891,
0.91606754,
0.9084785,
0.90727127,
0.94621265,
0.9060355,
0.85368043,
0.9122127,
0.9836036,
0.9176778,
0.89527494,
0.9272459,
0.917622,
0.95684004,
0.8405023,
0.94240206,
0.8937915,
0.80319464,
0.9774699,
0.8325937,
0.84948045,
0.95058167,
0.9082939,
0.86270297,
0.9360024,
0.9109594,
0.7347214,
0.9081291,
0.86122483,
0.89062303,
0.8910597,
0.9700218,
0.89156824,
0.9430873