0.4360619932413101,
1.462825983762741,
1.2864311039447784,
0.9949862211942673,
3.4996306896209717,
0.3823084756731987,
0.7397720962762833,
1.2357726693153381,
4.19266015291214,
0.4955967143177986,
1.1430026590824127,
1.577063500881195,
4.111419916152954,
2.6119965314865112,
2.745739221572876,
3.7955254316329956,
0.4810374230146408,
1.7299069464206696,
1.665075570344925,
1.1412764340639114,
4.511272609233856,
2.4493807554244995,
2.0881640911102295,
3.7832802534103394,
0.039107403717935085,
0.28463326394557953,
3.73794823884964,
2.49043270945549,
0.40903594344854355,
2.2212134301662445,
1.459709107875824,
1.3107405602931976,
1.5107670426368713,
2.1911442279815674,
1.3837747275829315,
1.0689277201890945,
1.7927716672420502,
2.657443881034851,
3.760547637939453,
0.7825534045696259,
2.19163715839386,
1.1891499906778336,
1.0485196858644485,
1.2798263132572174,
2.1165062487125397,
1.1852814257144928,
0.9179586172103882,
4.594663083553314,
2.7360117435455322,
1.639687865972519,
1.7735862731933594,
0.9716719388961792,
0.298513937741518,
2.1361687779426575,
2.4993887543678284,
0.959365963935852,
1.644296944141388,
1.4695176482200623,
1.444282978773117,
2.7810415625572205,
2.435351014137268,
3.8538622856140137,
1.1584177613258362,
0.9925597161054611,
2.212572693824768,
0.6654418259859085,
3.862544298171997,
3.6200299859046936,
1.0875320434570312,
2.6656419038772583,
2.9197585582733154,
0.889243483543396,
0.6305442005395889,
1.4104697108268738,
1.7161016166210175,
1.2221196293830872,
2.251080274581909,
0.7380256801843643,
1.112367883324623,
1.331040859222412,
1.8790028989315033,
1.9890131056308746,
1.2092476338148117,
4.756819307804108,
1.0537143796682358,
1.4271461963653564,
0.3812117502093315,
2.0357123017311096,
3.595695197582245,
1.8554934859275818,
0.6090470030903816,
0.6536736339330673,
1.6871453821659088,
0.46740785241127014,
0.8228570222854614,
1.2126107513904572,
1.1574151366949081,
0.6817296147346497,
0.881715789437294,
1.5014317631721497,
2.701740264892578,
3.7014156579971313,
2.2141602635383606,
0.44118672609329224,
1.0930696874856949,
0.40027860552072525,
3.4192153811454773,
3.8047271966934204,
1.8833854794502258,
2.734476625919342,
1.0795602202415466,
1.858546882867813,
1.0714337974786758,
1.0261820256710052,
2.4095048010349274,
1.2932851910591125,
3.3582696318626404,
0.7426466047763824,
1.2399955093860626,
0.318668894469738,
2.509758770465851,
2.6035910844802856,
0.3962881490588188,
1.8372298777103424,
1.3671132922172546,
1.8073396384716034,
2.5277650356292725,
1.0260999202728271,
0.5815507844090462,
0.502689890563488,
2.347302734851837,
1.3927091658115387,
1.3657335937023163,
1.2240175157785416,
2.7903667092323303,
1.0218672454357147,
4.7159552574157715,
3.489513397216797,
0.9715639054775238,
2.28914737701416,
1.0822007805109024,
3.0341771245002747,
4.60334837436676,
4.243291914463043,
3.706170916557312,
2.215864211320877,
1.2490340322256088,
0.6938625127077103,
1.7998987436294556,
2.696463167667389,
2.357432246208191,
0.5055040866136551,
4.0978169441223145,
1.2312322109937668,
1.2881003320217133,
3.553326427936554,
0.36610811948776245,
0.2953096851706505,
1.5295268595218658,
1.1137307435274124,
1.8446522951126099,
2.6094964146614075,
1.2322187423706055,
1.3757146894931793,
1.7308907210826874,
1.209021881222725,
1.209096685051918,
1.2333165854215622,
1.1170676350593567,
1.2797446548938751,
1.2682642042636871,
1.5690086781978607,
0.9953782707452774,
1.0926391929388046,
1.6477401554584503,
4.794480800628662,
1.0998915880918503,
1.6637800633907318,
3.443731665611267,
3.858903646469116,
3.2785505056381226,
-0.01968994503840804,
0.4929611459374428,
0.9381459653377533,
1.6761353611946106,
0.3778228536248207,
2.066490203142166,
0.8429717272520065,
0.6284930557012558,
1.9504576921463013,
2.3706743121147156,
0.9833640605211258,
0.39139028638601303,
1.224379986524582,
0.7896317541599274,
3.842863440513611,
1.7463618516921997,
1.1381690949201584,
1.4362302422523499,
3.530450165271759,
2.518954873085022,
3.000856339931488,
3.4439605474472046,
0.7439662516117096,
0.13170499354600906,
2.119646668434143,
3.9924871921539307,
1.7620083689689636,
0.7462620735168457,
3.4226801991462708,
3.3905255794525146,
1.198694258928299,
2.2510474920272827,
0.6289788335561752,
0.35643357783555984,
1.2095874547958374,
1.344461590051651,
0.5393212288618088,
0.9707260131835938,
0.5173429474234581,
1.3448037207126617,
2.3630303144454956,
2.110285609960556,
4.053547382354736,
3.7054315209388733,
0.19716013222932816,
0.8282346278429031,
0.9042979031801224,
1.6541680693626404,
1.5625613927841187,
2.2727809846401215,
1.19452603161335,
3.5975390672683716,
1.154186651110649,
1.4496035873889923,
1.3072426617145538,
2.718527615070343,
1.0002342611551285,
1.34627103805542,
1.5749810636043549,
4.3329691886901855,
3.629867434501648,
1.9012804329395294,
2.951763868331909,
0.05511859431862831,
1.3108046352863312,
2.301969528198242,
2.034611254930496,
0.7875825464725494,
4.749255180358887,
1.0518276691436768,
0.3269224986433983,
0.4579850658774376,
0.6728644669055939,
0.6059927493333817,
2.161753475666046,
1.3272345066070557,
3.2106226682662964,
3.322487771511078,
0.35406485199928284,
1.916547566652298,
2.796744406223297,
1.7598921060562134,
2.856282591819763,
0.2628718502819538,
0.6280185282230377,
1.3493648171424866,
1.9984263181686401,
0.5166883394122124,
2.7438390254974365,
0.270282831043005,
2.262669801712036,
4.403280317783356,
1.365690529346466,
1.27410426735878,
0.523608960211277,
1.7199096083641052,
0.6257408112287521,
1.3036447763442993,
3.7088361382484436,
1.684996485710144,
0.7334354519844055,
0.18798105418682098,
2.944871485233307,
1.0538855195045471,
1.0497422516345978,
1.698041409254074,
0.9291160106658936,
0.5294712260365486,
1.697198748588562,
2.3113781213760376,
2.1270981431007385,
3.41789573431015,
1.24639593064785,
1.9617173075675964,
0.8600201457738876,
1.0429511219263077,
1.7424023151397705,
0.5469981580972672,
1.595114916563034,
1.9841045141220093,
4.075533747673035,
0.6964164972305298,
1.4257562160491943,
0.17170369625091553,
4.192434847354889,
1.133279949426651,
0.4839693009853363,
0.3525197133421898,
4.798367917537689,
1.924898773431778,
2.0134948194026947,
0.5664773285388947,
3.876948356628418,
0.7816147804260254,
0.8940203487873077,
0.9994587302207947,
0.6835669279098511,
1.5564222633838654,
1.9617566466331482,
1.0214703530073166,
0.8487686514854431,
0.12420627288520336,
1.7979168891906738,
1.5460821986198425,
1.0663900524377823,
2.2436529397964478,
1.6543282568454742,
0.8914296329021454,
1.0474276542663574,
1.1467702686786652,
0.4657657817006111,
1.588481217622757,
1.7198878526687622,
2.709421217441559,
2.2137191891670227,
0.7295891642570496,
1.0357562452554703,
1.2003280967473984,
3.6599066853523254,
2.371009439229965,
0.9140638262033463,
1.9889618456363678,
0.48446256667375565,
3.0497735738754272,
0.7905800640583038,
1.4376510679721832,
0.9898074716329575,
1.2909533083438873,
1.382559984922409,
0.9239458292722702,
2.3008647561073303,
2.8243911266326904,
0.4499213770031929,
2.294291704893112,
0.7819394767284393,
1.4419017732143402,
-0.08110925555229187,
1.1529164761304855,
2.34186515212059,
1.134772077202797,
2.4307772517204285,
0.9502404183149338,
0.7906873524188995,
0.4960360750555992,
0.7597319036722183,
0.6210067868232727,
1.444862186908722,
1.306874006986618,
1.9573849439620972,
3.137400448322296,
0.14501347206532955,
0.735967606306076,
0.19745498895645142,
2.304505854845047,
1.551227867603302,
2.8448042273521423,
1.7069678008556366,
1.864340901374817,
1.0387195646762848,
1.144043579697609,
2.868379056453705,
1.7060087621212006,
1.0405047237873077,
1.337772160768509,
4.362506866455078,
0.3193928673863411,
0.9276075661182404,
1.72744020819664,
1.0946524888277054,
0.5143905803561211,
1.058751568198204,
1.3212844729423523,
2.2163860499858856,
0.9842688590288162,
0.5196703970432281,
4.297235608100891,
2.404155135154724,
0.2911633066833019,
4.43476140499115,
2.0911462604999542,
1.0353448241949081,
1.843581646680832,
0.02735341200605035,
3.1542330980300903,
0.9101076424121857,
2.3362362384796143,
1.219247281551361,
0.4156168922781944,
0.722319558262825,
3.0444517731666565,
1.4169974625110626,
1.286776065826416,
0.5541403591632843,
4.030546844005585,
2.994145154953003,
0.7639357447624207,
3.2745906710624695,
0.9925232082605362,
1.0114321857690811,
0.20522404462099075,
4.468740224838257,
2.3173417150974274,
0.8297140151262283,
2.1370208263397217,
0.8961791545152664,
1.8212607502937317,
1.6053788363933563,
1.1992591619491577,
1.0104355216026306,
1.3682083785533905,
2.05258846282959,
4.269160032272339,
1.5948566794395447,
0.988464280962944,
0.43253201991319656,
2.4058477580547333,
2.1081487834453583,
0.28368890285491943,
1.5240910649299622,
1.93914994597435,
4.370701611042023,
1.2709668278694153,
2.0597217977046967,
0.8646485209465027,
3.0165237188339233,
1.8542027473449707,
2.6500049233436584,
1.1669515818357468,
0.4034987837076187,
1.7377032339572906,
1.0511351376771927,
1.572338342666626,
0.5005265027284622,
0.9579852223396301,
0.4900670424103737,
0.764225423336029,
0.4238990321755409,
0.8372227847576141,
2.6143652200698853,
1.1056680977344513,
0.9059440344572067,
1.5067186951637268,
0.5436388775706291,
0.48907890915870667,
3.084493577480316,
0.9226662665605545,
3.1028759479522705,
2.4642586708068848,
0.3196796774864197,
0.8885863423347473,
1.9522824883460999,
2.963237762451172,
2.1692368388175964,
1.2141678482294083,
3.9550456404685974,
1.082289218902588,
1.9417685270309448,
0.3314147889614105,
1.1326740682125092,
0.6779307126998901,
1.2084942311048508,
1.8934835493564606,
0.7297906279563904,
0.15911225229501724,
1.137324571609497,
0.4229048639535904,
0.12999247759580612,
0.8114252239465714,
2.4560141563415527,
2.814682722091675,
4.275721311569214,
0.7850795239210129,
1.365058273077011,
4.047680497169495,
2.1888160705566406,
3.9416027069091797,
0.7832693308591843,
2.582080066204071,
1.6435113549232483,
0.7845650613307953,
2.940911054611206,
0.7135885208845139,
1.7077934741973877,
1.2983796000480652,
4.665020704269409,
1.671963483095169,
2.994442880153656,
1.9125726819038391,
2.0582763850688934,
1.2016144394874573,
2.7354195713996887,
0.7365234941244125,
0.5566408112645149,
3.0118408799171448,
1.3024210929870605,
1.4218661189079285,
2.0187348127365112,
1.177954152226448,
1.325516402721405,
0.6833090633153915,
1.8211399018764496,
0.4746871441602707,
0.943688303232193,
1.5768453478813171,
1.8141725659370422,
2.287992835044861,
1.5782968699932098,
1.86717689037323,
0.6073812395334244,
1.7749041318893433,
1.8688610196113586,
1.0030873119831085,
2.3944635689258575,
0.9079961478710175,
1.3272015750408173,
3.574036657810211,
0.6110512837767601,
0.9616272151470184,
1.7549024522304535,
1.3538150489330292,
1.1635252088308334,
2.308991253376007,
2.53020703792572,
0.9468566626310349,
1.1883911490440369,
1.2434866279363632,
1.5979810059070587,
2.0255471765995026,
3.104817271232605,
2.6288431882858276,
3.0094489455223083,
2.1965475380420685,
0.6714446842670441,
2.0981061458587646,
1.100427508354187,
3.619239926338196,
0.8984620124101639,
0.8013807982206345,
1.0926510393619537,
1.0360043495893478,
1.0016460716724396,
0.20755337551236153,
2.067016214132309,
1.8625324964523315,
0.6983742862939835,
2.6400622725486755,
1.8710792064666748,
1.9043639302253723,
2.1436645090579987,
4.51927125453949,
3.9888781309127808,
0.5378656834363937,
0.5253060907125473,
0.4926108196377754,
0.48875272274017334,
1.029800996184349,
1.853536069393158,
1.1000843346118927,
1.6584955155849457,
1.242808848619461,
4.112166464328766,
1.7128591239452362,
0.8863402158021927,
2.1247106790542603,
1.4067724347114563,
0.8939406275749207,
1.461956948041916,
1.1487217247486115,
1.9726774096488953,
1.1104781180620193,
3.5597357153892517,
1.331665813922882,
3.305906653404236,
1.158168837428093,
1.0259422659873962,
1.8451330065727234,
2.5159531831741333,
0.4466983675956726,
1.1964108794927597,
1.888694167137146,
2.0123088359832764,
1.0431408882141113,
3.792099356651306,
1.1090319603681564,
0.7195908576250076,
0.2454078383743763,
1.3646139204502106,
2.344101667404175,
2.1250826120376587,
2.4049755930900574,
1.8985240161418915,
0.7087817788124084,
1.6079849004745483,
1.1629503965377808,
3.690629005432129,
3.6785972118377686,
3.9175432920455933,
0.17712440341711044,
1.8659333884716034,
0.8878634870052338,
1.7598026990890503,
3.1636592745780945,
1.9742150604724884,
2.019926756620407,
2.66170471906662,
0.7215279340744019,
1.2516845762729645,
0.9530903398990631,
2.8414273262023926,
1.467139720916748,
0.830170214176178,
3.972472846508026,
2.2294263541698456,
1.530638337135315,
1.0652849078178406,
1.3147473335266113,
2.112155109643936,
2.908884286880493,
2.577228844165802,
0.4931645840406418,
0.458301417529583,
3.921929895877838,
1.1477670073509216,
0.5167932063341141,
1.6739766299724579,
2.03994557261467,
2.7077311277389526,
0.8366056531667709,
0.7710998505353928,
1.9775432348251343,
0.31402725726366043,
3.364157974720001,
1.6205768287181854,
2.1565495431423187,
0.2719300426542759,
1.138627901673317,
0.9412021934986115,
2.306256741285324,
2.4040789902210236,
2.3058851063251495,
0.5833455175161362,
3.9721423387527466,
2.37243190407753,
1.068074181675911,
1.4599891006946564,
2.8470537066459656,
0.17572825774550438,
2.544269859790802,
2.988341748714447,
0.9266096353530884,
1.8317323923110962,
2.8958427906036377,
0.5157049000263214,
1.7290224134922028,
3.8621866703033447,
1.6188278794288635,
3.148212432861328,
0.8077048510313034,
1.2556318938732147,
0.9735103696584702,
0.7334794849157333,
2.1062681078910828,
2.0486581325531006,
1.7087645828723907,
0.560331866145134,
2.9958993196487427,
1.5777230262756348,
1.1331622302532196,
1.024823933839798,
0.9051341563463211,
1.5465255081653595,
0.7699886709451675,
1.1100517958402634,
3.7587523460388184,
2.0740890502929688,
0.820728987455368,
0.6277988851070404,
1.4074280858039856,
3.3599472045898438,
1.6528069972991943,
1.665625125169754,
0.8189965784549713,
3.4395375847816467,
0.46115636825561523,
2.4006159603595734,
1.0429511219263077,
1.8659012019634247,
0.9049499779939651,
1.3454027473926544,
0.3920391574501991,
1.3723286986351013,
2.5934192538261414,
2.7046138048171997,
1.768745332956314,
0.42576052248477936,
0.9235361963510513,
1.1918074637651443,
1.824181079864502,
1.8350803852081299,
0.7695326209068298,
1.0904446244239807,
0.9678129106760025,
2.077202796936035,
1.0317287594079971,
-0.08981678634881973,
0.9729133546352386,
1.4345087110996246,
0.897861123085022,
0.929882675409317,
1.267261803150177,
4.464728236198425,
-0.14053569175302982,
4.656049609184265,
0.9356621652841568,
0.1610889472067356,
1.6846352815628052,
2.35940158367157,
0.2687468007206917,
1.7200198769569397,
1.5609762072563171,
0.027201087214052677,
3.281680643558502,
4.524498879909515,
1.1754416674375534,
2.5170916318893433,
2.1016961336135864,
1.539076566696167,
0.7761727273464203,
1.5394075214862823,
3.2180410623550415,
1.1917110532522202,
2.2230447828769684,
1.4160996675491333,
2.092629075050354,
0.45826833695173264,
1.3012731075286865,
1.4601445198059082,
2.0929044485092163,
1.500532180070877,
0.6557848304510117,
4.17103111743927,
0.5796243250370026,
2.7763813734054565,
0.8729195594787598,
4.076809287071228,
1.9181489944458008,
0.504501610994339,
0.638987198472023,
3.8807111978530884,
1.0734555125236511,
4.746718108654022,
0.025030386168509722,
3.82111132144928,
0.3920666500926018,
0.2024301327764988,
1.3934707641601562,
1.7340312898159027,
3.3075112104415894,
3.8781487941741943,
1.7410705983638763,
1.3705797493457794,
1.284433752298355,
1.730429083108902,
3.9967554807662964,
0.87374247610569,
3.0260083079338074,
4.0626901388168335,
1.0441949963569641,
0.6314954161643982,
2.133731245994568,
0.7498772442340851,
0.5556712299585342,
1.3459199666976929,
1.0629192739725113,
-0.4090122878551483,
0.5946430563926697,
3.8495388627052307,
1.0529502481222153,
0.541023276746273,
1.3522551953792572,
1.480586975812912,
1.0717619210481644,
1.4313273131847382,
1.7395910620689392,
2.5751647353172302,
1.8557730317115784,
1.8873880803585052,
0.8045103400945663,
0.8411072939634323,
1.5978102385997772,
0.8756174147129059,
0.14407595619559288,
1.113605722784996,
0.5014834925532341,
1.6546566784381866,
0.8829747140407562,
0.5890154466032982,
1.2990102171897888,
2.3452167212963104,
2.1539145708084106,
0.5419096723198891,
2.227155417203903,
2.8354206681251526,
4.269734621047974,
0.8602408319711685,
3.9944085478782654,
1.5397979319095612,
2.8582999110221863,
3.5837602615356445,
0.36983031779527664,
1.5743502974510193,
0.5294626951217651,
1.7062261700630188,
4.509952068328857,
1.050305813550949,
0.6011096015572548,
2.1548448503017426,
0.39550289511680603,
3.1731757521629333,
2.2634010016918182,
0.9644385427236557,
1.7549262940883636,
0.8440911024808884,
3.4967881441116333,
1.6556616127490997,
1.7722274363040924,
0.7167792320251465,
2.6771128177642822,
4.076671898365021,
-0.09971178136765957,
0.4510838910937309,
0.4314522072672844,
3.5267630219459534,
1.2668651342391968,
1.3165675103664398,
0.798298567533493,
0.7331569492816925,
1.22541181743145,
0.6258933246135712,
2.65869677066803,
1.7097440361976624,
4.004627168178558,
4.161050617694855,
0.987657755613327,
1.3654553890228271,
2.5429767370224,
1.1608731746673584,
1.737598031759262,
3.6554908752441406,
1.9492939114570618,
1.5390300750732422,
3.464615046977997,
3.3217936754226685,
0.8401360362768173,
0.08189307525753975,
1.3497211039066315,
1.3670821487903595,
0.09529405273497105,
1.0449828952550888,
1.024637520313263,
2.518209218978882,
2.403498589992523,
0.6289903819561005,
3.995853066444397,
1.3627588748931885,
2.0307964086532593,
0.46888187527656555,
1.4324843883514404,
3.871009647846222,
1.0635656118392944,
2.0742473006248474,
3.4685304760932922,
3.2549190521240234,
1.3237687945365906,
3.983488082885742,
2.882205545902252,
0.3630879893898964,
1.6445347666740417,
0.7558928430080414,
0.6248749792575836,
3.1674808263778687,
4.115825593471527,
0.7938054203987122,
3.1381765007972717,
2.856931686401367,
3.9170116186141968,
0.3074861690402031,
1.5795537829399109,
0.9443251043558121,
0.936262309551239,
3.3734890818595886,
0.07869351655244827,
0.7212933897972107,
1.0234563797712326,
2.9541578888893127,
1.5569739043712616,
2.89785236120224,
0.9953691065311432,
0.4348587617278099,
2.1353374421596527,
4.779651463031769,
0.13641828671097755,
1.8696527183055878,
0.5448166653513908,
2.089730352163315,
1.3579094409942627,
0.8931276202201843,
0.9976042062044144,
1.1031464487314224,
1.9483590126037598,
0.787687823176384,
0.4447370395064354,
4.921275079250336,
1.8754225969314575,
1.208767369389534,
3.206918239593506,
1.9967031478881836,
0.9173331409692764,
1.8161086738109589,
4.191658794879913,
1.0655263811349869,
1.62107452750206,
1.9079464673995972,
1.8199598789215088,
1.3616308569908142,
3.1340491771698,
0.6851355731487274,
2.5851234793663025,
0.6674940139055252,
1.4353510737419128,
1.3151749968528748,
0.9033636748790741,
1.6528069972991943,
0.8377861976623535,
2.1716737747192383,
1.7854824662208557,
1.2304309010505676,
0.3096652030944824,
0.47349143773317337,
3.79687637090683,
1.7179328203201294,
0.8722572028636932,
0.41285518556833267,
2.908884286880493,
1.578042209148407,
3.699953854084015,
1.5921270847320557,
-0.05636718589812517,
1.8406970798969269,
2.615697979927063,
1.5155400335788727,
2.0651493966579437,
1.2069398164749146,
0.6939719617366791,
0.7803690433502197,
1.8539665639400482,
0.4067082330584526,
0.9121094644069672,
0.2584689296782017,
1.2967680394649506,
3.727821111679077,
2.4489080905914307,
2.5335246324539185,
2.3816005885601044,
3.163101375102997,
1.2795424461364746,
2.060483396053314,
2.1786776185035706,
1.0992272198200226,
1.012420505285263,
0.9909751266241074,
0.8824772387742996,
-0.12171188369393349,
1.3278184831142426,
1.7263096570968628,
3.2638531923294067,
1.5598566830158234,
0.8476860076189041,
1.404356062412262,
0.26802582666277885,
1.123451218008995,
0.11066382750868797,
0.8412761986255646,
2.184494733810425,
3.49700391292572,
0.8573167026042938,
0.33287424594163895,
3.365262448787689,
1.1530070006847382,
0.4825124517083168,
0.8503888547420502,
0.5768627673387527,
4.374765455722809,
4.884690642356873,
1.0002967715263367,
1.132923662662506,
1.343408226966858,
2.2245152294635773,
0.9946504980325699,
0.9258105605840683,
2.199873626232147,
1.7837749421596527,
2.1478107571601868,
2.0386070013046265,
0.5567095801234245,
0.33039726316928864,
0.9326630085706711,
1.6231364011764526,
1.1065834015607834,
1.1397122591733932,
0.03786003449931741,
0.639115646481514,
2.8214889764785767,
2.1699629724025726,
0.8995764702558517,
0.7314588129520416,
1.1214275658130646,
1.5439696609973907,
1.4045925438404083,
3.089958131313324,
1.0925089567899704,
3.1354209780693054,
-0.06582147441804409,
1.2410224229097366,
1.3122819364070892,
1.6051068902015686,
0.8444937318563461,
2.3819148540496826,
1.0040491819381714,
1.891234815120697,
0.05940002854913473,
3.7095627188682556,
1.8940117955207825,
0.8262493461370468,
1.0680431872606277,
1.5556128323078156,
1.596498191356659,
2.6131653785705566,
0.2781231328845024,
1.8109896779060364,
0.9776897728443146,
2.850753366947174,
1.4324882626533508,
1.5854589641094208,
3.130304515361786,
1.9587062299251556,
2.9539278149604797,
0.9696534276008606,
1.698855310678482,
3.369942307472229,
2.249322384595871,
2.401653230190277,
1.4393192529678345,
2.923969030380249,
0.7290050387382507,
0.6040836498141289,
3.8220950961112976,
1.6653724014759064,
1.2700539827346802,
3.6676934361457825,
0.7968883216381073,
1.0960746556520462,
0.7687163352966309,
1.5103685855865479,
1.1477670073509216,
0.8594132214784622,
2.3582276701927185,
-0.10424751788377762,
1.1744558811187744,
0.6927542388439178,
2.9907655715942383,
2.7900177240371704,
3.4601053595542908,
1.1291075497865677,
0.3757181391119957,
0.15132908709347248,
0.24178558960556984,
1.5040060877799988,
0.629020556807518,
1.319526880979538,
3.635466992855072,
1.4438775181770325,
2.1638424694538116,
0.17237210646271706,
0.7052595168352127,
0.9345313161611557,
4.555299878120422,
4.286290109157562,
0.5774850025773048,
1.203567236661911,
0.8173099160194397,
0.9673570096492767,
3.8163626194000244,
3.484128415584564,
0.5446527153253555,
1.5408627688884735,
0.6229716911911964,
2.43766650557518,
2.1716737747192383,
3.8267698884010315,
3.6003631353378296,
0.8087127655744553,
0.26534056290984154,
1.221659705042839,
1.2362150847911835,
1.7253483831882477,
0.7943873107433319,
0.6860008835792542,
4.116619229316711,
3.324434757232666,
0.9678240120410919,
2.696141302585602,
1.344233751296997,
3.6578434705734253,
1.9974131882190704,
1.9779486954212189,
0.7853130251169205,
3.2581883668899536,
0.600459985435009,
4.02883917093277,
1.0251595824956894,
1.6841743886470795,
0.9786798059940338,
1.3622520864009857,
2.380695194005966,
3.7927991151809692,
1.5640689432621002,
0.8062456548213959,
1.2558266520500183,
1.8075671792030334,
1.1838419735431671,
1.1116233468055725,
3.7858018279075623,
1.5901105105876923,
0.7986752688884735,
2.206276059150696,
0.23528236895799637,
0.5213849246501923,
2.5966477394104004,
2.582574784755707,
1.4061389863491058,
0.7357671111822128,
2.0189128816127777,
1.4478692412376404,
1.1925212293863297,
0.3072654642164707,
4.251497685909271,
4.60448831319809,
2.9773038625717163,
0.2361503429710865,
0.6529481709003448,
1.0164288431406021,
3.977082073688507,
3.023739457130432,
0.871189758181572,
0.41153091937303543,
1.1768750101327896,
1.4613890647888184,
2.687497138977051,
1.750728040933609,
1.194840669631958,
2.7968916296958923,
1.6931688785552979,
0.3051299415528774,
0.19306354224681854,
1.717393398284912,
1.300906240940094,
2.1882659196853638,
0.8945286273956299,
1.371188461780548,
1.5967106819152832,
1.515527069568634,
0.4978686571121216,
0.745544508099556,
0.5576439201831818,
4.373006224632263,
0.4259822145104408,
4.635607898235321,
2.268078029155731,
0.30189763754606247,
2.674419581890106,
3.8661956787109375,
1.931552141904831,
1.9073210656642914,
0.9555856883525848,
1.8666023015975952,
4.835247099399567,
2.44358628988266,
3.601842522621155,
0.8664745837450027,
0.6955228000879288,
1.0328232496976852,
2.423030734062195,
1.1966265738010406,
1.1527542024850845,
3.9042386412620544,
1.8388891220092773,
1.7852173745632172,
1.680489182472229,
1.4512990415096283,
0.5959843471646309,
2.340336889028549,
3.613978624343872,
1.9793511927127838,
0.7171448320150375,
1.28107488155365,
1.8084865808486938,
0.8439093083143234,
1.011059284210205,
3.1109970808029175,
2.166106551885605,
1.6043093800544739,
2.4446840584278107,
1.0241905599832535,
2.883707582950592,
1.9049268960952759,
0.733012780547142,
1.0038285702466965,
1.3168434798717499,
0.5331758037209511,
1.2930694222450256,
0.40689412504434586,
1.7801083624362946,
3.7964698672294617,
3.236307203769684,
0.558907687664032,
0.5611277371644974,
0.6394442170858383,
0.9936834126710892,
3.3895844221115112,
3.870680332183838,
2.446758896112442,
0.309259295463562,
1.5180309116840363,
3.879941999912262,
3.353910446166992,
2.2941043972969055,
1.2644973397254944,
0.7765930145978928,
0.8122652769088745,
0.1593220792710781,
3.4940654039382935,
0.5634729191660881,
1.4086104929447174,
1.790328174829483,
2.9439812898635864,
4.4305530190467834,
0.8363695442676544,
0.6692307442426682,
0.9389407187700272,
1.0192035138607025,
0.7142996042966843,
2.3976989090442657,
4.5821040868759155,
1.540905088186264,
0.9578624367713928,
0.8115575462579727,
0.47755803912878036,
-0.19665934145450592,
1.8148310482501984,
2.500411868095398,
1.345752328634262,
1.6307660937309265,
1.338522583246231,
0.6323877722024918,
2.5759953260421753,
1.0993190109729767,
0.6555039435625076,
0.18800260499119759,
1.712133139371872,
1.1050713062286377,
1.2460313737392426,
3.5569360852241516,
0.6956925988197327,
3.0326682329177856,
1.9108423590660095,
0.8933890610933304,
-0.05057756323367357,
1.1633072793483734,
1.1745179444551468,
1.2144583463668823,
0.008357870974577963,
1.113244891166687,
1.8280668556690216,
2.9351046681404114,
4.290945827960968,
2.507239580154419,
1.035388857126236,
2.44149312376976,
0.666014775633812,
0.6366880983114243,
0.9124458581209183,
1.054912582039833,
0.32346073538064957,
2.153221070766449,
0.5999366194009781,
0.8909876644611359,
3.4162062406539917,
1.5003591775894165,
1.1891411244869232,
0.8557558804750443,
2.098798304796219,
0.577336773276329,
1.2119166553020477,
1.901736557483673,
4.192830920219421,
2.241819053888321,
2.6529228687286377,
1.7620587348937988,
2.250305861234665,
1.3867086172103882,
2.102504223585129,
2.7145221829414368,
1.416713297367096,
2.2749972343444824,
1.8192949891090393,
1.0755454748868942,
0.09670714847743511,
4.014991521835327,
1.1065460741519928,
2.1040335297584534,
2.881598174571991,
2.218918055295944,
1.4199452102184296,
2.781125009059906,
4.110089838504791,
2.7256160974502563,
0.8841333538293839,
1.2979903817176819,
0.3355981409549713,
1.5717421472072601,
1.382744312286377,
0.44833552092313766,
2.9240483045578003,
1.8194669485092163,
1.418069452047348,
2.495049238204956,
1.0158874839544296,
1.870565265417099,
3.617384135723114,
1.2190569192171097,
1.069977879524231,
2.239857465028763,
0.7910289615392685,
2.612540125846863,
1.4093095064163208,
1.1094165593385696,
2.1095941960811615,
1.2475384026765823,
1.6198045015335083,
0.531540997326374,
1.5604960918426514,
4.509767293930054,
1.2093497067689896,
0.5817834287881851,
0.9246831387281418,
2.514314651489258,
0.8275086432695389,
0.21355446428060532,
0.5059565231204033,
-0.02702833153307438,
1.298215091228485,
1.3577520847320557,
2.22678542137146,
0.19088966771960258,
2.280162274837494,
4.85037088394165,
1.6549283266067505,
4.4281381368637085,
3.481481671333313,
3.3277302980422974,
4.940477907657623,
1.0764037817716599,
1.5583892166614532,
0.2946861647069454,
3.4011536836624146,
-0.5121106654405594,
3.8972583413124084,
3.5056692361831665,
0.6729044020175934,
1.30303755402565,
3.042086958885193,
1.1158977448940277,
0.6366918236017227,
1.6365428268909454,
3.0013415217399597,
3.4971341490745544,
4.527692198753357,
3.5952311754226685,
2.8941333293914795,
3.338524103164673,
2.8023597598075867,
0.5748364701867104,
1.678314208984375,
1.5322859585285187,
2.7583301067352295,
1.5216714143753052,
0.6324364244937897,
3.122006356716156,
1.4171040058135986,
2.8735482692718506,
1.9632802903652191,
1.9470679759979248,
1.2182236462831497,
2.164526581764221,
1.1377045512199402,
0.9941026568412781,
0.1373111829161644,
1.5555059909820557,
1.7268124222755432,
1.6278152167797089,
0.21998155862092972,
1.025930941104889,
0.7428154349327087,
0.40144428610801697,
0.9348183870315552,
1.6346383094787598,
3.497774302959442,
1.9009409844875336,
2.8351619839668274,
0.18443085253238678,
1.7097017168998718,
1.4597015082836151,
1.9489794969558716,
3.76922070980072,
1.415664553642273,
2.120477855205536,
1.5515567362308502,
3.0867627263069153,
2.901962399482727,
2.031620591878891,
0.7607603818178177,
1.1444632709026337,
1.1213362962007523,
1.5476496517658234,
1.766788512468338,
1.0794556140899658,
1.1145877093076706,
0.9812625497579575,
0.38508422672748566,
2.884833514690399,
0.7946557551622391,
1.5267342329025269,
1.0487867146730423,
1.2639324367046356,
0.6356307864189148,
0.49786724150180817,
0.7159967720508575,
0.621786005795002,
1.6145728528499603,
1.947406530380249,
1.4232556521892548,
1.7562119662761688,
2.102738618850708,
0.9891273081302643,
0.2627568691968918,
1.4540015161037445,
1.1126454174518585,
2.5370723009109497,
3.621952533721924,
0.7944733649492264,
3.4835922718048096,
3.9858680963516235,
0.6405888497829437,
-0.29747534543275833,
1.646476835012436,
2.5974154472351074,
1.3897763192653656,
0.49910906702280045,
2.548074722290039,
1.3764287531375885,
0.965273529291153,
0.7794325053691864,
0.28768204152584076,
1.022752895951271,
2.732648551464081,
0.9319141507148743,
1.6371726989746094,
1.805286705493927,
0.10315430350601673,
2.946840822696686,
0.582595132291317,
1.4073283970355988,
1.7081494629383087,
0.7558700442314148,
1.0685590654611588,
0.09525593370199203,
0.5363380163908005,
2.648448646068573,
1.276857703924179,
1.7555369436740875,
2.2012311220169067,
1.1438044160604477,
1.1164706945419312,
2.6400622725486755,
0.6179885566234589,
1.4584559202194214,
2.4725206196308136,
2.373039126396179,
2.8241506218910217,
1.1656228452920914,
1.689496785402298,
0.5794750899076462,
2.6147297024726868,
3.3821240067481995,
1.9173088669776917,
1.0464566200971603,
4.211416244506836,
-0.005072299973107874,
1.9071552157402039,
2.5051912665367126,
1.8464654684066772,
2.094065397977829,
0.8402082324028015,
1.6565397381782532,
1.2201357632875443,
2.230183780193329,
1.8346770107746124,
1.7445632815361023,
2.313154935836792,
1.1352332681417465,
0.8478958904743195,
1.7670440673828125,
2.1007801592350006,
4.401856064796448,
1.1423011124134064,
0.27794642373919487,
0.9837716817855835,
1.3214080035686493,
1.5144310891628265,
1.6874879598617554,
1.3518711924552917,
1.5442068874835968,
0.6783080101013184,
4.6089619398117065,
2.5727513432502747,
2.171477973461151,
4.7028860449790955,
2.0496873557567596,
0.19397128373384476,
2.4687515199184418,
0.13666790910065174,
1.3638383150100708,
1.267673671245575,
2.7036067843437195,
0.309196338057518,
0.4284967854619026,
4.61319625377655,
2.4316367506980896,
1.1012377589941025