1.3779346644878387,
1.2656517326831818,
0.06922492757439613,
2.42572620511055,
4.2997658252716064,
2.328578531742096,
2.5138765573501587,
2.28296235203743,
3.888953924179077,
3.118436634540558,
0.9524932503700256,
1.2138066440820694,
4.007057547569275,
1.9177505373954773,
4.260830581188202,
3.832293152809143,
3.003249168395996,
1.8432508409023285,
2.172538638114929,
1.5057717263698578,
4.541588723659515,
2.310817539691925,
2.9482030868530273,
4.600032269954681,
0.8896144479513168,
0.6499199569225311,
3.892466425895691,
4.576751291751862,
2.061542421579361,
3.3632150292396545,
2.2107043862342834,
1.4242732524871826,
1.8313692510128021,
2.603694498538971,
2.2835183143615723,
1.1605192720890045,
1.174403354525566,
4.017658531665802,
2.623337507247925,
1.8226896226406097,
3.8021686673164368,
2.0571359992027283,
1.492682546377182,
3.2269585132598877,
4.06960517168045,
1.2808062136173248,
1.487722247838974,
4.914922416210175,
3.3717158436775208,
2.0994873344898224,
2.62943834066391,
2.009873241186142,
1.3485358655452728,
2.649313807487488,
4.5756664872169495,
1.6481542587280273,
1.243983432650566,
1.89447820186615,
3.0139154195785522,
1.7408044636249542,
1.8998898565769196,
2.685122787952423,
2.5275200605392456,
1.5017877519130707,
1.599896252155304,
1.52057945728302,
4.456201493740082,
4.2955198884010315,
2.5214138627052307,
0.778568759560585,
2.5187963247299194,
0.3643310070037842,
1.4334017038345337,
2.1134093403816223,
2.1431465446949005,
2.4484968185424805,
2.980411946773529,
3.052009642124176,
1.296200156211853,
1.2288464605808258,
2.1956227719783783,
3.3520182967185974,
1.3587093353271484,
4.801861345767975,
1.7018389701843262,
2.727876603603363,
1.344650387763977,
4.147673845291138,
4.196232557296753,
3.176029324531555,
0.39412420243024826,
1.977192908525467,
2.746599316596985,
0.6315009295940399,
4.095077216625214,
1.1972513794898987,
1.6142776608467102,
3.1236493587493896,
1.3153141736984253,
0.9692241251468658,
3.376031816005707,
4.705994427204132,
3.2051223516464233,
0.6182453408837318,
1.9321516156196594,
1.274535357952118,
4.190406501293182,
2.8387174010276794,
3.4833860397338867,
4.749263525009155,
1.1391976475715637,
2.5226712226867676,
0.5841468274593353,
2.009483128786087,
2.2651946544647217,
2.4155913293361664,
2.0929528772830963,
1.2048055976629257,
1.9544681906700134,
1.7730042338371277,
3.432764708995819,
3.8651663064956665,
1.2223722785711288,
2.5652143359184265,
0.2324148640036583,
1.6037094593048096,
1.9903388619422913,
1.1505348235368729,
3.535248637199402,
1.5135087072849274,
1.4630897343158722,
1.5755276381969452,
2.007558196783066,
1.4816685020923615,
3.828863203525543,
2.462323307991028,
4.825556576251984,
4.172464609146118,
2.4109500646591187,
3.6083683371543884,
1.8687528371810913,
4.401052892208099,
3.3874350786209106,
3.979990780353546,
2.781982421875,
2.299135774374008,
0.5794990062713623,
3.340696692466736,
1.8214167654514313,
1.8747578561306,
0.9056423604488373,
1.1531239748001099,
4.574103951454163,
3.1939631700515747,
2.1376675367355347,
4.643774032592773,
1.582566499710083,
2.2089003026485443,
3.2237398624420166,
1.5908536314964294,
2.4638231098651886,
1.000559777021408,
1.3107381761074066,
2.6278093457221985,
2.9379460215568542,
1.2205986678600311,
3.4062299132347107,
1.4241999387741089,
0.5199096724390984,
2.9863154888153076,
1.2821535766124725,
2.3846538364887238,
1.446467936038971,
2.3191606998443604,
0.9057286381721497,
4.411768615245819,
1.8392868340015411,
1.3156500458717346,
3.037002384662628,
3.7390759587287903,
1.9391661882400513,
0.07158312946557999,
0.32392580062150955,
1.81033194065094,
1.9442911446094513,
0.4466419667005539,
1.4847815036773682,
1.5771368145942688,
1.1446501314640045,
1.6279326379299164,
2.7051445841789246,
1.163942962884903,
0.6775270402431488,
3.927406072616577,
2.3443517088890076,
3.819018602371216,
1.2949709594249725,
1.9323374330997467,
1.259540468454361,
3.276892304420471,
4.057234823703766,
2.705419361591339,
3.579908311367035,
1.927834153175354,
0.8490648120641708,
2.1518927812576294,
3.911835253238678,
0.7267243415117264,
1.1737829446792603,
4.1128116846084595,
3.3869385719299316,
3.849729597568512,
4.062273800373077,
0.5572741478681564,
0.6240791454911232,
4.169265329837799,
1.3004162907600403,
1.8985871970653534,
3.546837568283081,
1.52766153216362,
1.7567972838878632,
3.7260326743125916,
2.2282469272613525,
3.592594861984253,
2.169112265110016,
0.3900863975286484,
2.5188791751861572,
1.6138900816440582,
2.62252539396286,
1.7534667253494263,
4.048129320144653,
1.5492072701454163,
3.0926504731178284,
-0.28243502601981163,
2.2655877470970154,
1.7864663898944855,
3.5535427927970886,
1.6334080696105957,
2.5413620471954346,
1.2227874249219894,
3.9150139689445496,
2.6921123266220093,
1.5646111965179443,
2.1863314509391785,
1.2713569402694702,
1.747947782278061,
2.4512596428394318,
3.4692946076393127,
2.620781362056732,
4.9333783984184265,
1.8704670667648315,
1.0733406990766525,
2.4270814657211304,
1.638198345899582,
2.384592592716217,
2.891171872615814,
1.1568673700094223,
3.494642972946167,
3.273036479949951,
0.1703471504151821,
2.6703497767448425,
4.165489673614502,
2.360730469226837,
1.7124663293361664,
1.8922384083271027,
2.801600694656372,
1.7729611694812775,
1.3955636322498322,
1.2532831728458405,
4.446245431900024,
1.5651494264602661,
1.8609757721424103,
4.491090774536133,
1.9412899017333984,
1.1805237829685211,
1.2914572656154633,
1.5201199054718018,
2.9166623950004578,
1.688137948513031,
4.316697716712952,
2.274881601333618,
0.7378288358449936,
1.0887835919857025,
3.957819640636444,
1.3829538226127625,
2.163492739200592,
1.8135417997837067,
2.227313220500946,
0.48990048468112946,
3.2065045833587646,
2.62961208820343,
2.4294155836105347,
4.809695184230804,
1.0251428931951523,
2.715541124343872,
0.9323906153440475,
1.8546085059642792,
2.7747735381126404,
2.1846772730350494,
1.39163538813591,
3.3216294646263123,
2.833513021469116,
1.1907649040222168,
2.984893023967743,
1.8770825862884521,
4.94066447019577,
1.8258439004421234,
1.9379764795303345,
0.6556948274374008,
4.846213459968567,
3.663855195045471,
2.0430803298950195,
0.12869823724031448,
4.716414213180542,
1.637365072965622,
2.138924300670624,
1.2091591209173203,
2.0502033829689026,
4.047405123710632,
2.383957952260971,
0.4935060814023018,
2.757941782474518,
1.2063626945018768,
1.1209917068481445,
1.168142408132553,
1.4833509922027588,
1.3510596752166748,
2.2484618425369263,
4.029524624347687,
1.5527048707008362,
0.7059559226036072,
1.8685415387153625,
2.3076683282852173,
3.462204337120056,
3.50918710231781,
3.8221874833106995,
0.6783946603536606,
2.553219497203827,
4.36098575592041,
3.7037941813468933,
1.4794699847698212,
1.4846353232860565,
1.0575272142887115,
2.224181145429611,
4.079414010047913,
0.47562241554260254,
2.421662360429764,
1.0513439029455185,
1.082097664475441,
1.8714572489261627,
2.2364772856235504,
2.975054085254669,
2.877471148967743,
1.6256175935268402,
1.9072425365447998,
1.4128771424293518,
2.4048790335655212,
1.0227743536233902,
2.344939410686493,
4.147949814796448,
2.8246843814849854,
4.259994328022003,
1.5243497490882874,
2.1075527369976044,
1.050093099474907,
1.8175005912780762,
1.7845679819583893,
2.057414799928665,
3.183816969394684,
2.6665514707565308,
3.8182637095451355,
1.155867800116539,
1.578139066696167,
2.6137185096740723,
2.720295786857605,
2.087111175060272,
3.315759599208832,
1.2605488300323486,
1.4254043996334076,
2.12117999792099,
1.7110705375671387,
2.9471638798713684,
1.8767885863780975,
1.9150826334953308,
1.5054291486740112,
4.811767041683197,
1.0650026053190231,
1.43286794424057,
2.627277374267578,
3.4216561913490295,
0.7664407044649124,
1.8852008879184723,
1.982363611459732,
0.43976686894893646,
1.3881388306617737,
2.114153653383255,
4.804744124412537,
2.1006131172180176,
1.7678873240947723,
4.247204661369324,
1.904628723859787,
1.5557949244976044,
1.6350629925727844,
0.26604825630784035,
4.149706065654755,
1.8067081272602081,
2.64720618724823,
1.7638376355171204,
0.18606722354888916,
2.03792467713356,
2.4581189453601837,
2.102123498916626,
0.47787994146347046,
1.0493676364421844,
4.150527715682983,
2.2432424128055573,
1.8635433912277222,
4.820186197757721,
2.3434022068977356,
1.1123660206794739,
1.7693571746349335,
4.614356160163879,
1.1748500168323517,
1.413472592830658,
2.3212525248527527,
1.0136757791042328,
3.561248779296875,
1.5768350660800934,
2.5776922702789307,
2.996956706047058,
2.210157811641693,
2.884434163570404,
4.840202033519745,
3.9744889736175537,
1.2572625279426575,
1.3829633593559265,
2.1655307710170746,
1.7594721913337708,
2.975637912750244,
2.7131128311157227,
3.10226172208786,
2.401583343744278,
1.2453502416610718,
2.926831841468811,
2.7944350242614746,
4.59410697221756,
2.643894851207733,
3.3476322889328003,
1.4092421531677246,
2.753930985927582,
3.041549026966095,
2.6814383268356323,
1.9323520362377167,
1.8269884586334229,
2.50862717628479,
2.054513543844223,
0.6391390413045883,
2.3626387119293213,
1.3660997152328491,
3.0617815256118774,
1.8800267577171326,
0.7069101184606552,
2.1418596804142,
1.9451139867305756,
1.8619872629642487,
3.336220383644104,
1.5119466185569763,
1.684383600950241,
2.594147026538849,
1.7264056205749512,
1.8886184692382812,
2.499866485595703,
2.8407463431358337,
1.4204849302768707,
3.8559353351593018,
4.628421068191528,
1.619795560836792,
2.5562089681625366,
2.766074538230896,
3.0459022521972656,
2.6516544818878174,
3.2779619097709656,
1.0456396639347076,
1.3343475759029388,
0.8076656609773636,
0.8985397219657898,
2.3864151537418365,
0.27494823560118675,
2.118469327688217,
1.0561184585094452,
3.1109094619750977,
4.069031178951263,
1.6134551167488098,
2.756752073764801,
2.7098703384399414,
3.3996987342834473,
3.7986424565315247,
2.426733076572418,
1.95528045296669,
2.4929091334342957,
0.9046376496553421,
2.1099817752838135,
1.599508672952652,
1.5562282502651215,
1.5864093601703644,
4.381416141986847,
2.855115532875061,
2.247436046600342,
1.025070771574974,
0.8998918533325195,
1.9038473069667816,
1.580594927072525,
0.9026259183883667,
0.5994858592748642,
3.3538052439689636,
2.619350850582123,
1.3809110224246979,
1.5709221363067627,
3.105907142162323,
2.720312774181366,
1.4122168719768524,
2.5120866298675537,
1.3989269733428955,
2.9280155897140503,
2.6994481682777405,
2.0946751534938812,
1.5315885841846466,
1.0085242241621017,
2.8632214665412903,
0.45192286372184753,
4.551628530025482,
1.6649405658245087,
2.4253375828266144,
3.9714452624320984,
1.418023258447647,
3.124730885028839,
4.294930100440979,
0.8723828196525574,
2.315075844526291,
2.369893789291382,
1.5212590992450714,
2.186209261417389,
2.6156821846961975,
2.2383874654769897,
0.961882546544075,
1.875089854001999,
2.37361878156662,
2.3853713274002075,
2.3802639544010162,
2.130587548017502,
2.306545227766037,
2.053733468055725,
3.5177379846572876,
2.923632264137268,
2.905004620552063,
1.182156279683113,
3.6788755655288696,
0.8905152231454849,
0.765615925192833,
1.2058404088020325,
1.9858747720718384,
1.2459543347358704,
1.2639446556568146,
3.1988349556922913,
4.0121787786483765,
2.316194921731949,
4.308308660984039,
1.2446627765893936,
2.4361252784729004,
2.236068695783615,
3.979560136795044,
4.7947052121162415,
0.3918442875146866,
1.329587996006012,
0.8708848804235458,
2.2363094985485077,
2.6238349080085754,
2.5266778469085693,
3.3040273189544678,
2.378632128238678,
2.8261539340019226,
4.67452198266983,
2.3621349036693573,
2.4816301465034485,
2.3344020545482635,
1.4272955060005188,
2.5836899876594543,
1.8076999485492706,
2.321457266807556,
3.0643829703330994,
1.5992830693721771,
3.6618542671203613,
2.376014292240143,
3.874906003475189,
1.5512967109680176,
2.3896507918834686,
4.046961665153503,
1.7260362207889557,
2.333565652370453,
2.230532169342041,
2.0477737486362457,
2.702253758907318,
3.2591813802719116,
4.225673973560333,
3.120644986629486,
1.0911711305379868,
0.48915453255176544,
2.2480900585651398,
3.041997253894806,
2.6892200112342834,
1.6342848539352417,
2.0033083856105804,
1.52032271027565,
1.949065625667572,
2.0636093616485596,
3.4021660685539246,
4.119226038455963,
4.422883093357086,
0.48337362706661224,
1.6058580577373505,
1.526859849691391,
1.1295806616544724,
4.096605181694031,
2.425674647092819,
4.584425389766693,
3.876289427280426,
0.7570686191320419,
3.9259809255599976,
3.607063591480255,
2.344050854444504,
1.6191250085830688,
3.6739373207092285,
4.037546813488007,
1.7067095637321472,
2.9675328731536865,
2.998286485671997,
1.3862276077270508,
2.183438092470169,
3.572050631046295,
3.0637696385383606,
0.887589156627655,
3.2143324613571167,
4.126548767089844,
2.980160713195801,
1.1274617165327072,
2.680942118167877,
2.7746596932411194,
1.8736116588115692,
0.7291579991579056,
1.2416314333677292,
2.3809386789798737,
2.8811609745025635,
3.8109898567199707,
2.0316950976848602,
1.672595888376236,
2.7086904644966125,
3.721192479133606,
0.5358300358057022,
1.5169072151184082,
1.427711546421051,
2.9241943359375,
1.011703908443451,
4.737662971019745,
3.8227578997612,
3.2427382469177246,
1.8090304732322693,
4.721446335315704,
1.0378427803516388,
2.0670881867408752,
1.0533007234334946,
3.9252129197120667,
1.0872270911931992,
2.311515659093857,
1.476898342370987,
1.882907748222351,
4.497203230857849,
1.9667714834213257,
3.7512004375457764,
2.2501572966575623,
1.3932722806930542,
0.930427610874176,
2.7617597579956055,
2.6810815930366516,
3.985418677330017,
2.7758240699768066,
0.7119844853878021,
1.054309532046318,
1.7197221517562866,
1.7942090332508087,
3.0199331045150757,
1.8333211541175842,
1.4542071521282196,
1.1563974618911743,
2.160579115152359,
2.2720466554164886,
1.2632721662521362,
0.19369050860404968,
2.358025461435318,
1.9259357452392578,
2.8686746954917908,
2.2765299677848816,
1.661754846572876,
1.39015793800354,
3.4283971786499023,
1.6372253000736237,
4.195387065410614,
1.8546085059642792,
0.7491204142570496,
2.7452871203422546,
0.40759969502687454,
1.6888286173343658,
2.3929472267627716,
3.716196119785309,
1.6296787559986115,
2.504822015762329,
1.6550025343894958,
2.1290917694568634,
1.858806312084198,
2.1661946177482605,
1.6816559433937073,
1.8076720833778381,
2.545247972011566,
2.9790961742401123,
2.918379306793213,
0.6512200832366943,
0.6150732561945915,
1.4548878371715546,
1.6789321601390839,
1.6520479321479797,
1.7174184322357178,
0.9594200551509857,
3.8062241673469543,
1.5062165260314941,
4.811008274555206,
2.024313360452652,
1.1683302372694016,
2.6051267981529236,
2.411780059337616,
2.5300973653793335,
2.2783684730529785,
2.7967873215675354,
1.3567514717578888,
3.6588317155838013,
4.390372633934021,
2.333228290081024,
4.24102783203125,
2.844059467315674,
2.2875086963176727,
2.1375152468681335,
2.312055826187134,
4.3597376346588135,
1.6910989582538605,
4.304634630680084,
1.4732977747917175,
2.8045862913131714,
2.0815372467041016,
1.3096526265144348,
3.02913099527359,
3.176529109477997,
0.7123830914497375,
0.2803812548518181,
4.871338605880737,
1.234528124332428,
1.8867026269435883,
0.4375855252146721,
4.9578240513801575,
1.4647920429706573,
1.0534848272800446,
1.041860207915306,
3.9262330532073975,
3.0641797184944153,
4.620993137359619,
1.5115366876125336,
4.528052508831024,
0.890977680683136,
1.1106962710618973,
2.4055159091949463,
1.8961001932621002,
1.5199370682239532,
3.1749284267425537,
1.011551171541214,
2.8534480929374695,
2.2674745321273804,
2.746945023536682,
4.051312506198883,
0.48436395823955536,
2.2484683990478516,
3.1744706630706787,
0.2256263606250286,
1.4358614385128021,
2.914609909057617,
1.2288400530815125,
1.0916165262460709,
1.2635280191898346,
2.652977705001831,
0.6377971917390823,
0.9708007425069809,
4.564797282218933,
1.804177463054657,
1.423095017671585,
1.223456934094429,
2.955939769744873,
0.5115536972880363,
2.130274176597595,
0.8195284754037857,
2.286849319934845,
2.750895321369171,
2.2038133442401886,
1.3683882355690002,
1.257244050502777,
1.357439011335373,
1.804475337266922,
0.9496918320655823,
3.5107308626174927,
0.9037882089614868,
2.0383700728416443,
2.0591503381729126,
1.4532513916492462,
2.881823480129242,
3.0529260635375977,
0.9821271896362305,
1.2814822793006897,
1.703132688999176,
2.8298091888427734,
4.829423725605011,
1.4775747060775757,
4.603709876537323,
3.5472744703292847,
4.0150246024131775,
2.6059669256210327,
2.145870476961136,
2.6122575998306274,
1.0033736377954483,
3.960994780063629,
3.385397493839264,
0.8852164447307587,
1.197822242975235,
3.0330482125282288,
1.8790896236896515,
4.779724180698395,
1.6617804765701294,
3.6948618292808533,
3.7305158376693726,
2.168334573507309,
4.450860023498535,
0.6891501694917679,
2.2918473184108734,
0.9903163462877274,
4.382228851318359,
4.387291371822357,
2.0201952755451202,
2.792523205280304,
1.331719160079956,
4.535248875617981,
2.109757363796234,
1.4002417027950287,
1.875978708267212,
1.5474626421928406,
1.4512534439563751,
0.7067441195249557,
3.7559008598327637,
1.97882741689682,
4.162829518318176,
4.450151324272156,
3.1848451495170593,
3.7648266553878784,
1.6269677877426147,
1.1333926022052765,
4.177403748035431,
4.007382690906525,
1.92082941532135,
2.3396791517734528,
2.156997323036194,
1.8092353641986847,
1.1766940355300903,
1.1584655940532684,
0.8912504464387894,
3.7390074133872986,
0.712837278842926,
2.8646638989448547,
3.21284681558609,
2.5152289867401123,
2.9593515396118164,
0.8018899708986282,
4.637722074985504,
1.7118102312088013,
3.2562190294265747,
2.227226197719574,
1.9460445642471313,
4.743139147758484,
2.8142768144607544,
1.7970587313175201,
4.264852404594421,
3.5709011554718018,
2.8156840801239014,
4.430329501628876,
4.795990884304047,
-0.010573593899607658,
2.5054776668548584,
0.9073322266340256,
1.7108766734600067,
3.77191424369812,
4.217092394828796,
2.527227997779846,
4.330755770206451,
3.549361824989319,
3.705563545227051,
2.8879714012145996,
1.965254694223404,
1.7362609505653381,
1.1675989627838135,
4.196453392505646,
2.5670602917671204,
0.8024145662784576,
1.7317582666873932,
1.882200688123703,
2.8825482726097107,
3.0143821239471436,
1.0625030845403671,
1.0874872654676437,
1.7171981930732727,
4.881745874881744,
2.225779891014099,
1.3347969949245453,
1.8107366561889648,
2.0226842164993286,
1.8345539271831512,
-0.19345862790942192,
3.986692428588867,
1.2839652597904205,
2.9746457934379578,
1.7846140265464783,
1.1452088505029678,
4.918317198753357,
1.1263108998537064,
1.8402625620365143,
4.249169826507568,
2.914695143699646,
1.2336139380931854,
2.837270200252533,
3.3406835794448853,
0.3052143007516861,
2.8861430287361145,
0.7629075646400452,
2.375383973121643,
3.5408374667167664,
4.213653206825256,
1.958034485578537,
2.5157710909843445,
3.052515387535095,
2.149980068206787,
-0.04810044076293707,
1.5794037282466888,
2.2765299677848816,
0.6492506712675095,
2.9339858889579773,
0.4768841341137886,
1.4732667803764343,
0.7941079884767532,
2.071971446275711,
3.5632795095443726,
2.139309346675873,
1.3765738904476166,
0.05412498954683542,
3.572050631046295,
1.2533490359783173,
4.687583148479462,
3.6956748366355896,
0.9551136195659637,
1.763686090707779,
3.125254511833191,
2.0525695383548737,
1.8251492083072662,
2.047078460454941,
1.5502260625362396,
2.211780995130539,
1.1197881400585175,
2.1334466338157654,
0.03292475128546357,
0.6340963393449783,
2.252652496099472,
3.6400049924850464,
3.41149240732193,
2.989530861377716,
3.0496254563331604,
2.4109648168087006,
1.2449084222316742,
1.5767163038253784,
1.6758222877979279,
2.6411503553390503,
1.6969195008277893,
2.1541787683963776,
3.288162052631378,
1.6979016363620758,
1.1936090886592865,
1.8199096620082855,
4.6678754687309265,
3.202085494995117,
2.7868756651878357,
2.451312690973282,
0.25165440514683723,
1.229996234178543,
1.2541396915912628,
1.9203920662403107,
1.6591744124889374,
4.645269513130188,
2.7023541927337646,
2.470012456178665,
2.0228806138038635,
1.5487045049667358,
-0.2465391717851162,
2.4577218294143677,
1.5298493206501007,
2.5074952840805054,
4.7524094581604,
1.7200259864330292,
1.426316350698471,
2.3362770676612854,
4.018056094646454,
0.9650260955095291,
0.7922108471393585,
3.301885426044464,
2.477426528930664,
0.7657945156097412,
2.529371976852417,
1.3350965082645416,
1.2791337072849274,
2.9937931895256042,
1.902748942375183,
1.5647239983081818,
1.3783469796180725,
1.1979331076145172,
2.0107923448085785,
4.574125707149506,
1.1467249691486359,
1.9445359706878662,
1.0530291497707367,
3.0625808238983154,
1.2687776982784271,
2.6489055156707764,
1.2763801217079163,
3.516499698162079,
3.714486062526703,
3.285795748233795,
2.1812069416046143,
2.7654001116752625,
1.1618919670581818,
1.068526953458786,
2.559743821620941,
1.2227559089660645,
2.9864278435707092,
1.5583008527755737,
3.424321413040161,
2.303483337163925,
2.6734498143196106,
0.9081654995679855,
2.501347064971924,
1.7599846422672272,
2.5669464468955994,
1.2912581861019135,
1.5666325390338898,
1.6076421737670898,
3.116121292114258,
1.2517043948173523,
1.2820591032505035,
4.254715442657471,
1.2143224477767944,
2.4832145869731903,
0.9352339059114456,
4.068604111671448,
2.0522627234458923,
1.7141711711883545,
2.9237332940101624,
2.4551108479499817,
3.704908788204193,
3.1124600768089294,
1.2089939415454865,
3.828602433204651,
2.860303521156311,
3.165566623210907,
3.7005898356437683,
2.5600871443748474,
0.47773975878953934,
2.18307301402092,
0.6297914683818817,
2.980160713195801,
1.1017367243766785,
3.489598035812378,
2.0247383415699005,
3.9770451188087463,
1.727239340543747,
1.7070217430591583,
2.2138722240924835,
3.6799609661102295,
2.63173907995224,
0.9457575529813766,
1.6641534864902496,
0.7797883450984955,
2.130958139896393,
2.4340879917144775,
1.295480728149414,
4.7013649344444275,
3.2231593132019043,
3.887684941291809,
0.1752089336514473,
1.0738692432641983,
1.4305862784385681,
3.9283478260040283,
4.629422128200531,
0.9785653650760651,
1.7949581146240234,
1.9131167232990265,
0.2395709604024887,
3.8965564966201782,
3.2250726222991943,
1.273830085992813,
3.6294567584991455,
2.277953326702118,
1.8168243765830994,
2.9339858889579773,
4.877810776233673,
3.4123295545578003,
0.1722709834575653,
0.7596962153911591,
2.5207608938217163,
0.49467969685792923,
3.8931292295455933,
3.9047464728355408,
1.5676160156726837,
3.74919056892395,
3.2347235083580017,
1.3475193083286285,
3.26622873544693,
2.3661723732948303,
4.069089591503143,
3.2715144753456116,
2.5236091017723083,
1.5195837616920471,
2.849736213684082,
1.215764582157135,
3.331073224544525,
1.8727627396583557,
1.4004513621330261,
0.887693241238594,
1.1722075939178467,
3.3013784885406494,
2.8085705637931824,
1.654738038778305,
2.6173651218414307,
0.8849730342626572,
3.320707380771637,
2.133023887872696,
2.1704165637493134,
4.132261574268341,
2.5659072399139404,
1.9226661324501038,
3.750377595424652,
0.6208528205752373,
1.7552073299884796,
2.8495875000953674,
2.720799148082733,
2.6630648970603943,
1.8688787519931793,
2.974819540977478,
1.9350133836269379,
1.4934147894382477,
0.6818129122257233,
3.8995003700256348,
4.574918746948242,
2.6879841089248657,
0.6945638358592987,
0.24837926030158997,
2.107657641172409,
3.4109053015708923,
3.7056246399879456,
0.5777750164270401,
1.169111281633377,
2.6317986845970154,
1.4780601859092712,
4.677360653877258,
2.632966637611389,
1.3518336415290833,
4.061046242713928,
3.252290189266205,
0.3009628504514694,
1.5683907270431519,
1.0387219488620758,
0.939745306968689,
0.9555700421333313,
1.2243849039077759,
2.1328377723693848,
1.4965607225894928,
2.718972861766815,
1.4399200677871704,
0.994206964969635,
1.2041766941547394,
4.905273616313934,
2.242293804883957,
4.870553016662598,
3.2659071683883667,
1.523766815662384,
3.834991157054901,
2.875657379627228,
4.38845694065094,
3.557962477207184,
0.2874917723238468,
1.5478768944740295,
4.4517698884010315,
3.1159988045692444,
3.4723779559135437,
2.464999556541443,
1.8036319315433502,
1.1839593201875687,
2.711678445339203,
1.7525523900985718,
2.4567218124866486,
3.8499823212623596,
1.9120867550373077,
3.0174076557159424,
2.5846561789512634,
2.6061496138572693,
0.9541385620832443,
2.324036657810211,
4.826629161834717,
2.2467106580734253,
2.834855616092682,
2.883417308330536,
1.552647054195404,
1.3653548061847687,
0.8910901844501495,
3.1170719861984253,
1.4388366043567657,
3.211292028427124,
3.31624299287796,
0.8566989749670029,
3.6620011925697327,
2.7564308047294617,
1.5422548353672028,
2.057264894247055,
2.3354265093803406,
1.2450312077999115,
1.252046674489975,
2.9925912618637085,
2.656415104866028,
4.433782398700714,
1.7276644706726074,
2.7632203698158264,
2.768726944923401,
0.19164413213729858,
1.058897078037262,
3.9059555530548096,
4.835501611232758,
3.1352776288986206,
1.4813503623008728,
0.4658457636833191,
4.563843905925751,
0.8078931272029877,
0.892462357878685,
1.65401890873909,
1.3850042223930359,
1.5958130359649658,
1.4365658164024353,
3.6207973957061768,
3.1512421369552612,
1.536255031824112,
1.3909779489040375,
3.9765265583992004,
4.689273238182068,
1.868145912885666,
1.598362773656845,
1.026349738240242,
2.1712911128997803,
1.3894706964492798,
1.258622258901596,
4.7033292055130005,
1.8745866417884827,
1.6088531911373138,
1.4219053089618683,
2.6829081773757935,
1.8886163830757141,
3.1145021319389343,
3.8085904717445374,
1.9948956370353699,
2.7840158343315125,
2.889712154865265,
-0.26719195768237114,
3.1192395091056824,
1.3093949854373932,
0.9244063496589661,
3.200831711292267,
1.8617863953113556,
2.1178531646728516,
1.3857406377792358,
3.3435994386672974,
1.6205720603466034,
3.57321560382843,
1.100418046116829,
0.9104018658399582,
1.6533231735229492,
2.046084553003311,
1.8760479986667633,
1.5666492283344269,
0.8445806801319122,
1.417427808046341,
2.438311129808426,
2.55733460187912,
4.542727172374725,
4.232886731624603,
1.0964921861886978,
2.575109601020813,
1.9710138440132141,
0.910649299621582,
2.7156057953834534,
2.3397788405418396,
1.3996526598930359,
1.2857560813426971,
2.5261083245277405,
1.9955824315547943,
4.026517570018768,
1.8965885043144226,
1.353229582309723,
1.4923591911792755,
3.9164626598358154,
3.0622175335884094,
3.5577723383903503,
3.5667774081230164,
3.953101336956024,
4.405063688755035,
2.8817525506019592,
2.0767946541309357,
4.125736653804779,
3.001728653907776,
3.9901554584503174,
1.9450902938842773,
1.9654901325702667,
1.9409355521202087,
2.703399658203125,
1.8227027356624603,
1.000722199678421,
4.064100682735443,
1.0173587501049042,
2.2816595435142517,
4.264141321182251,
4.12619024515152,
3.5350576043128967,
1.5175670385360718,
4.419118762016296,
2.3069916665554047,
2.49631330370903,
2.2926555573940277,
1.1822301894426346,
3.443153500556946,
2.842048406600952,
1.838621348142624,
1.8175679445266724,
1.3146114349365234,
1.7766523361206055,
3.480772078037262,
3.4672322869300842,
1.5238489210605621,
4.543120861053467,
2.83112108707428,
1.7290891706943512,
3.9783692359924316,
1.259218156337738,
4.713408946990967,
1.479993313550949,
1.5742170810699463,
1.3898396492004395,
1.5753653645515442,
1.4969374239444733,
1.7115676403045654,
2.303110808134079,
4.049815833568573,
1.821715384721756,
2.3808282613754272,
2.5646579265594482,
3.4302514791488647,
0.8816223591566086,
0.904279351234436,
2.230878919363022,
0.4673720896244049,
3.315187990665436,
2.682406008243561,
4.378367364406586,
1.4903207123279572,
3.5543403029441833,
4.211454689502716,
4.079892039299011,
3.9927423000335693,
4.145188629627228,
4.906076490879059,
4.934540390968323,
3.2472029328346252,
2.7247020602226257,
1.4039787650108337,
4.272145330905914,
2.6340559124946594,
4.587211012840271,
2.9651686549186707,
1.9388976693153381,
3.8938874006271362,
2.4427276849746704,
1.4361709356307983,
1.896960735321045,
3.2216352224349976,
3.277899920940399,
2.9055580496788025,
4.695424735546112,
4.4153910875320435,
3.108038902282715,
0.6649800390005112,
3.597005009651184,
0.9282009303569794,
1.0959482938051224,
1.9670495390892029,
1.3126921653747559,
0.18193090334534645,
1.7666590213775635,
2.8726130723953247,
0.8840443193912506,
4.412798583507538,
2.4360433220863342,
2.021375894546509,
2.0014871656894684,
1.5811380743980408,
2.0252592861652374,
2.679433822631836,
0.6750135868787766,
2.1835857629776,
4.175346493721008,
2.1862109005451202,
2.4278339743614197,
1.9715934991836548,
3.0006131529808044,
1.5016351640224457,
1.267995685338974,
1.89910888671875,
3.0903390049934387,
1.7766280472278595,
4.233347177505493,
3.2194876670837402,
1.234949454665184,
3.3298122882843018,
2.5238776206970215,
4.8241472244262695,
2.0379461348056793,
4.5612868666648865,
1.0714741051197052,
4.207289218902588,
3.8320758938789368,
4.3486398458480835,
1.5993176400661469,
1.6056999564170837,
1.642441749572754,
1.3409548997879028,
0.6685584038496017,
2.131400853395462,
3.123910129070282,
1.2693801522254944,
1.4724434912204742,
2.9116159677505493,
0.9439936280250549,
0.5147068575024605,
3.3985134959220886,
2.800404131412506,
1.9533629715442657,
2.698220908641815,
2.3395316302776337,
2.155199944972992,
2.1508699655532837,
2.5888916850090027,
1.428317278623581,
1.8375793099403381,
1.7414945363998413,
1.6290324926376343,
0.2909817546606064,
0.38661666214466095,
3.7390175461769104,
3.873787820339203,
3.789983093738556,
2.946757674217224,
3.9508014917373657,
4.853208959102631,
1.17959164083004,
2.431677132844925,
1.2935765087604523,
3.323443830013275,
2.5345033407211304,
0.4420432075858116,
2.7308389544487,
1.7101399600505829,
1.9467157125473022,
1.4947956800460815,
1.823834627866745,
1.6039545834064484,
2.9627522826194763,
2.1969380974769592,
1.8832319974899292,
3.2345908880233765,
0.6206748634576797,
3.360731303691864,
0.5346671491861343,
1.021532490849495,
1.734321266412735,
2.841825783252716,
0.103691341355443,
0.1814844086766243,
0.9813328087329865,
4.371256232261658,
2.115084081888199,
1.9521825015544891,
2.6074624061584473,
1.62117600440979,
2.5172460079193115,
4.308308660984039,
2.2421836853027344,
2.104385644197464,
1.4042752981185913,
4.109618365764618,
4.295321404933929,
3.492927849292755,
1.6784700751304626,
0.7205554097890854,
3.267563581466675,
2.721947133541107,
3.2400068640708923,
1.0381538420915604,
4.638646245002747,
1.537625789642334,
2.0051829516887665,
2.365957349538803,
3.705933094024658,
2.062707841396332,
1.8689057230949402,
1.9667024910449982,
1.8739575147628784,
4.288111627101898,
2.3687390983104706,
2.682902216911316,
1.6430792212486267,
1.1754608154296875,
4.043775200843811,
1.3140664994716644,
2.4111631512641907,
4.009425938129425,
0.6184544786810875,
1.2940403819084167,
1.9689415395259857,
2.0134009420871735,
3.65879088640213,
2.6842299103736877,
2.85271555185318,
1.7109303176403046,
1.9685152173042297,
4.354915916919708,
3.0174249410629272,
2.5536075234413147,
4.636644124984741,
1.2357360124588013,
1.795412003993988,
3.3874234557151794,
2.1207483112812042,
2.668517827987671,
2.0548993349075317,
1.9735591113567352,
1.2978175282478333,
1.8465699255466461,
4.802794456481934,
3.0440163612365723,
3.2461878657341003