1.0848703235387802,
2.9692241549491882,
1.5166698396205902,
2.4485288560390472,
3.6497172713279724,
2.2097615897655487,
2.7205976843833923,
2.144884020090103,
4.147404134273529,
2.102767676115036,
2.32008159160614,
1.6756662726402283,
4.496236145496368,
2.6993292570114136,
4.173469245433807,
3.7201884388923645,
1.8533439934253693,
0.9440946578979492,
2.762158513069153,
2.0222701132297516,
4.827929139137268,
3.4490063786506653,
2.4532386660575867,
4.699436724185944,
1.4423421025276184,
0.6017792597413063,
4.577215909957886,
4.291635155677795,
0.5793187394738197,
3.966478407382965,
1.9705922901630402,
2.6489809155464172,
2.659691572189331,
3.0524781346321106,
1.6295357048511505,
0.9617023169994354,
2.7592843770980835,
3.7655532360076904,
3.1213030219078064,
1.9348879158496857,
2.6423442363739014,
2.8950467705726624,
1.8469160795211792,
2.2626732289791107,
3.4349119663238525,
1.7226573824882507,
2.42672398686409,
4.903535544872284,
3.873470723628998,
2.7794817090034485,
2.575635015964508,
1.3075868785381317,
0.1796039193868637,
3.1810399889945984,
3.5696986317634583,
3.3750733733177185,
1.8339473009109497,
1.6945180296897888,
4.0531012415885925,
2.7969682216644287,
2.463141679763794,
3.4216436743736267,
2.218659818172455,
1.9338856637477875,
3.2277074456214905,
2.0258642733097076,
4.590870440006256,
4.546387195587158,
2.854812443256378,
1.9779467582702637,
3.96557480096817,
1.791197955608368,
2.1089205145835876,
1.9209429621696472,
2.872605621814728,
1.6066643595695496,
2.5490346550941467,
2.8507179021835327,
1.7846496403217316,
2.710729241371155,
3.69448184967041,
3.6660507321357727,
1.4073199033737183,
4.466982185840607,
2.0351888239383698,
2.876526415348053,
0.7046080380678177,
4.337823390960693,
3.480887711048126,
3.101494610309601,
0.9377012401819229,
0.8511646091938019,
3.5238537192344666,
1.8202699720859528,
3.4885260462760925,
1.3513949513435364,
2.2663404047489166,
2.0533478260040283,
1.6167981922626495,
1.285872459411621,
2.5412195920944214,
3.7838655710220337,
3.77593457698822,
1.2051519006490707,
2.6921138167381287,
1.7793172597885132,
3.959016799926758,
3.8981953263282776,
2.712996006011963,
4.391759634017944,
1.3044393062591553,
2.6203277707099915,
1.8414860963821411,
2.7975791692733765,
2.7989253401756287,
2.604798972606659,
3.4558549523353577,
0.8599681407213211,
1.8799179792404175,
2.354135364294052,
3.3079662919044495,
3.4681716561317444,
0.8089649677276611,
3.0783072113990784,
1.8069744110107422,
2.5461220741271973,
2.736923396587372,
1.860020011663437,
3.210996687412262,
2.032385468482971,
1.852015107870102,
1.9024628400802612,
3.284129500389099,
2.307174503803253,
3.7892675399780273,
1.9836296141147614,
4.730369448661804,
4.030930399894714,
3.139972686767578,
3.5911977291107178,
1.6915340721607208,
3.8458332419395447,
3.1773769855499268,
4.629546105861664,
3.680722415447235,
3.391011357307434,
1.5340106189250946,
3.6180612444877625,
2.1888037025928497,
1.9228041172027588,
2.274845689535141,
0.7530002295970917,
4.347269237041473,
2.0211973786354065,
2.2946250438690186,
3.9516720175743103,
0.8121287077665329,
1.6952960193157196,
2.940773367881775,
2.263566255569458,
1.6041356325149536,
2.67804354429245,
1.8071751296520233,
1.9793236255645752,
2.8903210163116455,
2.1633945405483246,
2.6271721720695496,
2.179715931415558,
1.135355532169342,
3.0608847737312317,
2.8550398349761963,
3.6271676421165466,
3.2845988869667053,
1.636912077665329,
2.437802702188492,
4.573591649532318,
1.084887608885765,
2.0019713044166565,
4.114651381969452,
4.04235303401947,
2.9749974608421326,
1.1926698684692383,
1.9295650720596313,
2.2276808321475983,
1.2160257250070572,
1.5354710817337036,
2.670622766017914,
2.453663647174835,
1.4648739993572235,
1.698339581489563,
3.1765133142471313,
2.153751403093338,
1.6969671845436096,
2.1557894349098206,
1.6801182925701141,
3.648548126220703,
1.2459851801395416,
2.1024034917354584,
1.733657568693161,
3.68699848651886,
3.406134247779846,
3.0950620770454407,
3.8849925994873047,
3.128061592578888,
1.004798412322998,
3.291708528995514,
4.604632258415222,
2.54355251789093,
2.3122605681419373,
4.392491281032562,
3.6685344576835632,
2.879558503627777,
2.6289790868759155,
0.14885510317981243,
1.4722833037376404,
2.9967671632766724,
2.3499684035778046,
2.06466481089592,
3.4955397248268127,
2.160132974386215,
1.1596528440713882,
3.7421369552612305,
3.0299487709999084,
4.3566858768463135,
2.805968225002289,
0.2636913023889065,
2.339252680540085,
2.7006810903549194,
3.1501755118370056,
2.496792823076248,
3.7560200691223145,
2.0717692375183105,
2.8684869408607483,
1.3206024467945099,
1.8307524919509888,
2.378207892179489,
3.1333449482917786,
2.074820399284363,
2.4605679512023926,
1.9854030013084412,
3.789246082305908,
3.352556526660919,
2.502264082431793,
3.2625141739845276,
1.173722743988037,
2.783360481262207,
2.112290859222412,
3.778013288974762,
3.1626594066619873,
4.959644079208374,
2.3547494411468506,
2.278558164834976,
2.334943115711212,
0.8753669261932373,
3.0342769622802734,
3.046032190322876,
2.0471972227096558,
3.7284892797470093,
3.370145261287689,
1.1448292434215546,
2.4280738830566406,
3.9753177762031555,
3.1194475293159485,
2.933320105075836,
2.531577944755554,
2.436068505048752,
2.9898199439048767,
2.6032689213752747,
1.58906951546669,
4.196977913379669,
2.4585548043251038,
2.941473126411438,
4.264653325080872,
2.9170700907707214,
1.9986651837825775,
1.6496428847312927,
2.5985684990882874,
2.5432419776916504,
1.2432442605495453,
3.994112014770508,
2.956034541130066,
1.3684195280075073,
1.1560791730880737,
3.98285835981369,
1.0895275324583054,
1.6146834194660187,
3.0384790897369385,
2.5197938084602356,
2.1453970670700073,
3.242252469062805,
1.7824266850948334,
2.9853251576423645,
4.426627159118652,
1.8898600339889526,
3.138270676136017,
2.1323171257972717,
3.083251714706421,
3.3223527669906616,
2.838284969329834,
2.8465670347213745,
2.9631543159484863,
4.076988399028778,
1.6396184265613556,
2.7189472317695618,
2.3523494601249695,
4.737613201141357,
2.564214766025543,
2.401389926671982,
0.8322899788618088,
4.814800024032593,
3.8315242528915405,
2.2598667442798615,
0.5610736459493637,
4.145841896533966,
1.997191309928894,
2.0383086800575256,
2.791353464126587,
2.6869219541549683,
4.015209674835205,
3.249801993370056,
1.8442630767822266,
2.287042587995529,
1.5352076292037964,
2.0401179790496826,
1.3727307319641113,
0.7805345952510834,
1.6457518935203552,
2.5443923473358154,
3.6643213033676147,
1.7001938819885254,
1.322244107723236,
1.6172507405281067,
2.9068246483802795,
3.1777873635292053,
4.246542751789093,
3.1334397196769714,
0.43834660202264786,
2.320769727230072,
3.4624552726745605,
3.8273632526397705,
2.6448723673820496,
1.5129254758358002,
1.5621602535247803,
1.2756045162677765,
3.8479647040367126,
1.464882493019104,
3.005357086658478,
0.6978818774223328,
1.344379037618637,
1.7331917583942413,
2.5197190046310425,
2.339211255311966,
4.025322794914246,
1.7132070660591125,
2.732207179069519,
1.3514672219753265,
2.7346843481063843,
1.1429816484451294,
1.4948475360870361,
2.824375629425049,
2.4039214849472046,
3.3424213528633118,
1.1984343826770782,
0.9706150740385056,
2.085084617137909,
1.7019648849964142,
1.6823595762252808,
2.1547989547252655,
3.1953036785125732,
3.5642439126968384,
3.2382073998451233,
2.3704713582992554,
1.5844590961933136,
2.685350477695465,
3.2776692509651184,
2.8020602464675903,
3.6004459857940674,
1.6852909326553345,
2.902715802192688,
1.4875975251197815,
2.6821449398994446,
3.0818524956703186,
2.795848250389099,
1.6838937997817993,
1.8157865107059479,
4.717194139957428,
1.6597647964954376,
2.1295365691184998,
2.68891841173172,
3.9334866404533386,
2.5001198053359985,
2.5479817390441895,
3.0950888991355896,
0.8091043680906296,
1.768089085817337,
1.6743917763233185,
4.751451909542084,
2.8353306651115417,
1.715080738067627,
4.45990264415741,
2.911849021911621,
2.1565647423267365,
2.5026458501815796,
0.5813239142298698,
3.8863790035247803,
2.9471170902252197,
3.7859079241752625,
2.7346614003181458,
0.7217077910900116,
0.7814222574234009,
3.511655032634735,
1.6937772929668427,
1.7202353477478027,
1.526869535446167,
4.765810668468475,
2.813172936439514,
2.6793164014816284,
4.4361355900764465,
2.40716889500618,
0.7714056968688965,
1.6431273519992828,
4.60958331823349,
1.5960384905338287,
1.6505195200443268,
1.2953013181686401,
1.591762900352478,
2.6173463463783264,
2.4876022338867188,
1.783013939857483,
2.8020629286766052,
2.4470551311969757,
3.1020373106002808,
4.508742988109589,
3.161463439464569,
0.449209101498127,
1.2070295214653015,
2.8195318579673767,
2.4388818442821503,
1.724618822336197,
2.319730371236801,
2.586939036846161,
3.887133002281189,
1.4096596837043762,
2.210046350955963,
2.669026553630829,
4.256029725074768,
3.3630791306495667,
3.9894887804985046,
1.9375456869602203,
3.3380699157714844,
3.2582011818885803,
3.254317045211792,
2.1038901805877686,
2.5107616186141968,
2.2346872091293335,
1.1843856424093246,
1.8131396174430847,
2.290308028459549,
0.44064518064260483,
3.20919007062912,
2.524479329586029,
2.295870929956436,
2.2977161407470703,
2.445351928472519,
1.3869623839855194,
2.6942411065101624,
2.9076114296913147,
2.4944835901260376,
2.867196500301361,
1.7698010802268982,
2.246445268392563,
3.0371704697608948,
3.7695273756980896,
2.299077659845352,
3.4512680768966675,
4.063457548618317,
2.151319980621338,
2.4880771338939667,
2.62689471244812,
2.4893854558467865,
3.0231043696403503,
2.293824553489685,
2.087366431951523,
2.3052428662776947,
2.7894532680511475,
2.159135788679123,
2.2472554445266724,
1.9452284276485443,
2.488066852092743,
1.745413988828659,
4.20597642660141,
4.400470554828644,
1.1156422644853592,
3.133813738822937,
3.394578695297241,
3.9055702090263367,
4.201904833316803,
2.526014745235443,
1.8394780158996582,
2.195768654346466,
1.6085344552993774,
1.9229409098625183,
2.4950647354125977,
2.9063519835472107,
1.2744876742362976,
4.743075966835022,
1.7972905933856964,
3.4207621216773987,
3.2546570897102356,
2.464904636144638,
2.7244260907173157,
2.3901724815368652,
1.531292051076889,
1.5794016420841217,
3.47080796957016,
2.915181517601013,
1.1739234626293182,
1.8801790475845337,
2.2680646181106567,
2.409883588552475,
2.961670756340027,
3.3629557490348816,
1.1212076991796494,
2.8090375661849976,
2.793845236301422,
2.6452937722206116,
2.6942655444145203,
2.0225703716278076,
3.245883584022522,
1.6900520026683807,
3.5851243138313293,
1.8922516703605652,
2.728372812271118,
3.039294183254242,
1.9030404090881348,
3.0188748240470886,
4.526695907115936,
1.3733212649822235,
2.090727686882019,
2.480103373527527,
1.778140515089035,
2.144189029932022,
2.575095295906067,
2.838537096977234,
1.6081233322620392,
2.163704037666321,
2.095032036304474,
2.365116626024246,
2.3003368079662323,
4.265292286872864,
3.1217551231384277,
3.9215806126594543,
3.8058286905288696,
3.5236364603042603,
2.3258650302886963,
1.3987909257411957,
3.782588243484497,
1.2788906693458557,
1.0477180033922195,
1.8003693222999573,
2.1384623646736145,
3.0096817016601562,
1.943543553352356,
3.4429872035980225,
3.748803734779358,
2.580532431602478,
4.369957447052002,
1.8079762160778046,
2.5354480743408203,
2.6794451475143433,
4.322028160095215,
4.5658040046691895,
1.6249993443489075,
2.561691105365753,
1.249365508556366,
2.348124384880066,
2.577880322933197,
3.646872043609619,
2.8878948092460632,
1.8880508840084076,
1.9306066632270813,
4.6219271421432495,
2.506319582462311,
2.51801460981369,
2.403835356235504,
1.5937365591526031,
1.6530843079090118,
2.8521698713302612,
2.1591079235076904,
2.4328699707984924,
2.369763106107712,
3.267125189304352,
3.267875909805298,
3.44760924577713,
1.6900946199893951,
3.3081984519958496,
2.857389450073242,
2.0677396655082703,
2.404249608516693,
2.842046320438385,
2.863774597644806,
2.811307907104492,
1.951865702867508,
3.822559118270874,
2.8906139731407166,
1.9654014706611633,
1.4074088633060455,
2.2749334573745728,
3.2090887427330017,
2.4502740800380707,
2.548457086086273,
3.273516595363617,
2.8329050540924072,
2.2110794484615326,
2.0907434821128845,
3.151690363883972,
4.549527168273926,
4.638855457305908,
1.3346095383167267,
1.9520482420921326,
1.6152513027191162,
2.4481524527072906,
3.705635964870453,
3.920454978942871,
4.250049591064453,
2.806329131126404,
2.1359089016914368,
3.1063830852508545,
1.8069803714752197,
3.532724976539612,
2.057582437992096,
2.939451038837433,
3.783140778541565,
1.120477020740509,
2.979213297367096,
2.9269465804100037,
1.3140441477298737,
3.300565779209137,
3.135380446910858,
2.7961283922195435,
0.15683211386203766,
2.680540084838867,
3.4528881311416626,
3.1524181365966797,
1.8474891781806946,
2.4706773459911346,
3.139290511608124,
2.310805916786194,
1.0060232132673264,
1.9511756300926208,
2.577228844165802,
2.817692458629608,
4.036122262477875,
2.107555717229843,
2.6478955149650574,
1.6374903917312622,
3.3621063828468323,
1.533789336681366,
1.684248447418213,
1.97249174118042,
2.9296326637268066,
1.7914782464504242,
4.797124862670898,
4.106956124305725,
3.1269419193267822,
2.1519799530506134,
3.9712539315223694,
1.2882153689861298,
2.556537389755249,
2.2930027544498444,
3.9319831132888794,
1.9033965468406677,
3.9371946454048157,
1.3402026891708374,
1.6602769494056702,
4.111663997173309,
1.9210167229175568,
3.5201311111450195,
2.7863669395446777,
2.994225323200226,
0.9730812907218933,
2.2915716469287872,
2.4236883223056793,
3.8314658403396606,
2.95293927192688,
1.18031844496727,
3.0684643983840942,
2.0947931706905365,
1.993386447429657,
1.6806705296039581,
2.097688466310501,
2.4329543113708496,
1.6304205358028412,
1.7139434814453125,
2.8549176454544067,
1.7385047674179077,
1.8204940855503082,
1.8890812993049622,
2.477341741323471,
3.0408814549446106,
2.5108012557029724,
1.2017584592103958,
2.4004925787448883,
3.98546040058136,
2.118300497531891,
3.7799376249313354,
3.083251714706421,
0.9994881600141525,
1.5416759252548218,
2.1485310792922974,
2.8118282556533813,
2.94001966714859,
3.800591826438904,
1.6650444269180298,
3.08699369430542,
1.5789762139320374,
1.311221569776535,
1.8251188099384308,
3.2384470105171204,
1.4941290020942688,
1.4714720845222473,
2.696431279182434,
2.0480963587760925,
2.7476510405540466,
1.4324963092803955,
1.7900146543979645,
1.7983537912368774,
3.1445935368537903,
2.004735916852951,
2.986251711845398,
1.191130056977272,
4.12334680557251,
1.4590033888816833,
4.8377931118011475,
3.05849552154541,
0.560738742351532,
2.516450881958008,
3.179674744606018,
1.758747398853302,
2.664516270160675,
2.8096970915794373,
0.9260381758213043,
3.90750914812088,
4.291912317276001,
2.7094823122024536,
4.41881537437439,
2.505764663219452,
2.7942100167274475,
2.0556190609931946,
2.73543119430542,
4.046268165111542,
1.4870907366275787,
4.060038328170776,
1.6127909719944,
2.694251835346222,
2.4769067764282227,
2.3094046115875244,
3.065609633922577,
3.6407387256622314,
1.4584378898143768,
1.0321273654699326,
4.314939975738525,
0.7921448349952698,
2.7434393763542175,
2.0644277334213257,
4.611102342605591,
2.9996025562286377,
0.9327472001314163,
2.4606649577617645,
4.494084417819977,
2.1908658742904663,
4.439469575881958,
1.7539003491401672,
3.8521048426628113,
1.183355674147606,
1.999608427286148,
3.2687753438949585,
2.231754809617996,
2.8086256980895996,
3.922000527381897,
2.4070091545581818,
3.313010036945343,
3.112117052078247,
1.9919469952583313,
4.58417683839798,
2.2757714986801147,
2.790882885456085,
3.6777275800704956,
2.030753642320633,
1.3879099488258362,
2.6194393634796143,
1.154286116361618,
1.0071845352649689,
1.2671083211898804,
2.4312561750411987,
1.4955316483974457,
1.4676710963249207,
4.249151051044464,
1.7410148680210114,
2.2416964173316956,
2.1331389248371124,
2.9648402333259583,
1.076795682311058,
2.9053419828414917,
1.7997720837593079,
2.658529579639435,
2.616429924964905,
2.4774780869483948,
2.1459783613681793,
1.356562227010727,
2.659447193145752,
2.1304263174533844,
0.6743866205215454,
2.9232659935951233,
1.5364256501197815,
2.3232489824295044,
2.595755159854889,
2.7047181129455566,
3.868717849254608,
3.1751590967178345,
1.243976652622223,
1.633792221546173,
1.4005987346172333,
3.0537396669387817,
4.098397493362427,
2.693369686603546,
4.1964974999427795,
3.099704086780548,
3.5084980726242065,
3.3469215035438538,
1.6869346797466278,
1.7613732814788818,
0.8413843810558319,
3.7729412317276,
4.061105847358704,
2.0022521913051605,
2.19023734331131,
3.12516450881958,
1.7090409994125366,
4.505670666694641,
2.6532068848609924,
2.8780102729797363,
1.9899621605873108,
2.5622940063476562,
4.442070424556732,
1.6799010336399078,
2.984853982925415,
2.096047103404999,
4.6500363945961,
3.947184979915619,
1.049850955605507,
2.933906614780426,
2.106933146715164,
4.7575268149375916,
3.061527907848358,
2.6307183504104614,
1.11907459795475,
1.9217745959758759,
1.4920654892921448,
2.447522282600403,
3.2417303323745728,
2.3940443992614746,
4.862616956233978,
4.4417425990104675,
2.589539587497711,
3.7192949652671814,
2.391243577003479,
1.733381599187851,
4.2269837856292725,
4.44350928068161,
2.827291488647461,
3.5680362582206726,
3.4764814376831055,
2.879822552204132,
1.2918202579021454,
1.2561717629432678,
1.6535812616348267,
2.9728516936302185,
0.8113102614879608,
2.5827834010124207,
2.0033732056617737,
2.1927210688591003,
3.5038435459136963,
2.1680893003940582,
4.7533950209617615,
2.62546569108963,
2.329879403114319,
3.428637981414795,
2.4214328825473785,
4.827275276184082,
2.679497003555298,
2.7813848853111267,
4.6479615569114685,
3.6940014362335205,
1.810641586780548,
4.246027767658234,
3.8035085797309875,
0.9759047627449036,
1.50679811835289,
1.2983989715576172,
1.8147334456443787,
2.8181076049804688,
4.29991602897644,
2.86472350358963,
2.7869245409965515,
3.39884489774704,
4.155329763889313,
1.8995952606201172,
1.9006170332431793,
2.3647141456604004,
0.9556232392787933,
3.902618885040283,
2.01659694314003,
2.256961613893509,
1.06146901845932,
3.6939778923988342,
3.312767446041107,
3.788958787918091,
1.1836589127779007,
1.3691028952598572,
2.0951296389102936,
4.905175864696503,
1.6516758501529694,
2.5363221764564514,
2.6844850182533264,
2.8649839758872986,
2.803458273410797,
1.214471310377121,
3.087020218372345,
1.0957777500152588,
2.587304413318634,
2.2240692377090454,
2.567683458328247,
4.97202455997467,
3.0447188019752502,
2.463505268096924,
3.6845582723617554,
1.6613581776618958,
2.1700672805309296,
2.9438960552215576,
4.16206032037735,
0.049850158393383026,
2.6025578379631042,
2.283468097448349,
2.8314217925071716,
2.2242461144924164,
4.021795392036438,
1.897558718919754,
2.6924899220466614,
1.718207448720932,
1.469137817621231,
1.5437258780002594,
2.1247978508472443,
2.5108012557029724,
0.438382625579834,
2.66876220703125,
0.9891702979803085,
1.9034695625305176,
1.696278303861618,
2.34905406832695,
4.024199843406677,
3.2621580362319946,
1.9124019145965576,
1.2018146365880966,
3.135380446910858,
2.044949531555176,
4.367063045501709,
2.9411983489990234,
1.402011662721634,
2.454836368560791,
3.6899250745773315,
2.1825334429740906,
2.8431206941604614,
2.985665202140808,
1.627664715051651,
1.9864851236343384,
2.2622548043727875,
2.265308201313019,
1.1283907294273376,
0.9837816655635834,
1.9146150350570679,
4.458478391170502,
2.996930480003357,
3.553079664707184,
3.5750260949134827,
2.7725565433502197,
0.9846054762601852,
2.9658502340316772,
1.6113965213298798,
2.2292831540107727,
1.256224364042282,
1.926916092634201,
2.584415376186371,
1.9274377822875977,
2.1475888788700104,
2.2105808556079865,
4.375256896018982,
3.004183769226074,
1.5268972516059875,
2.2950632870197296,
1.0836782306432724,
2.3042376339435577,
0.7670460641384125,
1.1379624158143997,
2.286002039909363,
4.1944581270217896,
2.6972874999046326,
2.0715345442295074,
3.596964478492737,
2.5179585814476013,
1.3126690685749054,
2.5373345613479614,
2.0929042994976044,
3.7694233655929565,
4.828402101993561,
1.9078902900218964,
1.2590871751308441,
2.7526283264160156,
4.15823221206665,
1.8105030059814453,
0.9263040870428085,
3.206339478492737,
2.27070689201355,
1.8002980947494507,
2.6775315403938293,
1.2919534742832184,
2.0886415243148804,
1.8011163175106049,
2.44108185172081,
1.4370101690292358,
2.548944652080536,
1.8584617972373962,
1.5835820138454437,
4.427480697631836,
2.1183818578720093,
1.93655326962471,
2.5427374243736267,
1.5086156129837036,
1.6036689281463623,
1.8707430362701416,
2.1746939420700073,
2.7062103152275085,
4.438759982585907,
2.104809880256653,
1.5819980204105377,
3.0695685744285583,
2.65118271112442,
2.3220425844192505,
2.6659780740737915,
2.0473822951316833,
3.5005855560302734,
1.7478950321674347,
4.026532173156738,
2.7408087253570557,
2.2527244687080383,
1.6832491755485535,
3.0856838822364807,
1.9480015337467194,
3.1067144870758057,
2.709348499774933,
1.6542649269104004,
2.08574116230011,
4.296470880508423,
2.5772321224212646,
2.420983165502548,
2.63863205909729,
2.2943367063999176,
2.302349954843521,
2.660169005393982,
3.533947467803955,
3.447534739971161,
1.5671057999134064,
3.7554827332496643,
3.026593029499054,
3.1277069449424744,
1.592424362897873,
1.4485183358192444,
3.695247769355774,
3.9003437757492065,
2.9116657376289368,
3.652973473072052,
1.450645625591278,
2.7690672874450684,
1.9363144040107727,
2.688496708869934,
3.1524181365966797,
1.5381871163845062,
4.001749157905579,
1.5117920935153961,
2.2305434942245483,
1.5450696647167206,
2.4011769890785217,
3.695034384727478,
3.873060643672943,
2.580120265483856,
1.9648699462413788,
1.0962848365306854,
0.7609134167432785,
1.774785965681076,
2.229340225458145,
2.0997773110866547,
3.6932435631752014,
2.579115629196167,
3.900928795337677,
1.1181658506393433,
0.9351524710655212,
2.574557065963745,
4.612392485141754,
3.4199050068855286,
1.4665523171424866,
1.7019760608673096,
2.527756094932556,
1.504710614681244,
3.8751110434532166,
3.5092350840568542,
1.8559904396533966,
3.087203800678253,
1.709982454776764,
2.224726229906082,
2.66876220703125,
4.537507891654968,
3.8832950592041016,
1.3299743831157684,
2.9489439725875854,
1.4905796945095062,
1.9764012098312378,
3.43204528093338,
3.172976076602936,
0.8128949254751205,
3.7642499804496765,
3.6221709847450256,
3.0035990476608276,
2.3594021797180176,
0.6245746836066246,
3.485172986984253,
3.04611474275589,
3.168468177318573,
1.5699683129787445,
3.867974281311035,
1.4564542472362518,
4.2227864265441895,
2.018742263317108,
2.301042079925537,
1.8017776310443878,
1.928526908159256,
3.618103861808777,
3.861633837223053,
2.9060977697372437,
2.419208288192749,
0.5332699790596962,
3.5639724135398865,
3.170141577720642,
1.2626971304416656,
3.78068745136261,
3.4801411628723145,
1.1433470249176025,
3.7417221069335938,
1.8880510330200195,
0.8267546445131302,
2.5264668464660645,
2.949414551258087,
3.2911497354507446,
2.6145076751708984,
4.125067591667175,
2.305067330598831,
2.6996973156929016,
1.7524023354053497,
4.331516623497009,
4.447489380836487,
3.6464399099349976,
1.093616783618927,
1.0013698786497116,
2.3715591430664062,
3.906763792037964,
4.297747611999512,
1.0736557096242905,
1.2173236161470413,
2.9267624020576477,
1.8395555019378662,
3.4686416387557983,
2.933742105960846,
2.180695980787277,
3.2894256711006165,
3.586972653865814,
1.1963409185409546,
1.7347554862499237,
2.532007396221161,
2.2984379529953003,
2.2694864869117737,
1.1812103539705276,
2.9293885827064514,
2.411212921142578,
3.5557779669761658,
1.181304231286049,
2.0520731806755066,
1.6380272805690765,
4.93404746055603,
3.321075141429901,
4.531741440296173,
3.188052177429199,
1.9881141185760498,
3.548247814178467,
4.1946616768836975,
3.8520869612693787,
3.1936824321746826,
2.7828648686408997,
1.2988148629665375,
4.731445014476776,
3.5004577040672302,
4.1040003299713135,
1.3973844051361084,
0.7556572556495667,
2.2226235270500183,
3.452179729938507,
1.8313123285770416,
3.8162147998809814,
3.638707399368286,
2.179703563451767,
2.858341336250305,
2.7289459109306335,
2.894277274608612,
1.2794753909111023,
3.9092472195625305,
4.618284702301025,
4.010146260261536,
1.7237493395805359,
2.5005748867988586,
2.2158071398735046,
1.1395934969186783,
1.0803154110908508,
3.605654537677765,
1.9054704904556274,
2.157319486141205,
3.8573431968688965,
1.8801836669445038,
4.2900750041008,
2.413630187511444,
1.6420593857765198,
1.6153332591056824,
1.9642911851406097,
2.5004735589027405,
0.7042887061834335,
1.3009509444236755,
2.341337949037552,
3.5917076468467712,
2.8746405243873596,
1.929171234369278,
1.667749285697937,
0.3581002354621887,
1.159447729587555,
4.023255407810211,
4.886230826377869,
3.982282280921936,
2.40602508187294,
1.2413017451763153,
4.138096272945404,
2.5100213289260864,
2.3365584015846252,
1.1586697399616241,
0.721212774515152,
2.30086088180542,
1.9043359160423279,
3.3343929052352905,
1.9434471428394318,
2.5226891040802,
1.9332937896251678,
3.6402863264083862,
4.005859792232513,
3.1359896063804626,
1.90397709608078,
2.5435101985931396,
1.5042224526405334,
1.1754856258630753,
2.868780493736267,
4.490475356578827,
2.039773166179657,
0.2557053230702877,
2.4856193363666534,
1.6246578097343445,
0.7799430936574936,
3.453921377658844,
3.6080917716026306,
0.9774552285671234,
2.830462157726288,
2.0680420100688934,
1.9634781777858734,
3.0741465091705322,
0.9593921154737473,
2.2667667269706726,
1.5011432766914368,
2.514587938785553,
2.1504683792591095,
1.4642098546028137,
3.951399326324463,
2.2783729434013367,
4.2052629590034485,
2.1231624484062195,
2.649306356906891,
2.1522916853427887,
1.4531725645065308,
2.172623723745346,
1.558627188205719,
1.004350259900093,
2.3188741505146027,
2.7567321062088013,
3.5589733719825745,
4.4714730978012085,
3.571423888206482,
1.7558832466602325,
3.4078577160835266,
2.368919551372528,
1.2892530858516693,
2.0757924020290375,
2.203451842069626,
1.7635869979858398,
2.480047196149826,
3.042338192462921,
1.0618415474891663,
3.200938105583191,
1.0677383095026016,
2.5365224480628967,
2.5785890221595764,
2.7803173661231995,
2.5300830602645874,
2.325643002986908,
2.8205418586730957,
4.384825229644775,
3.7233099341392517,
3.258686363697052,
2.289230078458786,
2.4922581017017365,
2.182459980249405,
3.8589689135551453,
2.7934539318084717,
2.779991030693054,
2.9919248819351196,
2.8472423553466797,
1.5860989689826965,
1.966240257024765,
3.206222355365753,
1.873558908700943,
2.4817822873592377,
4.1940659284591675,
3.0087918043136597,
0.8928065747022629,
1.9523990154266357,
4.278801083564758,
3.1756529211997986,
2.6809722185134888,
2.15993270277977,
1.5207602083683014,
2.910759747028351,
3.538907468318939,
2.1317271888256073,
3.339942693710327,
1.5761706233024597,
1.9113945960998535,
3.2352441549301147,
2.981654405593872,
2.318873107433319,
4.047205150127411,
2.8116872906684875,
1.8284553289413452,
3.5989511013031006,
1.6831791400909424,
4.730816185474396,
1.69555202126503,
1.1818847805261612,
1.7228394746780396,
2.254377007484436,
2.5056442618370056,
2.294132113456726,
2.669193744659424,
4.604122638702393,
2.310553193092346,
2.481534779071808,
2.335602790117264,
3.565097451210022,
1.22861847281456,
0.8456728607416153,
0.8889965713024139,
1.7498137056827545,
2.181660830974579,
2.408623993396759,
2.7322131395339966,
2.1046580374240875,
3.3129143714904785,
4.809171259403229,
4.185907244682312,
4.051152169704437,
4.528357088565826,
4.486181139945984,
4.950331449508667,
2.2243575751781464,
1.7946618795394897,
0.6763818860054016,
3.655625283718109,
3.3112433552742004,
3.9956775307655334,
3.8579732179641724,
1.4664869010448456,
2.261880785226822,
3.1987136602401733,
2.1540242433547974,
2.545551061630249,
3.1553730368614197,
3.3076459169387817,
3.3023473620414734,
4.3980953097343445,
4.268731474876404,
3.36453378200531,
2.356507033109665,
3.54670912027359,
1.5632396936416626,
1.9620440900325775,
3.1281453371047974,
3.1539225578308105,
1.65188729763031,
1.2342094630002975,
2.633976638317108,
1.2639155983924866,
3.2862120866775513,
2.6061955094337463,
1.762268990278244,
2.569570243358612,
2.2422461211681366,
1.931557059288025,
2.864006459712982,
0.3841662034392357,
3.0034804344177246,
3.65330308675766,
2.6390784978866577,
3.1654444336891174,
1.753307431936264,
2.769400477409363,
0.6946036219596863,
2.3183564841747284,
3.041033148765564,
3.054235577583313,
2.748212218284607,
3.445901572704315,
2.6839229464530945,
2.444087862968445,
3.2396093010902405,
2.039420008659363,
4.369440674781799,
2.8512918949127197,
3.9481768012046814,
1.8749652802944183,
3.5887175798416138,
3.7706685066223145,
2.2749553620815277,
0.9493765234947205,
0.5166391283273697,
2.141203433275223,
2.4179403483867645,
2.159798741340637,
2.4366091191768646,
3.081842064857483,
0.5714473500847816,
0.9520920366048813,
3.602350652217865,
1.8448121845722198,
1.3255412876605988,
2.363901436328888,
2.514238655567169,
1.746186763048172,
2.585434317588806,
2.317718118429184,
2.176162600517273,
3.130866587162018,
3.4314674139022827,
2.659241259098053,
2.098856419324875,
2.8696274757385254,
1.9085194170475006,
1.4400410652160645,
0.7712845504283905,
3.1672412157058716,
3.059908151626587,
3.5645386576652527,
1.812015175819397,
3.223576843738556,
4.089893698692322,
1.525072604417801,
1.4911329746246338,
1.4175710082054138,
4.2837077379226685,
2.487824261188507,
1.369364708662033,
3.2509681582450867,
2.0652395486831665,
2.696351110935211,
1.9281016290187836,
2.8241220116615295,
2.289135605096817,
3.087705373764038,
2.1721816062927246,
0.9689919650554657,
3.886536955833435,
1.2750406563282013,
3.4486812353134155,
2.294808328151703,
2.1522116661071777,
2.303237169981003,
1.2354332208633423,
0.9005853533744812,
0.5643604695796967,
1.5134230256080627,
4.294973909854889,
2.637018859386444,
2.678421437740326,
2.9926279187202454,
1.8086065351963043,
2.039197087287903,
4.369957447052002,
2.7051010727882385,
1.4604704082012177,
2.5034287571907043,
3.4479311108589172,
4.561679363250732,
2.0299170911312103,
2.748742401599884,
1.0792387276887894,
4.411595165729523,
2.435368299484253,
2.5934019684791565,
1.4996318519115448,
4.145114719867706,
2.219911217689514,
2.675148844718933,
3.0525606870651245,
3.394482135772705,
2.3089833557605743,
1.6990825533866882,
1.7384205758571625,
2.8645479679107666,
3.6217406392097473,
2.8323540091514587,
2.971201241016388,
2.040257304906845,
1.3034313917160034,
2.143540382385254,
1.2505608797073364,
3.3189210295677185,
4.524957537651062,
1.8623825907707214,
1.5162190794944763,
2.1929803490638733,
2.4066175520420074,
3.386828601360321,
2.1580834686756134,
1.9036614894866943,
2.5987696647644043,
1.3140615820884705,
4.5180246233940125,
3.926708400249481,
2.3963700234889984,
4.881033003330231,
2.9552432894706726,
1.1673766374588013,
3.3676499128341675,
1.6848379373550415,
2.222931981086731,
2.289874255657196,
3.149012327194214,
0.9799636900424957,
1.828499585390091,
4.637185037136078,
2.6051902770996094,
2.7444609999656677