1.7424720525741577,
2.4896013736724854,
1.8034592270851135,
2.3980624973773956,
4.169137477874756,
2.092551589012146,
1.537327915430069,
1.8122273683547974,
3.5550960898399353,
2.2858408093452454,
1.8407434225082397,
1.003512367606163,
3.8093090057373047,
2.4058862030506134,
4.156713783740997,
2.908669412136078,
1.687997281551361,
1.587703675031662,
2.381702959537506,
2.176709324121475,
4.237227141857147,
2.9379644989967346,
2.5314921140670776,
4.519047737121582,
1.576164960861206,
0.8227039128541946,
3.8664281368255615,
4.163057208061218,
1.4540334045886993,
2.459181845188141,
1.6564098000526428,
2.105545699596405,
1.8123859167099,
2.7697455883026123,
1.8009798228740692,
1.3882645964622498,
2.3402808606624603,
2.9220429062843323,
2.5259768962860107,
2.4826249480247498,
2.4861475825309753,
2.534104287624359,
1.5038982033729553,
2.1434378623962402,
2.970637083053589,
2.3362229764461517,
1.8003198504447937,
3.9440277218818665,
3.2088282704353333,
2.216677963733673,
2.7156654000282288,
1.6441710293293,
1.4193938672542572,
2.3887786269187927,
3.8706031441688538,
2.7899932861328125,
1.5944874286651611,
1.9677689671516418,
3.6689963936805725,
3.3646580576896667,
1.64060577750206,
3.7450066208839417,
1.6314074397087097,
1.474318653345108,
3.1390082836151123,
1.3953998684883118,
4.505920112133026,
3.8518768548965454,
2.544061839580536,
1.8408678472042084,
2.7997007966041565,
1.9896912574768066,
1.755465418100357,
1.8909627199172974,
1.9254657626152039,
0.5484575405716896,
2.235919237136841,
2.6051709055900574,
1.4695236086845398,
2.137446403503418,
2.354869842529297,
2.8066587448120117,
2.1336141228675842,
3.9412373304367065,
1.6999892890453339,
1.3618342578411102,
1.1876626312732697,
3.3656805753707886,
4.469788074493408,
1.134081855416298,
1.127873957157135,
1.6012492775917053,
3.2611188292503357,
1.169636845588684,
1.8433894217014313,
3.7227243185043335,
1.494143307209015,
1.6896095871925354,
1.4282411336898804,
1.9907626509666443,
1.9135662913322449,
3.9652925729751587,
3.453080952167511,
0.9193529933691025,
2.0306071639060974,
1.7405544221401215,
2.8793835639953613,
3.8447296619415283,
2.0424626767635345,
2.919110059738159,
1.474667489528656,
1.7844638228416443,
1.6878414154052734,
2.205750346183777,
2.7620092034339905,
1.747717410326004,
2.58943110704422,
1.7985069751739502,
1.3155931234359741,
1.4488865435123444,
2.731645405292511,
2.9356011748313904,
1.053396314382553,
1.7389614880084991,
1.173291653394699,
2.4366557598114014,
1.8444983661174774,
1.0918978601694107,
2.515353560447693,
1.9382405281066895,
3.4674307703971863,
2.291027009487152,
2.391483187675476,
1.902739703655243,
3.812640905380249,
1.916845589876175,
4.446058571338654,
3.0654188990592957,
1.5345381200313568,
2.53645658493042,
1.6760635375976562,
2.937847673892975,
4.323538541793823,
3.88246089220047,
2.7011829614639282,
3.4082484245300293,
1.5955333411693573,
3.0272358655929565,
1.1109594255685806,
2.18878835439682,
2.2731782495975494,
0.8629356324672699,
4.159625470638275,
2.4509741365909576,
2.581937313079834,
3.857336640357971,
1.844286471605301,
1.2914545834064484,
2.754516303539276,
1.493915468454361,
2.204601466655731,
3.822029232978821,
1.970849633216858,
2.442483752965927,
2.749170660972595,
1.9853591918945312,
1.8353024125099182,
1.7690236866474152,
1.6592489182949066,
2.5245967507362366,
2.526034116744995,
2.6673313975334167,
2.784773111343384,
1.7403875291347504,
2.4468255043029785,
3.7750622630119324,
2.409329116344452,
1.8233934044837952,
3.5988184809684753,
4.394438564777374,
3.931978940963745,
1.2255246192216873,
2.047724276781082,
2.6195335388183594,
1.9247367978096008,
1.9981449842453003,
2.1295472979545593,
1.8420155346393585,
2.735554873943329,
2.4433469772338867,
2.2980619966983795,
1.5297910571098328,
1.1251000314950943,
1.6513624787330627,
2.11956188082695,
3.415917158126831,
1.6612721979618073,
2.064584642648697,
1.1852619796991348,
3.7753260135650635,
3.5840949416160583,
2.7086761593818665,
2.9185116291046143,
1.7393548786640167,
1.5406103432178497,
2.6397696137428284,
3.623856008052826,
2.057868540287018,
2.678751051425934,
3.814750909805298,
3.350425660610199,
2.4416714906692505,
2.20452219247818,
1.351001262664795,
0.9661328047513962,
2.26063072681427,
2.581704258918762,
1.7981626093387604,
2.2449900209903717,
2.433273494243622,
2.302529215812683,
3.6611318588256836,
2.744496166706085,
3.8409799337387085,
2.5226113200187683,
0.8384364098310471,
2.211248129606247,
1.8990933895111084,
3.1483107805252075,
2.529337704181671,
2.543485462665558,
1.8665678799152374,
3.705757260322571,
1.4107033610343933,
2.1500596404075623,
2.2275812923908234,
3.315689265727997,
2.4995222687721252,
2.0061762630939484,
2.0587334036827087,
2.842659652233124,
3.820892870426178,
2.118002474308014,
2.320317178964615,
1.6113805770874023,
3.340800404548645,
3.1095200777053833,
3.1579580903053284,
2.296389192342758,
4.807525873184204,
1.4027822017669678,
1.4042223989963531,
3.064913749694824,
1.6781151294708252,
1.937994807958603,
2.8856271505355835,
2.44650736451149,
3.5250702500343323,
3.5165974497795105,
0.8122707903385162,
2.278456538915634,
2.924455404281616,
2.777923047542572,
2.734992504119873,
1.516733169555664,
2.158506214618683,
2.0654162764549255,
2.071458101272583,
0.9473512321710587,
2.8372755646705627,
1.6522212326526642,
2.1954762935638428,
4.337421655654907,
2.5189128518104553,
2.1763205528259277,
1.2094853073358536,
1.801379919052124,
1.7186443507671356,
2.119354009628296,
3.7091603875160217,
1.6181129217147827,
1.7455796897411346,
1.8209519982337952,
3.4462404251098633,
2.830120027065277,
2.0560798048973083,
2.0663248002529144,
1.6796131432056427,
1.8970954418182373,
2.7264800667762756,
2.3871076107025146,
3.0269157886505127,
3.641771674156189,
1.0061556845903397,
2.862372100353241,
1.7758750915527344,
1.8064570426940918,
2.724947929382324,
1.3263587653636932,
2.6294341683387756,
2.68068790435791,
3.3500850200653076,
0.8648359775543213,
2.1371079981327057,
2.1771004796028137,
4.660240113735199,
2.3316286504268646,
0.37295229732990265,
0.6523881107568741,
4.688768088817596,
2.5757840275764465,
1.6198557615280151,
1.0915115475654602,
4.840373992919922,
1.6624075174331665,
1.4681504666805267,
1.6721358895301819,
2.8109580278396606,
2.5230970978736877,
3.530997633934021,
0.8315693587064743,
1.552768498659134,
0.8904430270195007,
1.7899203300476074,
1.3199125230312347,
1.5374872088432312,
1.8832767009735107,
1.377684324979782,
2.40632101893425,
2.8194406628608704,
1.9772650301456451,
0.9893039613962173,
1.9737496972084045,
2.5690534710884094,
2.9833251237869263,
2.9137766361236572,
1.650395393371582,
1.8220731616020203,
3.4407180547714233,
3.3743438124656677,
2.1993452310562134,
1.307610422372818,
1.6866426169872284,
0.44837474822998047,
3.052264451980591,
1.6822317242622375,
2.7226707339286804,
1.6131041944026947,
1.4770403504371643,
2.010118216276169,
2.200596183538437,
3.0467641353607178,
3.6740633845329285,
1.8951992690563202,
2.805567681789398,
0.6269695609807968,
2.1774357557296753,
1.2880989909172058,
2.429867535829544,
3.2303962111473083,
2.1946197748184204,
3.142503798007965,
0.41749030351638794,
1.2670093774795532,
2.102833241224289,
1.7158013582229614,
2.829197645187378,
2.3150913417339325,
3.4109801054000854,
2.4146635830402374,
3.363039791584015,
1.9642779231071472,
1.8442770838737488,
1.453792154788971,
2.904464304447174,
2.3526108264923096,
3.4599944949150085,
1.9222329556941986,
2.2939452528953552,
1.6485774517059326,
1.931689828634262,
2.340477555990219,
3.038797974586487,
1.8766561150550842,
1.8145772814750671,
4.109630584716797,
1.0885494947433472,
1.812111884355545,
1.9215376675128937,
3.184972107410431,
1.478731483221054,
1.5462660789489746,
1.821962296962738,
0.9702540189027786,
1.035519689321518,
0.2952391654253006,
4.555903673171997,
2.168683409690857,
1.6310562193393707,
3.7228450179100037,
2.756032347679138,
2.2550593316555023,
2.397335320711136,
1.1959216743707657,
3.2772713899612427,
2.3940443992614746,
2.963191866874695,
2.874491512775421,
1.133858561515808,
1.7135924100875854,
3.215559422969818,
1.8739351630210876,
1.4096587896347046,
1.3023032248020172,
3.599090576171875,
2.4008382856845856,
1.9327868521213531,
3.9091670513153076,
0.911874994635582,
1.4863766729831696,
1.6011141240596771,
4.0891194343566895,
2.5857043266296387,
1.568487286567688,
2.067820727825165,
2.2416475415229797,
2.6167988777160645,
2.2770142555236816,
2.6432427763938904,
1.6354122757911682,
1.7391251027584076,
2.853265106678009,
3.7585484981536865,
2.597007155418396,
0.7908225804567337,
1.866217702627182,
2.8032544255256653,
1.9477586448192596,
1.9623422622680664,
1.950221061706543,
1.8049253523349762,
3.264193534851074,
0.2007824368774891,
2.8798556327819824,
2.756771743297577,
3.8426077365875244,
2.306702136993408,
3.466521203517914,
2.25479319691658,
3.4181833267211914,
3.0003058910369873,
1.861698478460312,
1.8329983949661255,
1.2791109085083008,
1.173354908823967,
0.8500739187002182,
1.9703854620456696,
1.1845238506793976,
0.9817010164260864,
2.4773968756198883,
1.0620162636041641,
2.1514172852039337,
2.102164924144745,
2.192740738391876,
1.5024164319038391,
3.75991553068161,
2.2338873147964478,
2.576117515563965,
3.0077314376831055,
1.2098690867424011,
1.971360445022583,
1.800312101840973,
2.2559820115566254,
2.2961637377738953,
3.2930243015289307,
3.9781171083450317,
1.0534906387329102,
2.2460533678531647,
2.1539895236492157,
1.222188025712967,
1.265377551317215,
2.471415102481842,
0.8677084743976593,
1.464708298444748,
1.850997507572174,
1.7167043685913086,
2.162715643644333,
1.4482054114341736,
1.6561324894428253,
1.7462822794914246,
3.8463765382766724,
3.8162970542907715,
1.5851731598377228,
3.0295330286026,
4.199255108833313,
2.314123809337616,
4.040650725364685,
1.688981056213379,
2.2572937607765198,
2.747718095779419,
1.8797874450683594,
3.0949434638023376,
1.8917512893676758,
3.039053976535797,
2.4647215008735657,
4.697785973548889,
2.011856734752655,
2.4794352054595947,
2.450048327445984,
2.389878034591675,
2.1508391201496124,
2.0369835197925568,
1.2568750977516174,
1.4272968471050262,
2.5436991453170776,
1.6781345009803772,
2.3925209045410156,
2.153836190700531,
2.543894648551941,
2.0500412583351135,
1.872638463973999,
2.265881597995758,
1.8710638582706451,
2.2377778589725494,
2.381259799003601,
2.4883736670017242,
1.856621503829956,
1.5596716105937958,
1.985960304737091,
1.391630470752716,
2.5859126448631287,
2.1267253160476685,
2.095925211906433,
2.9367265105247498,
1.9718775153160095,
2.3458771407604218,
3.183109164237976,
0.8630849421024323,
1.3927057385444641,
1.7242053151130676,
0.6536559760570526,
2.5751039385795593,
1.9953110814094543,
3.141828775405884,
2.027628570795059,
1.6967692971229553,
2.218797504901886,
1.8967168033123016,
3.266790509223938,
3.5265475511550903,
2.8525465726852417,
2.851889133453369,
2.861677408218384,
1.2751826643943787,
1.76627978682518,
1.4352777600288391,
2.085743546485901,
1.0105791687965393,
0.9049461781978607,
1.4872777462005615,
2.1056796610355377,
2.364054322242737,
2.5858932733535767,
3.2373276352882385,
2.6641780138015747,
2.3228290677070618,
3.32491397857666,
2.0672309398651123,
1.7570504546165466,
2.2329846024513245,
3.0749568343162537,
4.101163148880005,
1.5256570279598236,
1.5741099417209625,
1.1648884415626526,
2.221471667289734,
2.1435879170894623,
3.2260972261428833,
2.2991567850112915,
2.5734364986419678,
2.2193817794322968,
3.9459052681922913,
2.3801276087760925,
2.529810667037964,
1.8693353235721588,
2.026325911283493,
2.0324906706809998,
2.3116207122802734,
2.10522323846817,
2.7540165185928345,
2.610001266002655,
3.52155864238739,
3.142947256565094,
3.472551107406616,
1.9683140516281128,
2.6399555802345276,
3.0883371829986572,
2.188551127910614,
1.5546531975269318,
2.595530152320862,
2.7518612146377563,
2.544322907924652,
1.8935443460941315,
3.174942135810852,
2.808275818824768,
1.2867842614650726,
1.5557758510112762,
1.4509914815425873,
2.910163998603821,
2.318124622106552,
3.0733349919319153,
2.433312237262726,
1.558416485786438,
1.423031985759735,
2.0567581057548523,
4.0242937207221985,
3.9971524477005005,
3.797959089279175,
1.3058383762836456,
1.4251452684402466,
1.3414783775806427,
1.788429170846939,
4.356438517570496,
3.4285876154899597,
3.744267523288727,
3.6249613761901855,
1.3719667494297028,
1.9570428133010864,
2.7549761533737183,
2.7311640977859497,
1.6298951208591461,
2.4263910949230194,
3.2685041427612305,
2.807999849319458,
2.7250367403030396,
2.3607096076011658,
2.4834397435188293,
3.3064520359039307,
3.6727336049079895,
2.54778653383255,
1.595449149608612,
1.6762122511863708,
3.2506054639816284,
2.88958340883255,
1.2316300719976425,
1.990576684474945,
2.6364442706108093,
1.9168132543563843,
1.5113940834999084,
1.7040598392486572,
3.0742180347442627,
2.0104052126407623,
2.346833348274231,
1.3969752192497253,
1.457199603319168,
0.5336426198482513,
2.8806981444358826,
1.3474321365356445,
2.95859158039093,
1.8012920022010803,
2.648182511329651,
2.6527848839759827,
4.471452534198761,
2.8159308433532715,
1.7693518102169037,
2.3689693212509155,
3.744516372680664,
1.966962218284607,
2.157231569290161,
2.234489619731903,
3.1033319234848022,
1.9508463144302368,
3.4130409359931946,
1.946902573108673,
1.4368616044521332,
4.048998951911926,
1.4688940346240997,
3.207569122314453,
1.6646769642829895,
2.2980457544326782,
0.45205388218164444,
2.0330528914928436,
3.0223265290260315,
3.0562296509742737,
2.458033710718155,
0.8147303014993668,
3.9180749654769897,
2.3185499012470245,
1.885228157043457,
2.764498293399811,
2.476057708263397,
1.9437713921070099,
1.7748697102069855,
2.516079545021057,
2.427898347377777,
3.0451592803001404,
1.7679233849048615,
3.0357205867767334,
2.4427638947963715,
2.65391081571579,
1.332201063632965,
1.860353797674179,
1.4708137512207031,
3.8265562057495117,
1.471916139125824,
3.767811357975006,
1.8064570426940918,
2.2804009914398193,
1.274382770061493,
1.9851687550544739,
2.1185889840126038,
2.18512162566185,
3.182569742202759,
1.908504068851471,
2.6190918684005737,
1.407133787870407,
1.1288005858659744,
1.4520743489265442,
2.683214545249939,
2.195710241794586,
1.7445747554302216,
2.7300438284873962,
1.7638498544692993,
2.4099253118038177,
1.7248453199863434,
1.1034803837537766,
2.01548770070076,
2.002314329147339,
0.5876753479242325,
1.4273665845394135,
1.699935644865036,
4.359283447265625,
1.0419054329395294,
4.37889963388443,
2.5258061289787292,
0.9464392811059952,
3.8991492986679077,
2.7603498101234436,
2.4578572809696198,
3.005329966545105,
2.423868626356125,
0.8454017341136932,
3.7366709113121033,
3.530343770980835,
1.750452071428299,
3.5432779788970947,
2.6203063130378723,
1.0371919721364975,
1.6069936752319336,
1.9868910312652588,
4.239763617515564,
1.2840309739112854,
3.316703140735626,
1.690492331981659,
3.272329568862915,
1.4830301702022552,
1.2200098484754562,
2.238706201314926,
3.056938648223877,
1.7764770984649658,
1.3536357879638672,
4.564348459243774,
0.9663010388612747,
2.6947957277297974,
2.5712013244628906,
4.45260763168335,
2.1330468356609344,
1.3756652176380157,
1.7205387353897095,
3.122009038925171,
2.67365038394928,
3.9207875728607178,
1.644076406955719,
4.249230623245239,
1.5786734223365784,
1.9784846901893616,
2.37827330827713,
2.0770515501499176,
2.7333322167396545,
3.3221960067749023,
2.384272515773773,
2.0977431535720825,
2.7427181601524353,
2.2071807086467743,
2.9922857880592346,
2.0708611607551575,
2.804032862186432,
3.4484419226646423,
1.02362260222435,
1.252644658088684,
2.908952236175537,
1.5287967026233673,
0.7502543181180954,
2.139270007610321,
2.084987163543701,
-0.013141054660081863,
0.6203161552548409,
3.900715708732605,
0.6276998668909073,
1.6595380008220673,
2.0414038002490997,
2.4371337890625,
0.9856189787387848,
2.3777101933956146,
2.0177896320819855,
2.773735225200653,
2.3839952051639557,
1.452847570180893,
1.7554831504821777,
1.4095979928970337,
1.9351930916309357,
3.111925721168518,
1.0497482866048813,
3.1480425596237183,
2.2830620408058167,
2.239091247320175,
2.3247618973255157,
1.5461038053035736,
2.301049530506134,
2.809019088745117,
2.3186147212982178,
0.6245749071240425,
2.851420044898987,
2.913888990879059,
4.36308741569519,
2.205306589603424,
3.1977927684783936,
2.739127278327942,
2.082682102918625,
3.655717372894287,
1.9085370004177094,
2.541096806526184,
1.4642705023288727,
2.0871061086654663,
3.706929385662079,
1.0253190994262695,
1.3550961017608643,
1.716655045747757,
2.2123929858207703,
3.8318830728530884,
1.8871453404426575,
2.907865345478058,
2.8258776664733887,
2.1849840879440308,
4.146676659584045,
1.8390949070453644,
2.900615930557251,
1.5939874947071075,
3.587164282798767,
3.720869719982147,
1.2155090272426605,
1.5147706866264343,
2.141396403312683,
3.796374797821045,
1.947653889656067,
2.0495785772800446,
1.4186839759349823,
1.397978961467743,
0.6657882034778595,
1.8535687029361725,
3.054261803627014,
2.3045475780963898,
4.381843209266663,
4.656344950199127,
1.7675191164016724,
3.3703717589378357,
3.1342294812202454,
1.4640271663665771,
2.874860167503357,
3.8728350400924683,
3.335917592048645,
2.244900166988373,
3.3064812421798706,
3.7869521975517273,
1.7540046572685242,
1.3046878576278687,
1.6424405574798584,
1.997293382883072,
0.8908440172672272,
2.3556771874427795,
1.412888914346695,
2.7064168453216553,
3.1711232662200928,
2.1944625675678253,
4.411597847938538,
2.6305127143859863,
1.493818610906601,
2.4633514881134033,
2.255830615758896,
4.746226966381073,
2.7359652519226074,
2.7128970623016357,
4.08797025680542,
3.5854512453079224,
2.953382730484009,
3.404977321624756,
3.422619104385376,
1.6997803747653961,
1.5535078942775726,
0.61539176851511,
1.3648977875709534,
2.7016422152519226,
4.401884078979492,
1.0853944718837738,
3.4140992164611816,
2.8937828540802,
3.2725760340690613,
0.7654368132352829,
2.741398513317108,
1.8693087995052338,
1.5199394524097443,
3.7348568439483643,
0.49276791512966156,
2.3744195699691772,
2.054985463619232,
2.5069040060043335,
3.373939096927643,
2.894132435321808,
1.265551745891571,
0.9973613172769547,
2.058013081550598,
4.8006004095077515,
1.4253368973731995,
1.5234050154685974,
2.477174401283264,
2.8756308555603027,
3.1450945138931274,
0.8779317140579224,
2.8596794605255127,
1.2616416811943054,
2.2090156376361847,
1.6391457617282867,
1.989848017692566,
4.460790157318115,
2.577384114265442,
2.35035702586174,
2.357245832681656,
2.410011440515518,
1.5430375933647156,
2.6373887062072754,
3.7057313323020935,
1.4709517359733582,
2.3179633915424347,
2.3769474029541016,
2.359399199485779,
2.9257193207740784,
3.3350467681884766,
3.2019883394241333,
2.0604050159454346,
2.167844921350479,
1.7312926054000854,
1.5390267968177795,
1.8173052370548248,
1.332201063632965,
0.6337341666221619,
2.267332673072815,
1.2063083052635193,
2.234514057636261,
1.0840491205453873,
2.7012842893600464,
2.942262887954712,
2.5463861227035522,
0.8726750314235687,
1.759667843580246,
3.6727336049079895,
2.031055986881256,
3.5649898648262024,
2.9051876068115234,
1.4080211520195007,
2.9382625222206116,
3.944106101989746,
1.2499560415744781,
2.778300940990448,
1.8874689936637878,
1.7403903603553772,
1.8402394652366638,
2.7873247861862183,
1.5136031806468964,
1.7384874820709229,
1.574956476688385,
1.9808191061019897,
4.379887878894806,
2.2902731597423553,
2.8416964411735535,
3.4046104550361633,
2.406378537416458,
1.336028277873993,
2.360873520374298,
1.2075258791446686,
2.4700523912906647,
2.572574019432068,
2.4074211716651917,
1.0906364023685455,
2.0963038504123688,
0.9277774393558502,
2.648422420024872,
4.054152965545654,
2.277567684650421,
1.5037575364112854,
2.1437451243400574,
1.0056614130735397,
2.2025153040885925,
1.0827276110649109,
1.521441787481308,
2.5233036279678345,
3.0955958366394043,
2.629442512989044,
1.9916637241840363,
3.0389541387557983,
2.347359359264374,
0.8494146168231964,
2.2659188508987427,
1.9174861907958984,
3.2524141669273376,
4.268371164798737,
2.2568464279174805,
1.1673036962747574,
2.1206237375736237,
3.7354111671447754,
2.0694254338741302,
0.45584362000226974,
3.2850268483161926,
1.921890527009964,
2.1869683265686035,
1.3014805316925049,
1.9724509119987488,
1.8590360879898071,
2.059958726167679,
2.1335306763648987,
1.956474483013153,
1.0563445091247559,
1.4846809208393097,
2.0745983719825745,
3.18217009305954,
2.0167621970176697,
1.006413847208023,
2.0856791734695435,
2.56414532661438,
2.034534215927124,
1.5500590205192566,
2.319713830947876,
1.473177820444107,
3.30302357673645,
1.3477250933647156,
1.1311033368110657,
2.2494424879550934,
2.80680388212204,
2.050107717514038,
1.8745693564414978,
2.225317507982254,
2.8631412982940674,
1.296025961637497,
4.297369718551636,
3.006124496459961,
1.9900073111057281,
0.9145259857177734,
2.8947293758392334,
1.8597538769245148,
1.529417484998703,
2.0997579395771027,
1.5843307971954346,
1.2237967550754547,
3.8742154836654663,
1.8457317352294922,
1.8935808539390564,
1.7087619006633759,
1.2894158065319061,
2.843090295791626,
1.6239531338214874,
3.7827369570732117,
2.9722613096237183,
2.7367201447486877,
2.346893548965454,
2.8521880507469177,
2.8659051656723022,
1.7749151587486267,
1.0296820849180222,
3.6223003268241882,
2.2949156165122986,
2.1562500298023224,
3.6037027835845947,
1.6418695449829102,
1.819305270910263,
2.043268084526062,
2.35612690448761,
2.88958340883255,
1.3633550703525543,
2.8195154666900635,
1.1447934806346893,
2.8713583946228027,
1.6791266202926636,
3.540734052658081,
3.277892768383026,
3.0073022842407227,
2.5794240832328796,
0.7446332275867462,
2.447666823863983,
1.1207646131515503,
2.549099624156952,
1.4237794280052185,
2.0034602284431458,
3.5387343168258667,
2.695220112800598,
3.534647822380066,
1.3995857536792755,
1.2239980697631836,
2.311868369579315,
3.5621556639671326,
3.447476029396057,
1.5600697696208954,
1.7587457597255707,
1.875510960817337,
1.5264618396759033,
3.5387083888053894,
2.516942620277405,
0.9833082556724548,
2.20991313457489,
2.3111841082572937,
1.9025570154190063,
2.267332673072815,
4.426268935203552,
2.6110321283340454,
1.275438517332077,
1.8490338325500488,
1.8099123239517212,
1.5681132674217224,
2.4881933629512787,
2.4544721841812134,
1.7574512958526611,
4.0509116649627686,
3.5990896821022034,
2.8695115447044373,
2.41377592086792,
2.4402301013469696,
3.6807605624198914,
2.6807186007499695,
2.4093878269195557,
0.7675278186798096,
2.695852220058441,
2.0092159509658813,
3.635195791721344,
1.954938918352127,
1.8770863115787506,
1.441669911146164,
1.1711347848176956,
3.6381593346595764,
3.3505642414093018,
2.248086780309677,
2.040087580680847,
1.2280789762735367,
3.595060706138611,
2.9029184579849243,
1.8685629963874817,
4.427944719791412,
2.8658926486968994,
0.9073856472969055,
3.1176185607910156,
1.7333264648914337,
0.9384899586439133,
1.956324279308319,
2.7779021859169006,
1.5571688115596771,
2.6445525884628296,
3.116762340068817,
1.9244621694087982,
2.114947587251663,
1.4955413341522217,
3.632173538208008,
4.007498025894165,
2.5415056943893433,
0.7718469947576523,
1.520719975233078,
2.7020075917243958,
3.633565902709961,
3.590402603149414,
0.6132381409406662,
0.673065111041069,
1.770973801612854,
2.625480890274048,
3.0528613924980164,
2.0267662405967712,
1.6596919298171997,
2.40352138876915,
3.7923389673233032,
0.6219268217682838,
1.116797849535942,
2.4436241388320923,
1.6430704295635223,
1.6011188924312592,
1.276465356349945,
2.5102654099464417,
2.0853106677532196,
3.072902262210846,
0.8946496993303299,
1.5940991044044495,
1.5120312571525574,
4.519955813884735,
2.3255835473537445,
4.677155613899231,
3.0190354585647583,
1.2331891059875488,
2.994730770587921,
3.3999595046043396,
2.72750586271286,
3.289403021335602,
1.5434090793132782,
3.2659387588500977,
4.300063848495483,
2.188803553581238,
3.288191258907318,
1.3247834146022797,
1.5554341673851013,
2.4583780765533447,
3.241495192050934,
1.7742864787578583,
2.959630787372589,
4.2206308245658875,
1.846267282962799,
2.148502469062805,
1.7741166055202484,
3.368840217590332,
2.393186539411545,
3.016553521156311,
3.823346197605133,
2.6426464319229126,
2.1523551642894745,
1.9529478251934052,
1.9288977980613708,
2.0434586703777313,
1.920604556798935,
3.6574000120162964,
1.8561255931854248,
1.7788657546043396,
2.6642993092536926,
1.5864326059818268,
3.0772358179092407,
1.911034882068634,
1.582212895154953,
0.6106427311897278,
3.0205264687538147,
1.7518031597137451,
1.4147429168224335,
2.0522141456604004,
1.9621209800243378,
4.344512224197388,
2.8732356429100037,
1.9649368524551392,
2.3880675435066223,
1.571119874715805,
1.8178483843803406,
3.618655204772949,
3.725685477256775,
4.0570977330207825,
2.18925803899765,
1.4339753985404968,
3.9384877681732178,
2.6572385430336,
2.1458256244659424,
1.119816154241562,
1.586543470621109,
1.6345584392547607,
1.657949984073639,
2.7364924550056458,
1.1776570975780487,
2.0745642483234406,
2.991141974925995,
3.544101119041443,
4.276289939880371,
3.0135706067085266,
1.1390146613121033,
2.008589953184128,
0.8799708634614944,
1.5359945595264435,
3.057844042778015,
4.445537626743317,
1.8532127141952515,
1.2300293147563934,
2.898203730583191,
1.2907202541828156,
1.3713549077510834,
2.959783375263214,
2.4334344267845154,
2.083044648170471,
3.197370767593384,
2.3147624731063843,
1.8875983357429504,
2.6081955432891846,
1.1872565746307373,
1.686866581439972,
0.9735138714313507,
2.300889790058136,
1.7945879697799683,
1.5219958126544952,
3.7130385637283325,
1.2558463215827942,
3.005661964416504,
2.918795347213745,
2.1529826521873474,
0.5577024444937706,
2.3390990495681763,
1.4345715939998627,
1.4699554443359375,
0.9340494126081467,
2.0968464016914368,
2.2851943969726562,
2.9092034697532654,
3.551219403743744,
3.151136338710785,
1.9689887762069702,
2.6267635822296143,
2.6235535740852356,
1.1671166867017746,
3.7423989176750183,
1.7708975076675415,
1.5839020907878876,
2.110946476459503,
2.0511266589164734,
2.3700302839279175,
3.5376083850860596,
0.9349307417869568,
2.6353731751441956,
1.9824936985969543,
3.0188488960266113,
2.278025895357132,
2.616644501686096,
3.6359089612960815,
3.255658745765686,
3.3236023783683777,
2.3441849648952484,
3.302433490753174,
2.146766781806946,
2.556546628475189,
2.7338358759880066,
2.36643448472023,
1.82660311460495,
2.3949988186359406,
1.965746283531189,
2.25620299577713,
0.8200649917125702,
3.1799107789993286,
1.4381125569343567,
3.2314112782478333,
2.8819215297698975,
1.5925110876560211,
1.9640976190567017,
2.418322116136551,
4.044482111930847,
2.0855198800563812,
2.484884113073349,
2.0122653245925903,
1.3656041026115417,
2.387113720178604,
3.4073254466056824,
1.6322220861911774,
1.9422182440757751,
2.146899402141571,
1.778510957956314,
2.6312485337257385,
2.0727895200252533,
1.6991256177425385,
3.7541675567626953,
1.54362753033638,
1.3576893508434296,
3.6755970120429993,
0.5002138763666153,
3.6042380332946777,
1.2045175582170486,
1.0009899735450745,
1.677967607975006,
2.0316067337989807,
1.2286826223134995,
1.2108614295721054,
2.3210540413856506,
3.946828246116638,
1.7504046857357025,
1.5580692887306213,
2.6277804374694824,
3.168773055076599,
2.105867862701416,
1.8456901609897614,
1.4927974343299866,
1.0783037543296814,
1.9989106059074402,
2.1306729316711426,
4.013725519180298,
1.407022625207901,
2.950420379638672,
4.799639284610748,
3.2750874757766724,
4.4110411405563354,
3.004741370677948,
4.22548770904541,
4.550038278102875,
1.6564802825450897,
1.5001174807548523,
1.8158873915672302,
2.8761833906173706,
2.1274562180042267,
4.276385307312012,
2.8490298986434937,
1.5950974822044373,
2.5803908705711365,
3.081274926662445,
1.9496609270572662,
1.8065673112869263,
2.546728551387787,
3.3600199222564697,
2.9415765404701233,
4.3782347440719604,
3.282526135444641,
3.1530117988586426,
1.2798628211021423,
3.131271004676819,
1.0640372335910797,
1.7653168737888336,
2.8895998001098633,
3.7248951196670532,
2.4281208217144012,
1.0845565795898438,
2.560400664806366,
1.3526800274848938,
3.3972924947738647,
2.5405779480934143,
2.197648286819458,
1.6522961854934692,
2.1459196507930756,
2.079846113920212,
0.8965359628200531,
0.7241026312112808,
2.3376956582069397,
3.0392104387283325,
1.8911895155906677,
1.903197020292282,
2.2168946266174316,
2.7704793214797974,
1.6151104867458344,
1.9650860130786896,
2.5581955909729004,
3.628988564014435,
2.8010469675064087,
3.8562223315238953,
3.1777578592300415,
1.9426606595516205,
3.062562346458435,
1.9876080751419067,
3.9664366841316223,
1.8649540841579437,
3.065077066421509,
1.6140350699424744,
3.2534125447273254,
3.2650619745254517,
2.0978398621082306,
2.052253782749176,
1.7961561679840088,
1.5017448365688324,
0.5307568609714508,
2.0792222023010254,
2.2050754725933075,
1.6218633949756622,
1.8080419301986694,
1.561206579208374,
2.9752448201179504,
1.2731362879276276,
1.6598913073539734,
1.6050368547439575,
2.416517734527588,
1.059812307357788,
1.8391439318656921,
2.3082035779953003,
1.5865226089954376,
2.443903088569641,
2.030767947435379,
1.266063004732132,
1.825299859046936,
3.098989427089691,
2.299378216266632,
1.8787005543708801,
2.1824945509433746,
2.905735671520233,
3.015109896659851,
3.3794227242469788,
1.5101858973503113,
3.97832453250885,
4.707245230674744,
1.2647606432437897,
1.9151601195335388,
2.3805928230285645,
3.176191747188568,
3.2022032141685486,
1.502087414264679,
2.3433297872543335,
2.1561525762081146,
1.610119789838791,
1.360464096069336,
2.606314718723297,
1.635265201330185,
3.4628546237945557,
1.4923347532749176,
2.366561144590378,
1.9694596529006958,
1.0133234411478043,
3.2117170095443726,
1.3226987421512604,
2.4102431535720825,
2.1244341135025024,
1.2785707414150238,
0.6999585032463074,
1.0526640713214874,
1.3159507513046265,
2.823757231235504,
2.3124098777770996,
2.9230496287345886,
2.3976288735866547,
2.422228157520294,
2.074231058359146,
3.32491397857666,
2.664979100227356,
2.2635096311569214,
2.1961505711078644,
2.6122623682022095,
4.291472434997559,
2.9659605026245117,
2.0363564789295197,
1.0881160199642181,
3.634890913963318,
2.855917811393738,
1.6214656829833984,
1.1891958862543106,
4.291301369667053,
1.9813990592956543,
2.7745115756988525,
2.45941624045372,
2.975282073020935,
1.4526616036891937,
1.9201672077178955,
1.0366922616958618,
1.2426504492759705,
2.8364866971969604,
2.2835054993629456,
3.2146409153938293,
2.403632402420044,
2.359444946050644,
2.439681887626648,
2.6230305433273315,
2.5993353128433228,
4.156298339366913,
2.050947844982147,
0.932932123541832,
2.418396472930908,
2.0861563086509705,
2.087644338607788,
0.8497870713472366,
1.752496063709259,
1.9246143102645874,
1.715845763683319,
4.210213124752045,
1.596437692642212,
2.5238609313964844,
4.649541079998016,
2.035616636276245,
1.3123676180839539,
2.764243185520172,
1.9348150491714478,
2.1780112385749817,
1.9184592366218567,
2.6442867517471313,
1.5933547914028168,
1.6461536288261414,
4.749826788902283,
2.076650708913803,
2.1023038029670715