0.46523407101631165,
1.4181524515151978,
1.5611404180526733,
1.3729006052017212,
3.7332767248153687,
0.6731274724006653,
1.259181946516037,
1.3044990599155426,
4.452238380908966,
0.31549859791994095,
1.2743383646011353,
1.7571094632148743,
4.09427672624588,
2.554601728916168,
2.709730565547943,
3.8379457592964172,
0.8610254526138306,
1.9385680556297302,
1.79641455411911,
1.369040310382843,
4.536646008491516,
2.158411294221878,
2.263360172510147,
3.9570140838623047,
0.3063509799540043,
0.4499679431319237,
3.780902922153473,
2.4923330545425415,
0.39266109466552734,
2.2236570715904236,
1.7747430503368378,
1.3050223886966705,
1.4357499778270721,
2.440739870071411,
1.3939464092254639,
1.301051527261734,
1.9564881920814514,
2.861419916152954,
3.9279213547706604,
1.2168313562870026,
2.5200819969177246,
1.7721673846244812,
1.0537035763263702,
1.5115638077259064,
2.3986101150512695,
1.2017392367124557,
1.1812137067317963,
4.615268409252167,
2.8406691551208496,
1.7704401910305023,
1.985860913991928,
0.5664993822574615,
0.8601634204387665,
2.4167796969413757,
2.7762371301651,
0.7112061232328415,
1.9010820984840393,
1.7155782878398895,
1.7040139436721802,
2.8659972548484802,
2.433234304189682,
3.910612165927887,
1.5383952856063843,
1.1203892529010773,
2.1520352363586426,
0.8981209248304367,
3.7419456243515015,
3.917892873287201,
1.1266158521175385,
2.6737892627716064,
3.1072714924812317,
1.0176095366477966,
0.9042356163263321,
1.3704095780849457,
1.9191810488700867,
1.4000281691551208,
2.426539659500122,
0.9064151346683502,
1.2420397996902466,
1.4861290156841278,
1.8974052369594574,
2.3900583386421204,
1.3770581781864166,
4.798984527587891,
1.0294247418642044,
1.2679679691791534,
0.6599821895360947,
2.252615988254547,
3.8051027059555054,
1.8314346671104431,
0.8105827867984772,
0.7227751612663269,
2.0885778963565826,
0.592193678021431,
1.0813920199871063,
1.2493812292814255,
1.4992603659629822,
0.6929750740528107,
1.0166122764348984,
1.4691457152366638,
2.8491204977035522,
3.606221377849579,
2.1876516938209534,
0.6070290505886078,
1.508709043264389,
0.5748836323618889,
3.5551995038986206,
3.846287727355957,
2.0836295187473297,
2.8436055779457092,
1.550179123878479,
1.9530171155929565,
1.2583333253860474,
1.288238763809204,
2.5021299719810486,
1.5240761637687683,
3.545646369457245,
0.9793005138635635,
1.368955671787262,
0.7106504589319229,
2.623918354511261,
2.9591795802116394,
0.631101205945015,
1.7668066918849945,
1.395120620727539,
2.09049791097641,
2.6790785789489746,
1.174554005265236,
0.710623487830162,
0.612349808216095,
2.4370263516902924,
1.3557101786136627,
1.6857559978961945,
1.3958556950092316,
2.7009397745132446,
1.258891075849533,
4.68794047832489,
3.5875102877616882,
1.3213260471820831,
2.0728380978107452,
1.3252481818199158,
3.1124797463417053,
4.618771076202393,
4.168813228607178,
3.4854429960250854,
2.422228455543518,
1.492898315191269,
1.0220672190189362,
1.9852553308010101,
2.8186944127082825,
2.20907524228096,
0.6300819665193558,
4.141079783439636,
1.4696791768074036,
1.616414338350296,
3.809424340724945,
0.47800879925489426,
0.48932645469903946,
1.6992086172103882,
1.5494847297668457,
2.0007844269275665,
2.5247395038604736,
1.3460375368595123,
1.5342962741851807,
2.074522227048874,
1.2004775553941727,
1.4377038180828094,
1.413097083568573,
1.2562711536884308,
1.4282292127609253,
1.5352550148963928,
1.7147202789783478,
1.203557774424553,
1.1349180340766907,
1.6872166097164154,
4.77155327796936,
1.4301499724388123,
1.7159181833267212,
3.704752027988434,
3.65820974111557,
3.254023492336273,
0.21804295480251312,
0.7458724826574326,
1.2595546245574951,
1.6364286839962006,
0.4832078143954277,
2.1580906212329865,
1.0429246723651886,
0.8106933534145355,
2.2467295825481415,
2.555939257144928,
1.2569737434387207,
0.597517304122448,
1.3508941233158112,
1.020151600241661,
3.7850502133369446,
1.9944603741168976,
1.3943654298782349,
1.5053042769432068,
3.6497271060943604,
2.675253748893738,
3.1267350912094116,
3.4177374839782715,
0.9418445080518723,
0.3478642553091049,
2.1361999213695526,
4.069352746009827,
1.872275471687317,
0.7876551151275635,
3.422970175743103,
3.5805338621139526,
1.5907518565654755,
2.3771750926971436,
0.7392638176679611,
0.20606501027941704,
1.171000748872757,
1.544082909822464,
0.7840847223997116,
1.403954178094864,
0.770142525434494,
1.4224949479103088,
2.669079303741455,
2.143578678369522,
4.1616833209991455,
3.5999801754951477,
0.4561721161007881,
0.7849176973104477,
1.1128146946430206,
1.655460149049759,
1.7973606288433075,
2.46912881731987,
1.4370311796665192,
3.5750198364257812,
1.3711172342300415,
1.520824283361435,
1.3973833620548248,
2.8331390023231506,
1.0894205421209335,
1.5807360410690308,
1.7339374125003815,
4.295640587806702,
3.8206082582473755,
2.080594301223755,
2.8529059886932373,
0.5092821642756462,
1.5273723006248474,
2.50098317861557,
2.090103328227997,
0.9107460826635361,
4.7851938009262085,
1.3762110471725464,
0.5012305825948715,
0.6473153829574585,
0.8545181155204773,
0.9014032036066055,
2.158052921295166,
1.3214479386806488,
3.3829572796821594,
3.3757367730140686,
0.7580499351024628,
2.352685034275055,
2.9668274521827698,
1.9415727257728577,
2.7595868706703186,
0.4415952041745186,
0.8616562187671661,
1.5123799443244934,
2.1631428599357605,
0.9611945599317551,
2.667993903160095,
0.7169891148805618,
2.1244128048419952,
4.357376992702484,
1.4622525870800018,
1.5323127806186676,
0.7400816679000854,
1.7853082716464996,
0.6643103808164597,
1.2947902083396912,
3.751777410507202,
1.8223565816879272,
0.9559143334627151,
0.5340343341231346,
3.0302122235298157,
1.440090537071228,
1.2481055408716202,
1.9451828300952911,
1.0808039456605911,
0.6735373288393021,
1.6509851813316345,
2.4877850711345673,
2.2240611910820007,
3.425096273422241,
1.4153334498405457,
2.281166911125183,
0.9469014406204224,
1.0344315320253372,
2.092743068933487,
0.5943667516112328,
1.7454105615615845,
2.135121673345566,
4.036272466182709,
1.004730612039566,
1.4600075781345367,
0.4615664482116699,
4.265695214271545,
1.3575328886508942,
0.4475022107362747,
0.545240007340908,
4.805615842342377,
1.8811483681201935,
2.13229238986969,
0.719282478094101,
4.095188677310944,
1.0545123368501663,
0.8899342268705368,
1.201987862586975,
1.0021057724952698,
1.86654731631279,
2.0449119806289673,
1.1982564628124237,
1.012604981660843,
0.457170307636261,
1.5873000025749207,
1.8755421042442322,
1.0646867752075195,
2.2497284412384033,
1.9010186195373535,
1.2055440247058868,
1.233699545264244,
1.29133939743042,
0.8462170511484146,
1.7994984984397888,
1.943202167749405,
2.571617066860199,
2.2887808084487915,
0.6911172717809677,
1.3279305398464203,
1.3811136782169342,
3.673590123653412,
2.317682206630707,
1.215573474764824,
2.08969384431839,
0.5850649252533913,
2.8800225257873535,
0.8796713501214981,
1.3664411008358002,
1.2240174412727356,
1.3537496328353882,
1.4962440729141235,
1.1760862171649933,
2.3167993128299713,
2.698303461074829,
0.8043643087148666,
2.327614724636078,
0.7931889593601227,
1.470363736152649,
-0.08567365817725658,
1.5987521409988403,
2.1460068225860596,
1.3292939960956573,
2.6915916800498962,
1.3355712592601776,
0.6474261730909348,
0.808984711766243,
1.0889733582735062,
0.8859908580780029,
1.6533264517784119,
1.2635107338428497,
2.3416227102279663,
3.2412055134773254,
0.5038345605134964,
0.9317835420370102,
0.22765092551708221,
2.381727546453476,
1.6139084100723267,
2.993650734424591,
1.756894290447235,
1.901920735836029,
1.0951308906078339,
1.2878075242042542,
2.938438653945923,
2.066943347454071,
1.3272030651569366,
1.433243751525879,
4.413118064403534,
0.1729424111545086,
0.7874521613121033,
2.071114182472229,
1.1377410590648651,
0.6722748279571533,
1.5690414607524872,
1.525261551141739,
2.3417985439300537,
1.072223260998726,
0.6700274348258972,
4.363914728164673,
2.3611703515052795,
0.6116674840450287,
4.467760324478149,
2.136114239692688,
1.3806253671646118,
1.7617431282997131,
0.35484645515680313,
3.2792019844055176,
0.9481052309274673,
2.4095088243484497,
1.3162128627300262,
0.7020728290081024,
0.8416850864887238,
3.1870752573013306,
1.7437319457530975,
1.4278513193130493,
0.5668454989790916,
4.228132963180542,
3.27936053276062,
1.112973466515541,
3.416000008583069,
1.3517731428146362,
1.3686414062976837,
0.3592575713992119,
4.366508424282074,
2.19152569770813,
1.0022296011447906,
2.332708090543747,
0.8959592133760452,
1.8811540305614471,
1.8665079772472382,
1.4696894586086273,
0.983976200222969,
1.6078542172908783,
2.1864281594753265,
4.325461983680725,
1.7524322867393494,
0.9835367649793625,
0.6422383338212967,
2.2577041387557983,
2.2881577908992767,
0.49859531223773956,
1.3382019102573395,
1.8758679926395416,
4.454978108406067,
1.1300241947174072,
2.0641033351421356,
1.036023497581482,
3.06937575340271,
1.9601349532604218,
2.7965182065963745,
1.2732897698879242,
0.5083103477954865,
1.758938580751419,
1.2200869619846344,
1.7348310351371765,
0.7449152320623398,
0.9440464526414871,
0.7354220747947693,
1.0412784665822983,
0.6415364146232605,
1.291455328464508,
2.5370892882347107,
1.2512443959712982,
1.1131634563207626,
1.7204301059246063,
0.7271420955657959,
0.6077470630407333,
3.0715063214302063,
0.9404729306697845,
3.073720335960388,
2.5461459159851074,
0.4352792352437973,
0.8870884776115417,
1.9075027108192444,
2.9277637600898743,
1.99688121676445,
1.5129372477531433,
3.978095054626465,
1.1144373565912247,
2.1956363320350647,
0.4908329248428345,
1.389915943145752,
1.0072718560695648,
1.3739456236362457,
2.041364014148712,
0.5451654642820358,
0.30202699825167656,
1.217438131570816,
0.274199265986681,
0.5641283839941025,
1.0487552732229233,
2.548947036266327,
2.763400673866272,
4.398473799228668,
1.0119431465864182,
1.2586596608161926,
4.0753501653671265,
2.209334373474121,
4.089713990688324,
1.071867123246193,
3.0230337381362915,
2.1198998391628265,
1.0801761597394943,
3.202631175518036,
0.9218836575746536,
1.7409245669841766,
1.3223005831241608,
4.699538350105286,
1.7249120771884918,
2.9476991295814514,
2.038278579711914,
2.3232798278331757,
1.2569083273410797,
2.511633038520813,
0.9813734143972397,
0.8803243190050125,
3.0164378881454468,
1.4939646422863007,
1.670677363872528,
1.855231523513794,
0.8868440985679626,
1.5078379213809967,
0.7982911914587021,
1.901639848947525,
0.5947639420628548,
1.2621298432350159,
1.8930716812610626,
1.8389509618282318,
2.404703199863434,
1.4014855027198792,
1.7258797585964203,
0.6989710032939911,
1.8305541574954987,
1.9931690394878387,
1.189883053302765,
2.5794795155525208,
1.0425890982151031,
1.9627489149570465,
3.6468368768692017,
0.7457717508077621,
1.289575845003128,
1.8492361903190613,
1.4915582537651062,
1.2641508877277374,
2.4097442626953125,
2.787887156009674,
1.1617836356163025,
1.312137097120285,
1.4338818192481995,
1.7717976868152618,
2.134699523448944,
3.151322901248932,
2.8443601727485657,
2.763271927833557,
2.258329391479492,
0.9238024055957794,
2.202049642801285,
1.5488141775131226,
3.249295651912689,
1.0547447204589844,
1.060163676738739,
1.2102875858545303,
1.1550236493349075,
1.2368860840797424,
0.48901651054620743,
2.099049389362335,
1.8941250443458557,
0.9734836965799332,
2.7434051036834717,
1.756928712129593,
2.0494894683361053,
2.20260888338089,
4.535192251205444,
4.045978486537933,
0.3599695861339569,
0.7516258955001831,
0.5975695326924324,
0.5507314950227737,
1.258217841386795,
1.84192955493927,
1.3780662417411804,
1.4369052648544312,
1.4392532408237457,
3.9805781841278076,
1.9671069085597992,
1.2061696499586105,
2.2526784241199493,
1.5876694023609161,
1.2006371468305588,
1.4114372432231903,
1.4062485098838806,
1.9878888130187988,
1.2292958796024323,
3.6542269587516785,
1.3575947284698486,
3.3949002623558044,
1.1622808128595352,
1.0917440801858902,
2.2300755977630615,
2.7587130665779114,
0.5458811298012733,
1.4909441769123077,
1.9503287971019745,
2.0818375051021576,
1.4766719937324524,
3.9294269680976868,
1.272183209657669,
0.9081757813692093,
0.49222495406866074,
1.3408437371253967,
2.5209856033325195,
2.120349556207657,
2.3609837889671326,
2.016362100839615,
0.878971591591835,
1.8748180568218231,
1.4289972186088562,
3.5488957166671753,
3.833482265472412,
3.9954784512519836,
0.36175135523080826,
1.9292810559272766,
1.0760760307312012,
2.175101488828659,
3.3740070462226868,
2.1307705342769623,
2.045835256576538,
2.8910893201828003,
0.929858461022377,
1.3595584034919739,
0.9344473481178284,
2.872564196586609,
1.6762655973434448,
0.908077135682106,
4.086444079875946,
2.2426994144916534,
1.6715525090694427,
1.1620993912220001,
1.2563540041446686,
1.924433410167694,
2.921845316886902,
2.729349136352539,
0.43573155999183655,
0.830068364739418,
4.089796543121338,
1.4066292345523834,
0.450199730694294,
1.7775030434131622,
2.129105180501938,
2.3699259757995605,
1.0062609612941742,
1.0087565332651138,
2.287885546684265,
0.3293360397219658,
3.2635602355003357,
1.833091527223587,
2.268706113100052,
0.5431841313838959,
1.4031828939914703,
1.036350354552269,
2.413158267736435,
2.5484323501586914,
2.4350059032440186,
0.8975996822118759,
3.965429365634918,
2.3632891476154327,
0.9836556017398834,
1.7248287796974182,
2.954331934452057,
0.4120134562253952,
2.587743401527405,
2.8706854581832886,
1.2269742786884308,
1.848578006029129,
2.9769927263259888,
0.6011851504445076,
1.3556022942066193,
3.7797635793685913,
1.7682911455631256,
3.2815656065940857,
0.9232636541128159,
1.3410872220993042,
1.0314235091209412,
0.6363361328840256,
2.211861312389374,
2.3410876095294952,
1.8237259984016418,
0.4858158156275749,
3.0317968130111694,
1.6333968937397003,
1.0839736461639404,
1.2402230501174927,
1.183021068572998,
1.818748116493225,
0.9011952579021454,
1.124541237950325,
3.9553874731063843,
2.0059992372989655,
1.0484390705823898,
0.8087453991174698,
1.7339977622032166,
3.338603675365448,
1.6870476305484772,
1.812424212694168,
1.0456537455320358,
3.4995371103286743,
1.026081070303917,
2.4997112154960632,
1.0344315320253372,
1.7911428213119507,
1.3189689815044403,
1.6389115154743195,
0.47145210206508636,
1.520717591047287,
2.8255078196525574,
2.852141559123993,
1.9038483500480652,
0.880901962518692,
0.9034285694360733,
1.4633223414421082,
1.7273546755313873,
1.976398229598999,
1.148296371102333,
1.1369794607162476,
1.3371555507183075,
2.1530646085739136,
1.3094618916511536,
0.10925327427685261,
1.1463101208209991,
1.3836975395679474,
1.0097333788871765,
1.117638722062111,
1.4142577350139618,
4.475168287754059,
0.18192030489444733,
4.657271504402161,
0.9572239965200424,
0.35334333777427673,
1.5084169805049896,
2.4325503408908844,
0.599755197763443,
1.9156722724437714,
1.575276255607605,
0.3070360794663429,
3.340897858142853,
4.636174142360687,
1.059475690126419,
2.584584355354309,
2.1014663577079773,
1.5262508392333984,
0.912596732378006,
1.9012367725372314,
3.34597110748291,
1.280052810907364,
2.661546468734741,
1.5187406539916992,
2.0918062329292297,
0.8282895386219025,
1.4640817046165466,
1.6279581189155579,
2.095598876476288,
1.5188784897327423,
0.7134439796209335,
4.3687015771865845,
0.7341606169939041,
2.7333644032478333,
1.1233486980199814,
4.017685353755951,
2.317187190055847,
0.8472588658332825,
0.6506506353616714,
3.9008113741874695,
1.4211340248584747,
4.7568678855896,
0.24008587002754211,
4.020963609218597,
0.5949525535106659,
0.22216126322746277,
1.3975827395915985,
1.9794142246246338,
3.248971402645111,
3.8590312004089355,
1.6427512466907501,
1.5055114030838013,
1.242716908454895,
1.916033774614334,
4.123401641845703,
1.1069320887327194,
3.168589472770691,
3.9306533336639404,
1.3151733577251434,
0.841037780046463,
1.9670979678630829,
1.0131675004959106,
0.7055235654115677,
1.4048348367214203,
1.1626920104026794,
-0.22431794553995132,
0.8362127095460892,
3.6992037296295166,
1.2060564011335373,
0.5524434149265289,
1.339700073003769,
1.6272039711475372,
0.948878675699234,
1.3603581488132477,
2.0360077917575836,
2.690313756465912,
1.8511931598186493,
2.0378533005714417,
1.0149317979812622,
1.0744456201791763,
1.6357457637786865,
0.8681431412696838,
0.4330546408891678,
1.370062232017517,
0.6049015372991562,
2.0980456471443176,
1.0536953061819077,
0.5669534206390381,
1.1676627397537231,
2.277705818414688,
2.18868225812912,
0.8598897606134415,
2.2846828401088715,
2.8966420888900757,
4.207810163497925,
1.0491369664669037,
4.025923311710358,
1.582055687904358,
3.1172120571136475,
3.468882739543915,
0.4069971293210983,
1.66647270321846,
0.7231859862804413,
1.8115624785423279,
4.476581811904907,
1.5668076276779175,
0.8995361626148224,
2.3577027022838593,
0.8216005563735962,
3.421473205089569,
2.2701026499271393,
1.0419383645057678,
1.5579910576343536,
0.5713378638029099,
3.6728572845458984,
1.619604378938675,
1.8339775502681732,
0.714060589671135,
2.586260139942169,
4.073749780654907,
0.12918286956846714,
0.7649363577365875,
0.5247127637267113,
3.345262110233307,
1.1291106045246124,
1.5064598619937897,
0.977480560541153,
1.0506392270326614,
1.4138506352901459,
0.7371062785387039,
2.7179738879203796,
1.883855164051056,
4.060080647468567,
4.32342141866684,
0.9838017821311951,
1.6275317966938019,
2.450569272041321,
1.3190674781799316,
1.8781106173992157,
3.6997434496879578,
2.0114417374134064,
1.841990202665329,
3.3580973744392395,
3.242834508419037,
1.211841106414795,
0.07874246686697006,
1.5270303189754486,
1.5821057558059692,
0.26911934837698936,
0.8152429759502411,
1.2684960663318634,
2.82882958650589,
2.6673996448516846,
0.9297238290309906,
3.854697048664093,
1.2411091476678848,
2.0723767578601837,
0.34457307308912277,
1.4837272465229034,
3.9454421401023865,
1.2783607840538025,
2.200874537229538,
3.760526478290558,
3.136434555053711,
1.5026235580444336,
4.007560610771179,
2.950156033039093,
0.38331691175699234,
1.8166348338127136,
0.4661437124013901,
0.6892870366573334,
3.2481902837753296,
4.151991903781891,
0.7508870214223862,
3.0104073882102966,
3.0306491255760193,
4.000699818134308,
0.6598187237977982,
1.7899902164936066,
1.1700493842363358,
1.13674096763134,
3.438589870929718,
0.34360095858573914,
0.8601047098636627,
1.3163106143474579,
3.1498000025749207,
1.454523652791977,
2.929784655570984,
1.1776386201381683,
0.7181178778409958,
2.172286808490753,
4.789411425590515,
0.3671930357813835,
1.9337904453277588,
0.6112975254654884,
2.2253233194351196,
1.412082314491272,
0.9698143601417542,
1.0935496538877487,
1.4202317595481873,
2.054682672023773,
1.0703837871551514,
0.40017180144786835,
4.927342236042023,
1.936292052268982,
1.7041750252246857,
3.305865228176117,
2.2755327820777893,
1.0752256214618683,
1.8990947306156158,
4.146600365638733,
0.9892436861991882,
1.5099477767944336,
1.9539399445056915,
1.945900022983551,
1.6098502278327942,
3.269418179988861,
0.7429860532283783,
2.6256021857261658,
0.8414109796285629,
1.5961942076683044,
1.2591452896595001,
1.0492776334285736,
1.6870476305484772,
1.0578437149524689,
2.1659035980701447,
1.68460413813591,
1.4534388482570648,
0.4346625506877899,
0.6180942058563232,
3.8602373003959656,
1.6936038434505463,
1.0754653811454773,
0.6676594913005829,
2.921845316886902,
1.3851669430732727,
3.7624526023864746,
1.7574402689933777,
0.4709918424487114,
1.7791499197483063,
2.7691465616226196,
1.8500125408172607,
2.3257674276828766,
1.191476657986641,
0.6495030969381332,
0.7023588567972183,
1.9802434742450714,
0.7764113694429398,
1.2193858623504639,
0.30160244554281235,
1.3466185331344604,
3.891419470310211,
2.533062994480133,
2.5897806882858276,
2.4003690481185913,
3.232913017272949,
1.3167238235473633,
2.1722206473350525,
2.1569103002548218,
0.8263716101646423,
1.309637725353241,
1.1534404009580612,
1.2783752381801605,
0.17019135877490044,
1.23372420668602,
1.994873732328415,
3.4108930826187134,
1.8610309064388275,
1.1197905242443085,
1.6430869698524475,
0.264316126704216,
1.3451997935771942,
0.06540758535265923,
1.0861006379127502,
2.1566735208034515,
3.413424491882324,
1.1873432248830795,
0.38249362260103226,
3.428979814052582,
1.2226831912994385,
0.6813827902078629,
0.9814220666885376,
0.7466615736484528,
4.175941646099091,
4.89545464515686,
1.017167717218399,
1.3940276205539703,
1.8544749915599823,
2.3989054560661316,
0.9827213734388351,
1.3233116269111633,
2.21635103225708,
2.1274076402187347,
2.084389626979828,
2.0133288204669952,
0.6788378953933716,
0.4890509694814682,
0.968678668141365,
1.8335166573524475,
1.2173333764076233,
1.3587751984596252,
0.18769631162285805,
0.8543702960014343,
3.0416402220726013,
2.401018887758255,
0.887157991528511,
0.8443424850702286,
1.267029345035553,
1.8556459248065948,
1.523135006427765,
2.950487732887268,
1.3080790638923645,
3.2891392707824707,
0.077708400785923,
1.5373209118843079,
1.4327169954776764,
1.6080094873905182,
0.7739653438329697,
2.2919754683971405,
0.9649554640054703,
1.985132098197937,
-0.0027639648760668933,
3.7022730708122253,
2.2243645787239075,
0.9698487818241119,
1.1984190344810486,
1.9557388126850128,
1.617932915687561,
2.45186910033226,
0.4265444725751877,
2.053862065076828,
1.1096035689115524,
2.891704738140106,
1.7734375596046448,
1.5983441472053528,
3.3290183544158936,
1.9901986420154572,
3.033156394958496,
1.0775268077850342,
1.8671214580535889,
3.3833500742912292,
2.2662656009197235,
2.379278689622879,
1.6620120406150818,
2.94790118932724,
0.9282466769218445,
0.7044649869203568,
3.8592946529388428,
1.8406383693218231,
1.3254258036613464,
3.6946263909339905,
0.9898947924375534,
0.9874679148197174,
1.0340990126132965,
1.691756397485733,
1.4066292345523834,
1.174016073346138,
2.4273070693016052,
0.16073133796453476,
1.3837884366512299,
0.8579795807600021,
3.106214702129364,
2.8094422817230225,
3.4049156308174133,
1.355057805776596,
0.79544298350811,
0.5082809925079346,
0.5866897478699684,
1.6483913362026215,
0.9648008644580841,
1.5570147335529327,
3.5719522833824158,
1.390734314918518,
2.301042675971985,
0.37936385720968246,
0.8471706509590149,
1.3215179741382599,
4.59553062915802,
4.288327395915985,
0.7788526266813278,
1.3635899126529694,
1.220729649066925,
1.014949381351471,
3.8524991273880005,
3.138687014579773,
0.7040218263864517,
1.58578559756279,
0.48547618091106415,
2.7600497007369995,
2.1659035980701447,
3.9306336641311646,
3.4487077593803406,
1.201927289366722,
0.4007420688867569,
1.4121876657009125,
1.5380124747753143,
1.7861133813858032,
0.932532474398613,
1.0264546424150467,
4.206252098083496,
3.032480478286743,
1.0492569208145142,
2.886769473552704,
1.3904988765716553,
3.8730373978614807,
2.0994114875793457,
2.3770135641098022,
1.2188811600208282,
3.3358043432235718,
0.7694686204195023,
3.9708152413368225,
1.242111250758171,
1.8514397740364075,
1.2528319656848907,
1.3241419196128845,
2.5258690118789673,
3.7171849608421326,
1.5514956414699554,
0.886920839548111,
1.1010599881410599,
1.8970713019371033,
1.245087906718254,
1.2700329720973969,
3.9908498525619507,
1.6909810900688171,
0.8843141049146652,
2.1679118275642395,
0.28298091143369675,
0.716431513428688,
2.7073994278907776,
2.678597867488861,
1.3933894038200378,
1.128918081521988,
2.3381100594997406,
1.6005663573741913,
1.4550453424453735,
0.48945821821689606,
4.331414699554443,
4.596636891365051,
3.286271095275879,
0.5203257128596306,
0.93650221824646,
0.9452806413173676,
3.923177719116211,
3.0733126401901245,
0.8791753649711609,
0.5633950978517532,
1.322454810142517,
1.60117506980896,
2.8994235396385193,
1.9504117965698242,
1.4689116179943085,
2.822016477584839,
1.7201538383960724,
0.4731108993291855,
0.5902076885104179,
1.8387754261493683,
1.4593695104122162,
2.222999185323715,
1.1513622105121613,
1.5980364382266998,
1.4500489830970764,
1.7703738808631897,
0.7385391741991043,
0.7162265479564667,
0.8641604334115982,
4.409310221672058,
0.6228170171380043,
4.602503180503845,
2.3985208570957184,
0.6476303189992905,
2.673337757587433,
3.9017799496650696,
2.192065119743347,
1.9064833223819733,
1.266927570104599,
1.9706274569034576,
4.844096601009369,
2.6738664507865906,
3.4968671202659607,
1.0375244915485382,
0.8508835732936859,
1.3080120086669922,
2.4449728429317474,
1.5790845453739166,
1.5279695391654968,
3.7541663646698,
1.973724514245987,
1.926388442516327,
1.9381758570671082,
1.624920517206192,
0.7559051364660263,
2.287783622741699,
3.757903575897217,
1.8385396897792816,
0.7844984531402588,
1.435111165046692,
2.032763510942459,
0.9342817962169647,
1.1165669560432434,
3.1968745589256287,
1.8791347742080688,
1.8626706302165985,
2.5402551889419556,
1.1867829412221909,
2.817332148551941,
2.2184614837169647,
0.8941399306058884,
1.2232725322246552,
1.4001211524009705,
1.0167346149682999,
1.4179927110671997,
0.6979943066835403,
2.0271195471286774,
3.956671953201294,
3.054225742816925,
0.9362170100212097,
0.734015479683876,
0.8784433454275131,
1.2026683986186981,
3.4424835443496704,
4.0192291140556335,
2.385740429162979,
0.6481338292360306,
1.503313034772873,
4.076274633407593,
3.548581898212433,
2.211630940437317,
1.3696327805519104,
1.0693248361349106,
1.0697892308235168,
0.4031047970056534,
3.61179918050766,
0.7152789831161499,
1.4854677021503448,
1.887967735528946,
3.228730857372284,
4.436436593532562,
1.059189811348915,
0.7531064748764038,
0.9466645121574402,
1.2198897451162338,
0.7696977257728577,
2.337110787630081,
4.616637825965881,
1.7511814832687378,
1.2834960222244263,
1.1922574043273926,
0.7928962260484695,
0.12271236628293991,
2.0744740962982178,
2.5843504071235657,
1.4183928072452545,
1.7686368525028229,
1.3885071873664856,
0.8885665237903595,
2.7718475461006165,
1.171872466802597,
0.6197040528059006,
0.6847373396158218,
1.8168660998344421,
1.1252666264772415,
1.45797461271286,
3.4732800722122192,
1.0995110124349594,
3.2069972157478333,
2.0124362409114838,
0.9449970722198486,
0.15032757073640823,
1.40206977725029,
1.17512047290802,
1.431407481431961,
0.35704098641872406,
1.276690512895584,
2.0658516883850098,
3.2896310091018677,
4.346697926521301,
2.6911339163780212,
1.0096083581447601,
2.5361132621765137,
1.0019777715206146,
0.8804363757371902,
1.2573404610157013,
1.4602546393871307,
0.32242845743894577,
2.1512141823768616,
0.25812776759266853,
1.1384432017803192,
3.2737427949905396,
1.3686765730381012,
1.4066898822784424,
0.827094092965126,
2.296954244375229,
0.49084533005952835,
1.3175718486309052,
1.6415463387966156,
4.19852077960968,
2.3827043175697327,
2.9389145970344543,
1.7601929605007172,
2.666490375995636,
1.4136992394924164,
2.2246557474136353,
2.7671268582344055,
1.4820311963558197,
2.3904405534267426,
1.8571338057518005,
1.3002610206604004,
0.2928515337407589,
4.136800467967987,
1.1400990933179855,
2.5038376450538635,
3.032974898815155,
2.2326701879501343,
1.6610591113567352,
2.7144217491149902,
4.1117313504219055,
2.872220277786255,
1.1961283534765244,
1.5883231163024902,
0.5669598653912544,
1.5454673767089844,
1.1730911582708359,
0.7678298652172089,
3.1933438777923584,
1.921425461769104,
1.1191722005605698,
2.5294986367225647,
1.5869073569774628,
1.988646686077118,
3.7481755018234253,
1.4437620341777802,
1.3374501466751099,
2.291933596134186,
0.9979817271232605,
2.5348785519599915,
1.6641411185264587,
1.3856087625026703,
2.168561965227127,
1.6592726111412048,
1.7609216272830963,
0.5672641098499298,
1.7168895900249481,
4.494647681713104,
1.5455134212970734,
0.7788057625293732,
1.1804497241973877,
2.8320500254631042,
0.6768384575843811,
0.1131044514477253,
0.7919882237911224,
0.14852135442197323,
1.54541477560997,
1.4734995365142822,
2.4602507054805756,
0.560932382941246,
2.544173300266266,
4.889223575592041,
1.8101772665977478,
4.3004196882247925,
3.4566539525985718,
3.361983895301819,
4.948561489582062,
1.0737846791744232,
1.7879162728786469,
0.35288427025079727,
3.3702844381332397,
-0.19550226628780365,
4.010576903820038,
3.647175133228302,
0.4984346404671669,
1.3884089887142181,
2.912417948246002,
1.3083195686340332,
0.6923810392618179,
1.787392646074295,
3.1865742802619934,
3.292679488658905,
4.518859386444092,
3.550933003425598,
2.860717475414276,
3.179004192352295,
2.9915964603424072,
0.7413247227668762,
1.9379772245883942,
1.6415487229824066,
2.7991321682929993,
1.5386733412742615,
0.8253511041402817,
3.271186649799347,
1.1844738572835922,
2.874652147293091,
2.150915116071701,
2.1019653975963593,
1.3886849582195282,
2.2469906508922577,
1.3481438159942627,
1.39999657869339,
0.4617276042699814,
1.8103724718093872,
1.8938228487968445,
1.6480167210102081,
0.260335560888052,
1.3602492213249207,
1.159122809767723,
0.6553628295660019,
1.009463518857956,
1.889759600162506,
3.420940935611725,
1.9201058149337769,
3.2702255249023438,
0.44507160782814026,
1.5146622061729431,
1.723112314939499,
2.076466381549835,
3.8807865977287292,
1.7386835813522339,
1.9569727778434753,
1.687643826007843,
3.308696448802948,
2.904200255870819,
2.032223641872406,
1.150696575641632,
1.4052991569042206,
1.492728739976883,
1.841379702091217,
1.5525950491428375,
1.270904690027237,
1.2959842383861542,
1.4732551574707031,
0.4379422962665558,
2.8109583258628845,
0.9169173985719681,
1.606282889842987,
0.8118771761655807,
1.4896507561206818,
0.9556730091571808,
0.616154856979847,
0.9581556916236877,
0.8933492749929428,
1.8276773393154144,
2.0427289605140686,
1.3005255162715912,
2.146255671977997,
2.1870075166225433,
0.9652409702539444,
0.362161360681057,
1.6164664924144745,
1.3782542943954468,
2.817111015319824,
3.634367883205414,
1.2182032316923141,
3.4812158346176147,
4.188163578510284,
0.7386646419763565,
-0.17441824078559875,
1.859728991985321,
2.4398010969161987,
1.4741267263889313,
0.7632463425397873,
2.7888554334640503,
1.3467676937580109,
1.1057641357183456,
1.3881540298461914,
0.5057035014033318,
1.171090304851532,
2.4605706334114075,
1.3322705030441284,
1.808352917432785,
1.8146304786205292,
0.32873138785362244,
3.2395729422569275,
0.7196307182312012,
1.6332876682281494,
1.8294714391231537,
0.7067800313234329,
1.0824503004550934,
0.27008745819330215,
0.7544701546430588,
2.5156694650650024,
1.4181531965732574,
1.7517679929733276,
2.3090362548828125,
1.3282796740531921,
1.3188470900058746,
2.7434051036834717,
0.7440268993377686,
1.392522156238556,
2.829921543598175,
2.5090181827545166,
2.8883033990859985,
1.1802779138088226,
1.734721064567566,
0.7057370990514755,
2.857579290866852,
3.3188143372535706,
2.084374278783798,
1.248030960559845,
4.282942414283752,
0.03079864662140608,
2.042839080095291,
2.355807274580002,
2.097809910774231,
2.366703897714615,
0.8586743474006653,
1.7646586894989014,
1.259269267320633,
2.4001848697662354,
1.9292916357517242,
1.6516748070716858,
2.297390401363373,
1.1536703258752823,
1.027863472700119,
1.7862313985824585,
1.8257682025432587,
4.469194710254669,
1.4727240800857544,
0.33853329718112946,
1.2655484676361084,
1.5488466620445251,
1.690196692943573,
1.6330398619174957,
1.5694278478622437,
1.7715628445148468,
0.885378047823906,
4.6238261461257935,
2.4476557970046997,
2.3055829107761383,
4.7076305747032166,
2.0961277186870575,
0.4878518357872963,
2.446516305208206,
0.2400546707212925,
1.5355893969535828,
1.441548466682434,
2.749476134777069,
0.34103889018297195,
0.7442061603069305,
4.657221734523773,
2.6104286313056946,
1.3511626422405243