4.858922362327576,
3.8758185505867004,
4.811996519565582,
4.660806655883789,
4.423544704914093,
4.864209890365601,
4.659574031829834,
4.352940917015076,
4.891533255577087,
4.951597452163696,
4.898202419281006,
3.7056225538253784,
4.603016972541809,
4.798072576522827,
4.766883850097656,
5.0,
4.816564917564392,
4.71011608839035,
4.500108361244202,
4.41193163394928,
4.80012834072113,
4.526115953922272,
4.3204763531684875,
4.342384040355682,
4.871166348457336,
4.854991137981415,
4.820675253868103,
4.681219756603241,
4.88933652639389,
4.601179361343384,
4.831302464008331,
5.0,
4.565343260765076,
4.0762147307395935,
4.591798186302185,
4.321375787258148,
4.907357096672058,
4.767286777496338,
3.9368638396263123,
4.860296845436096,
3.8215258717536926,
4.897732734680176,
4.535013437271118,
4.45178896188736,
4.585085511207581,
3.850471079349518,
5.0,
4.923854172229767,
4.784665107727051,
3.650869131088257,
4.780849516391754,
4.666513502597809,
4.601414799690247,
4.984511733055115,
4.12988543510437,
4.954702854156494,
4.45781409740448,
5.0,
4.906439185142517,
4.330296218395233,
4.715791940689087,
4.436681866645813,
4.7185686230659485,
4.5238155126571655,
4.314028322696686,
4.4636136293411255,
4.232645928859711,
4.5892223715782166,
4.881218075752258,
4.994148313999176,
5.000000596046448,
4.728893935680389,
4.748779535293579,
4.843762516975403,
4.493180215358734,
4.6190983057022095,
4.880289137363434,
4.707638621330261,
4.693024158477783,
4.87783282995224,
4.819726943969727,
4.718236923217773,
4.836954176425934,
4.717419445514679,
5.0,
4.646719694137573,
4.535422325134277,
4.571961462497711,
3.263997435569763,
4.3890053033828735,
3.157736361026764,
4.910789430141449,
4.749654531478882,
4.114396870136261,
4.391107857227325,
4.9838438630104065,
4.216955304145813,
4.202804267406464,
4.871424436569214,
4.4638678431510925,
4.380989074707031,
4.827331900596619,
4.617206156253815,
4.712492525577545,
4.4907742738723755,
4.509602189064026,
4.5900121331214905,
4.728073179721832,
4.131669402122498,
4.779227375984192,
4.902738630771637,
4.507651925086975,
4.347617924213409,
4.475551545619965,
4.860871434211731,
5.000000596046448,
4.483892023563385,
4.067973792552948,
3.6934149265289307,
4.727636277675629,
4.863056838512421,
4.961371123790741,
4.649624824523926,
4.538913369178772,
3.4030726552009583,
3.5895931720733643,
4.71123993396759,
4.742509424686432,
4.520207047462463,
4.004163146018982,
4.441993534564972,
4.100477397441864,
4.874400496482849,
4.6657028794288635,
4.163558185100555,
2.909945845603943,
3.465135097503662,
4.601448178291321,
4.668218791484833,
4.6376097202301025,
4.365172386169434,
3.932904601097107,
4.485903084278107,
3.4919366240501404,
4.194132387638092,
4.87571656703949,
4.5706707239151,
4.4373586773872375,
4.707804918289185,
4.837303459644318,
3.078514039516449,
4.081687331199646,
4.909318685531616,
4.594753980636597,
4.737901091575623,
3.6770400404930115,
4.5286718010902405,
4.540983140468597,
4.850181937217712,
4.79188472032547,
4.4313547015190125,
4.6130406856536865,
4.012642204761505,
2.681209146976471,
4.660229980945587,
4.6291327476501465,
4.895730018615723,
4.851616024971008,
4.790376722812653,
3.9744004607200623,
4.256954491138458,
4.936905205249786,
4.792121052742004,
4.462384283542633,
4.458968937397003,
4.2883142828941345,
4.8504456877708435,
4.142728745937347,
4.8893168568611145,
4.266833066940308,
4.078794419765472,
4.342111945152283,
4.724792242050171,
4.0183815360069275,
4.532423615455627,
4.636063575744629,
3.5863563418388367,
3.7127387523651123,
4.112588465213776,
4.423324465751648,
3.530287742614746,
4.554510712623596,
4.596232175827026,
4.8592570424079895,
3.565185070037842,
4.627240896224976,
4.499827027320862,
4.6934497356414795,
4.867701530456543,
4.026315212249756,
4.433013200759888,
4.545412063598633,
3.821404278278351,
2.963487207889557,
3.3250826597213745,
4.896105229854584,
4.122067093849182,
3.5514500737190247,
4.319359362125397,
4.1720229387283325,
4.390334784984589,
3.9427536725997925,
4.049941003322601,
4.638884663581848,
4.527459740638733,
4.645272493362427,
3.9876583218574524,
4.310439825057983,
4.761631488800049,
4.138714075088501,
4.501915276050568,
4.378107786178589,
3.489377200603485,
3.6934149265289307,
4.810732007026672,
4.7081685066223145,
4.307654500007629,
4.38352644443512,
3.7336254119873047,
4.915148913860321,
4.774190783500671,
4.073268175125122,
3.767858147621155,
3.665798306465149,
4.952053427696228,
4.246039986610413,
4.113913476467133,
4.290671348571777,
4.49471652507782,
4.0856099128723145,
3.6728638410568237,
4.6840900182724,
4.788045287132263,
3.3681100606918335,
4.482244253158569,
3.9534103870391846,
4.298969805240631,
3.0445581674575806,
3.8702642917633057,
4.894247651100159,
4.673556089401245,
4.687482118606567,
4.3071481585502625,
4.814400672912598,
4.087075591087341,
3.973037004470825,
4.190951287746429,
3.726266324520111,
3.119339346885681,
3.205179274082184,
3.559950888156891,
4.893597960472107,
3.8551905751228333,
4.308578073978424,
4.225424826145172,
4.222825467586517,
4.507912993431091,
4.2262038588523865,
4.501766562461853,
3.641337752342224,
3.077889382839203,
4.694904983043671,
3.6607837677001953,
4.256812036037445,
4.535445868968964,
4.0981146693229675,
4.008284211158752,
3.0780982971191406,
4.182962775230408,
4.1764092445373535,
3.2483750581741333,
4.26457017660141,
4.644882082939148,
3.648260235786438,
4.718713462352753,
4.759049713611603,
3.9377361536026,
4.276199638843536,
3.5734105110168457,
4.052127301692963,
3.879111111164093,
3.3749833703041077,
3.972957730293274,
3.8686245679855347,
4.227219820022583,
4.523445665836334,
3.900217115879059,
4.2182862758636475,
3.950130343437195,
3.742119073867798,
3.3900535106658936,
3.208193778991699,
4.44595605134964,
4.699456095695496,
4.236864745616913,
4.586536884307861,
3.2425248622894287,
2.8549662232398987,
4.177711308002472,
3.6407530307769775,
4.751306176185608,
4.904692471027374,
3.8265040516853333,
3.8300535082817078,
3.432430326938629,
3.609672784805298,
3.083369731903076,
4.303254187107086,
2.0227427780628204,
4.5746347308158875,
4.28333967924118,
3.345770239830017,
4.747298061847687,
4.40981924533844,
3.5735973715782166,
3.289148509502411,
4.076091051101685,
3.1550803780555725,
4.582156240940094,
4.739627540111542,
4.5393577218055725,
4.909813106060028,
4.436420798301697,
4.384472370147705,
4.432289302349091,
3.44884991645813,
4.72683846950531,
4.672858119010925,
4.536674320697784,
4.420945644378662,
4.4028472900390625,
3.7081199884414673,
4.096449911594391,
4.025034010410309,
4.667036533355713,
4.639005064964294,
3.5329580307006836,
4.047873616218567,
3.8048818707466125,
3.937864899635315,
4.42126601934433,
4.49425607919693,
4.745931029319763,
3.965367078781128,
4.008247256278992,
4.199327826499939,
4.718214571475983,
4.376651048660278,
3.8328322768211365,
4.268389344215393,
3.867078721523285,
3.4615558385849,
4.233629405498505,
4.292983412742615,
1.8345177173614502,
3.838411867618561,
3.6750704050064087,
3.451058268547058,
4.462772607803345,
4.060173034667969,
3.7147721648216248,
3.218908905982971,
2.7312278747558594,
4.6678948402404785,
4.633459448814392,
4.810994863510132,
4.912577569484711,
4.516570270061493,
3.2399189472198486,
3.7870070338249207,
3.6935120820999146,
4.706695377826691,
4.509285390377045,
4.571477174758911,
4.273129999637604,
4.1809386014938354,
2.747296392917633,
4.031661748886108,
4.448823034763336,
4.126186966896057,
4.4419920444488525,
4.133742451667786,
3.1430691480636597,
4.824308753013611,
3.753020763397217,
4.301267564296722,
4.395441114902496,
2.768029272556305,
3.196398615837097,
4.489087462425232,
3.8006427884101868,
2.4605272710323334,
2.9376479983329773,
4.332006871700287,
4.155348837375641,
4.559791684150696,
4.247452020645142,
2.720993459224701,
4.512139558792114,
4.593828618526459,
4.548268914222717,
3.2337355613708496,
3.81654292345047,
3.4300896525382996,
3.5253241658210754,
3.6220398545265198,
3.942353129386902,
3.3662495017051697,
4.212774634361267,
3.6057910323143005,
4.24387514591217,
3.3526480197906494,
3.2089558243751526,
2.863224148750305,
3.643176555633545,
3.870306611061096,
3.63223135471344,
4.21137809753418,
4.621914923191071,
2.4737170338630676,
4.018880128860474,
4.009413719177246,
3.8491374254226685,
3.397592008113861,
4.038024544715881,
3.309863805770874,
3.499113619327545,
3.8416481018066406,
3.848249614238739,
4.582499563694,
3.2707345485687256,
4.574840664863586,
3.9314597845077515,
3.996559977531433,
4.018062055110931,
3.493410050868988,
3.740580976009369,
4.341529607772827,
4.490558207035065,
2.2244030237197876,
4.614908397197723,
4.790498912334442,
3.2250559329986572,
4.0989768505096436,
4.084126949310303,
4.706508815288544,
4.001746773719788,
2.743213176727295,
2.6237040758132935,
3.6994200944900513,
3.7254539132118225,
3.0802983045578003,
4.079341292381287,
1.8085284531116486,
3.791113495826721,
4.002318978309631,
3.3061349391937256,
3.7423402070999146,
4.891447126865387,
3.861812651157379,
3.670417368412018,
3.9452600479125977,
4.677370190620422,
4.615222811698914,
4.04020220041275,
1.8462055921554565,
4.546352922916412,
3.7806832790374756,
3.405557870864868,
3.2769203186035156,
3.0852878093719482,
3.826618194580078,
4.773707091808319,
3.1616678833961487,
2.518850266933441,
3.4851887822151184,
3.9866405725479126,
3.722080886363983,
4.014401435852051,
3.5949626564979553,
3.6141884326934814,
3.19290429353714,
3.2198724150657654,
3.2311126589775085,
3.7094131112098694,
4.263116717338562,
3.741776943206787,
4.247828722000122,
4.361318945884705,
3.2474535703659058,
2.60820209980011,
3.3265557885169983,
2.4198520183563232,
4.524491131305695,
3.2781389355659485,
3.8130319118499756,
3.6463257670402527,
3.2246270775794983,
3.6714404821395874,
4.469974040985107,
4.09134179353714,
4.7132304310798645,
3.31605464220047,
3.624783754348755,
3.6435467004776,
3.7588289380073547,
4.041454493999481,
4.389517903327942,
2.9491984844207764,
3.2938212156295776,
3.654354512691498,
2.5551286339759827,
4.677744805812836,
4.030810594558716,
4.621706306934357,
3.475791811943054,
2.822790741920471,
3.8752830028533936,
3.428637683391571,
3.207617998123169,
2.5476402044296265,
3.844042122364044,
3.0988577008247375,
3.2610133290290833,
2.478860020637512,
3.669991195201874,
3.407842516899109,
4.564821124076843,
3.5259979963302612,
4.7450947761535645,
2.910236418247223,
3.111395835876465,
2.215826064348221,
2.4194306135177612,
3.246379792690277,
4.387185275554657,
3.382055163383484,
2.8968286514282227,
4.0065500140190125,
4.4330894947052,
4.338278770446777,
3.5505327582359314,
4.687966406345367,
3.705553710460663,
4.4141241908073425,
4.550550580024719,
3.2658490538597107,
3.4443041682243347,
4.80571985244751,
3.8189342617988586,
3.9559918642044067,
4.462175965309143,
3.512347638607025,
4.314481019973755,
3.64825576543808,
4.2177364230155945,
2.9550352692604065,
4.040422439575195,
3.9307615160942078,
3.657921254634857,
2.4640633165836334,
3.4850355982780457,
2.5196388363838196,
3.296690285205841,
4.283753037452698,
3.975464701652527,
2.4685700237751007,
4.596542119979858,
3.3079931139945984,
3.0742189288139343,
3.7541893124580383,
3.5351580381393433,
4.338190257549286,
3.5846424102783203,
3.853253722190857,
2.671041786670685,
3.839249610900879,
3.4016048908233643,
3.678392469882965,
4.082421362400055,
3.503013253211975,
3.4456825256347656,
3.3509519696235657,
3.949955105781555,
3.208071291446686,
2.945113182067871,
2.011105567216873,
1.8763388693332672,
3.7843379378318787,
2.4030661582946777,
3.4495139122009277,
2.960103750228882,
3.1623411178588867,
3.0586525797843933,
3.8041600584983826,
2.718912959098816,
3.8390517234802246,
2.6597118377685547,
3.874046206474304,
3.300102949142456,
1.940608024597168,
3.047584891319275,
2.729138135910034,
4.03211772441864,
3.6661124229431152,
3.1661486625671387,
3.8903075456619263,
2.7405449748039246,
4.135307967662811,
2.6158559322357178,
3.0461475253105164,
1.8040312826633453,
3.55233371257782,
4.133236110210419,
2.330259084701538,
4.102509617805481,
1.6396377980709076,
3.8641726970672607,
4.07511293888092,
3.087890148162842,
4.8082950711250305,
2.3171478509902954,
3.0797162652015686,
2.8604501485824585,
1.723504662513733,
3.968747854232788,
2.1419204771518707,
2.314920276403427,
3.260001242160797,
3.114921748638153,
3.6960887908935547,
4.041377007961273,
3.391473889350891,
2.9544618725776672,
3.630026876926422,
2.855457067489624,
4.17027473449707,
3.7066245079040527,
2.688760757446289,
3.255622088909149,
3.4977102279663086,
3.5997873544692993,
3.114345371723175,
4.158613383769989,
2.702541947364807,
4.0560004115104675,
1.8893574178218842,
2.5439098477363586,
4.453835487365723,
1.8922506272792816,
2.922118604183197,
4.382239282131195,
2.719421088695526,
4.035389721393585,
2.830357849597931,
3.4627270698547363,
4.597828388214111,
1.9636724889278412,
3.632032871246338,
2.7242064476013184,
3.4204545617103577,
3.1348785758018494,
2.915832996368408,
3.7206023931503296,
3.702942132949829,
3.649313449859619,
2.9754984378814697,
3.750329315662384,
3.9668098092079163,
2.830934524536133,
3.097137212753296,
2.907242476940155,
2.258535772562027,
3.4465020895004272,
3.968416154384613,
4.380954205989838,
2.743127942085266,
3.4081995487213135,
3.378966748714447,
2.2885505855083466,
2.2328555583953857,
2.2213535010814667,
2.5308310985565186,
4.192423522472382,
3.104323148727417,
3.1106922030448914,
3.637722432613373,
4.030907154083252,
3.3507436513900757,
2.1691547334194183,
2.350313663482666,
3.095637261867523,
3.0480632185935974,
2.241693288087845,
4.852820038795471,
1.7493432760238647,
3.2088950276374817,
3.5428571701049805,
3.28482449054718,
1.3948142528533936,
4.058941602706909,
3.677026331424713,
4.184400737285614,
2.873634994029999,
3.7997788190841675,
2.5584402680397034,
3.3269694447517395,
2.124055027961731,
4.168505370616913,
3.056192994117737,
2.6795396208763123,
3.532934784889221,
4.416933059692383,
2.4880848824977875,
3.9374983310699463,
3.088354468345642,
2.1876168251037598,
2.2105053067207336,
2.8604644536972046,
2.7405747771263123,
3.4854230284690857,
3.858484625816345,
2.44247704744339,
2.8014540672302246,
2.546609044075012,
3.8518026471138,
1.8448661267757416,
2.592354118824005,
3.474317789077759,
3.643086552619934,
4.432919025421143,
3.3214780688285828,
3.5943493247032166,
2.6859846711158752,
3.7353381514549255,
3.9836835861206055,
3.5663381218910217,
2.5144734978675842,
2.753099799156189,
2.998034358024597,
3.5360273718833923,
3.7108293175697327,
2.8683283925056458,
1.972697675228119,
2.9001468420028687,
2.7057331800460815,
3.501059412956238,
3.4482541680336,
2.9969868063926697,
3.5508108139038086,
3.1488999724388123,
2.555984854698181,
2.302432954311371,
3.095654249191284,
2.7858766913414,
2.0341378450393677,
2.4591585993766785,
3.788624405860901,
3.83497953414917,
2.376047968864441,
3.299734592437744,
0.6377770006656647,
3.6286911368370056,
3.201166093349457,
3.026205003261566,
2.1977926790714264,
3.7837445735931396,
3.3392170071601868,
3.4876057505607605,
2.9483094811439514,
3.0906403064727783,
1.53612419962883,
3.0676713585853577,
2.6759326457977295,
3.7173739075660706,
2.9293274879455566,
4.373842179775238,
2.016768902540207,
2.379092425107956,
3.110038638114929,
2.81619131565094,
3.4719181060791016,
3.2780417799949646,
2.407112419605255,
3.66639643907547,
4.764517843723297,
4.59656685590744,
4.168694913387299,
3.9072656631469727,
3.4352076053619385,
4.84403669834137,
4.49989378452301,
4.959478974342346,
4.539439380168915,
4.6325042843818665,
4.715847373008728,
4.61376279592514,
5.0,
4.335455596446991,
4.1567763686180115,
3.490314781665802,
5.000000596046448,
4.681615829467773,
2.746662199497223,
3.6100929975509644,
4.892292022705078,
3.8632789254188538,
3.895188868045807,
4.928379952907562,
4.8508420586586,
2.6005733013153076,
4.820709824562073,
3.7774229049682617,
4.04674232006073,
4.64061439037323,
3.681642711162567,
4.838115572929382,
3.142394721508026,
4.11089152097702,
2.9675236344337463,
2.18135803937912,
4.6191006898880005,
3.428887724876404,
4.9514564871788025,
4.2869555950164795,
4.769957661628723,
3.9628970623016357,
3.642451763153076,
2.7533870935440063,
4.716295301914215,
4.538397192955017,
4.153095781803131,
3.5058054327964783,
3.728454113006592,
2.9555195569992065,
3.8485848903656006,
4.588943123817444,
4.357160925865173,
4.349139928817749,
4.483752548694611,
4.393969476222992,
4.3958282470703125,
3.6936774849891663,
4.845969974994659,
3.397248685359955,
3.8087454438209534,
3.332696259021759,
4.751656651496887,
4.830881655216217,
4.784101247787476,
4.805208444595337,
1.5110757946968079,
2.431074380874634,
3.6447831988334656,
4.413942396640778,
4.152678847312927,
4.198000729084015,
3.775648772716522,
3.9543935656547546,
4.692900478839874,
2.7339449524879456,
4.236903488636017,
4.753076136112213,
4.512059986591339,
4.809538125991821,
4.015523195266724,
3.7725186347961426,
3.8079223036766052,
3.2548344135284424,
4.50269341468811,
4.20939713716507,
4.297218322753906,
4.340815246105194,
4.375696778297424,
4.353063404560089,
1.4551778137683868,
1.4718297123908997,
2.981726825237274,
3.52945476770401,
4.788166880607605,
3.066544830799103,
2.322342097759247,
2.428862452507019,
3.959057331085205,
3.644728362560272,
2.3921656608581543,
4.620039761066437,
4.503034353256226,
2.6279333233833313,
3.863920569419861,
4.703007340431213,
4.07417356967926,
4.461392462253571,
4.657363593578339,
4.2380160093307495,
4.376078248023987,
4.74546879529953,
3.3595597743988037,
4.15715217590332,
3.4398719668388367,
3.0345365405082703,
3.729104697704315,
1.5414899587631226,
3.023422062397003,
4.2423999309539795,
3.244999349117279,
3.4352290630340576,
4.679763317108154,
3.769373297691345,
3.673427104949951,
3.490101397037506,
2.791684567928314,
3.7464216351509094,
2.495470941066742,
4.077791273593903,
3.0675873160362244,
3.814474642276764,
3.8294458389282227,
3.758440911769867,
4.487627148628235,
4.175155162811279,
4.153612554073334,
4.0081992745399475,
3.8345691561698914,
3.5618028044700623,
3.264445662498474,
3.189820647239685,
3.786536157131195,
2.4917860329151154,
4.499754011631012,
2.6737093925476074,
2.148183137178421,
3.666854202747345,
1.9869937002658844,
3.4728220105171204,
4.255372881889343,
4.079866111278534,
2.86134272813797,
2.3569169640541077,
3.5104501247406006,
3.8361313939094543,
3.983716368675232,
3.619261085987091,
4.365807771682739,
4.061097502708435,
3.932247757911682,
4.593424499034882,
2.495269924402237,
1.8285457789897919,
4.653070867061615,
3.377692401409149,
4.525092244148254,
4.253783822059631,
4.2877620458602905,
4.777778685092926,
2.8438857197761536,
3.389354646205902,
2.8764110803604126,
1.4664942026138306,
4.297400116920471,
3.3365440368652344,
3.7523558735847473,
4.079713523387909,
1.9656100869178772,
4.584099650382996,
3.7081357836723328,
4.513352811336517,
4.251971542835236,
4.362137019634247,
2.7947762608528137,
3.329784870147705,
3.541630506515503,
2.820802330970764,
3.807417154312134,
3.982042968273163,
2.2866348922252655,
2.8087276220321655,
4.1593629121780396,
4.165067970752716,
2.997440993785858,
3.8272395730018616,
3.265264928340912,
4.668038189411163,
3.0161654949188232,
1.8480592966079712,
3.783411979675293,
3.8219311833381653,
2.938011884689331,
3.2396969199180603,
3.793889880180359,
3.2421934604644775,
3.699069619178772,
4.664442539215088,
2.2126491367816925,
2.7913931012153625,
2.3616820573806763,
3.996329605579376,
4.205390214920044,
2.9587695002555847,
2.8632715344429016,
2.4038702249526978,
3.2480019330978394,
3.532857596874237,
4.039420485496521,
3.5332927107810974,
3.4418845176696777,
3.4409236907958984,
3.036506474018097,
3.7067055702209473,
3.609760105609894,
3.066459000110626,
3.897785246372223,
4.711365103721619,
3.325710892677307,
3.0402955412864685,
1.9599588215351105,
3.7710702419281006,
2.861523926258087,
3.050832450389862,
2.1016235649585724,
2.49955877661705,
3.751935064792633,
4.603697657585144,
3.4089386463165283,
3.503347933292389,
2.47919961810112,
3.6262542009353638,
2.8530237078666687,
1.5363354980945587,
1.4101596176624298,
4.784492552280426,
2.4966494739055634,
3.592839241027832,
2.3702412843704224,
3.47552090883255,
3.979255259037018,
2.626170814037323,
3.287864625453949,
2.0305655896663666,
3.1573736667633057,
4.082899987697601,
4.250354468822479,
1.9233903288841248,
2.7926769852638245,
3.2806727290153503,
3.3232223987579346,
2.586066424846649,
2.627933919429779,
3.9747649431228638,
2.704296112060547,
3.673293888568878,
3.6992087960243225,
2.338004410266876,
2.9040107131004333,
4.466792941093445,
2.0113246142864227,
3.3233878016471863,
3.9947956800460815,
2.718532681465149,
4.337949454784393,
3.0533120036125183,
2.9327529668807983,
3.3865103125572205,
4.686209261417389,
2.621338665485382,
0.7805036753416061,
2.134355902671814,
4.642651379108429,
3.766121566295624,
2.8982535004615784,
1.9662070274353027,
2.9922497272491455,
4.510741233825684,
4.843859672546387,
2.3137766122817993,
4.229598641395569,
3.5224616527557373,
1.8492445349693298,
2.3808617889881134,
3.1597259640693665,
2.7622103691101074,
3.3476251363754272,
2.1012435853481293,
3.5584622621536255,
3.6306044459342957,
4.491490721702576,
3.257540464401245,
2.76629239320755,
3.094843327999115,
2.6266226172447205,
2.721202075481415,
3.799387812614441,
2.4824170768260956,
4.482028484344482,
4.32174026966095,
2.915354371070862,
4.105837941169739,
1.9181257486343384,
2.35089972615242,
2.9776713252067566,
2.2369810938835144,
4.074693322181702,
1.1626140028238297,
1.7345069348812103,
2.2306476533412933,
2.9962846636772156,
3.2666894793510437,
2.713764011859894,
3.5551974177360535,
2.6521646976470947,
3.4648245573043823,
1.90982386469841,
3.026287257671356,
2.002921998500824,
2.432567924261093,
4.133630692958832,
3.2219749689102173,
3.7018492817878723,
2.73369699716568,
3.6119291186332703,
3.5273155570030212,
2.3924939334392548,
2.341715395450592,
2.5913605093955994,
3.1706267595291138,
4.006839692592621,
2.4306556582450867,
3.123142123222351,
2.78482586145401,
3.226723074913025,
2.7267593145370483,
2.6577365398406982,
3.819711208343506,
3.491787612438202,
2.9348477721214294,
2.92201966047287,
2.5264596939086914,
3.641939163208008,
1.597466766834259,
2.491118311882019,
3.9593657851219177,
1.976303607225418,
3.636119067668915,
1.9866631925106049,
3.0167439579963684,
2.9716598987579346,
3.2689037919044495,
3.058326244354248,
2.6899945735931396,
2.707027792930603,
3.5707783699035645,
3.39758038520813,
1.2198065221309662,
2.8220275044441223,
2.400403618812561,
1.9757142663002014,
1.5884269773960114,
2.292148768901825,
1.4887087047100067,
3.067522644996643,
0.8096109330654144,
2.440105378627777,
3.2199320197105408,
3.2596641778945923,
3.0476391315460205,
2.35822930932045,
1.7434114217758179,
1.7087696492671967,
2.252511829137802,
1.9484935700893402,
2.462403327226639,
1.4695067703723907,
3.485703468322754,
3.513577878475189,
2.0685185492038727,
4.425836503505707,
3.302548825740814,
3.5950976610183716,
1.1562098562717438,
1.565982699394226,
2.885824143886566,
2.564292848110199,
2.092212438583374,
3.243062198162079,
3.285590708255768,
2.3124122619628906,
2.839655578136444,
3.765253722667694,
2.9818233847618103,
1.448168307542801,
2.9901832342147827,
4.067613184452057,
2.987370789051056,
3.0292418599128723,
3.809645175933838,
2.288522869348526,
3.3694353699684143,
2.4902205169200897,
2.228115499019623,
2.912207841873169,
3.56018990278244,
2.0489169657230377,
2.948800027370453,
2.770964801311493,
2.23428413271904,
3.2459482550621033,
3.124834895133972,
3.2397818565368652,
4.254424571990967,
2.345069944858551,
2.2702807188034058,
3.8626885414123535,
1.5634125471115112,
4.407391846179962,
3.8517892360687256,
2.061668485403061,
3.201308846473694,
2.1416831016540527,
2.95576274394989,
1.57921701669693,
3.360024094581604,
1.766914576292038,
2.796052098274231,
2.6317182183265686,
2.6298701763153076,
2.2129306197166443,
2.152082473039627,
2.3637376725673676,
3.492894172668457,
1.8871459364891052,
2.9962345957756042,
2.2055314481258392,
3.139176666736603,
1.8791379034519196,
1.5422479808330536,
1.7307864129543304,
2.3428042232990265,
1.2035313248634338,
2.214213013648987,
2.637590765953064,
1.7627690732479095,
2.532239556312561,
1.6987723112106323,
2.715415060520172,
3.1567364931106567,
3.8271871209144592,
2.79591828584671,
2.840157449245453,
2.344691753387451,
2.067364454269409,
0.969187542796135,
2.3869404196739197,
2.620268762111664,
2.4041877686977386,
2.9663029313087463,
2.836272418498993,
1.0807817429304123,
2.7725985646247864,
1.9360104203224182,
1.263672113418579,
3.0513110756874084,
2.926546037197113,
2.5606942176818848,
2.747139036655426,
2.5020721554756165,
1.5675421059131622,
2.187044620513916,
1.0654448717832565,
2.081937938928604,
1.9140861928462982,
2.5764811038970947,
2.323935627937317,
2.6312336325645447,
4.363490343093872,
3.317417800426483,
2.110740840435028,
2.771749198436737,
1.901962012052536,
2.8014323115348816,
3.1221961975097656,
1.807790994644165,
3.5368287563323975,
1.5949171781539917,
2.8714969754219055,
0.8438410609960556,
1.4802850782871246,
3.3698058128356934,
3.815668225288391,
4.065585732460022,
0.29462413862347603,
1.231045052409172,
2.6348817348480225,
1.5629245340824127,
0.019680808763951063,
1.8562494218349457,
0.7269521057605743,
2.4877065420150757,
1.946772038936615,
1.2715382874011993,
1.3133825361728668,
1.6515550017356873,
1.179635003209114,
1.7398662865161896,
2.9097911715507507,
0.6071743741631508,
1.243114024400711,
2.4556924402713776,
1.7052224278450012,
1.0940901935100555,
2.4701087176799774,
2.8605106472969055,
1.8895937502384186,
3.4384363889694214,
2.289564460515976,
1.0296248644590378,
1.8198515474796295,
2.7170556783676147,
2.241472750902176,
1.377362459897995,
2.743668258190155,
2.834659516811371,
1.6219255328178406,
1.5819989144802094,
1.5275780856609344,
1.456943303346634,
2.1221761405467987,
2.4525588750839233,
2.260517179965973,
2.044518291950226,
2.008991688489914,
2.6436665654182434,
0.3017742186784744,
1.0646845400333405,
1.439567357301712,
0.5387289822101593,
2.127295285463333,
2.0253321528434753,
0.9612555801868439,
2.927493155002594,
1.745983064174652,
3.186047077178955,
1.9391261041164398,
2.8575795888900757,
2.2001078724861145,
1.2138232588768005,
3.1434717774391174,
1.9712632894515991,
1.2327393889427185,
0.599142275750637,
1.3499821722507477,
1.9110189378261566,
1.9725307822227478,
1.1223942041397095,
1.879626214504242,
0.8063218742609024,
0.7378435879945755,
2.4368123710155487,
1.5649241209030151,
2.276243716478348,
2.7405399084091187,
2.028360366821289,
2.558256983757019,
2.6851963996887207,
0.9717530757188797,
2.1991489827632904,
1.781214326620102,
1.9229574501514435,
1.2388383597135544,
1.9392940402030945,
1.3224394619464874,
1.5525315701961517,
2.3351797461509705,
2.403295934200287,
0.4931316152215004,
1.885516345500946,
1.4034582674503326,
0.9047339856624603,
2.48961478471756,
0.9731022268533707,
2.619779407978058,
1.4881367981433868,
0.7375475019216537,
1.1361191421747208,
2.0395146310329437,
1.2269391864538193,
2.5958260893821716,
2.224552482366562,
3.171347975730896,
2.377559244632721,
1.6798992455005646,
1.9985391199588776,
2.127978950738907,
0.47619521617889404,
0.9047620743513107,
2.40887850522995,
1.0651447623968124,
1.8537475168704987,
2.088262140750885,
1.0884568095207214,
1.3631601631641388,
0.40185950696468353,
1.9106240570545197,
1.0675080120563507,
2.458343505859375,
1.5017804503440857,
2.6750370860099792,
2.723432779312134,
2.096032202243805,
0.9893272817134857,
0.8516979962587357,
1.1922912299633026,
0.6766747683286667,
2.2871877253055573,
0.5116394907236099,
1.3571067154407501,
0.926181972026825,
1.6852803528308868,
0.8651593327522278,
0.594918504357338,
1.9046269357204437,
1.8803836405277252,
2.4980783462524414,
1.6299325227737427,
0.8750194311141968,
1.2334990501403809,
2.0288561284542084,
1.7315967381000519,
0.7066280394792557,
0.9789925813674927,
2.8433364629745483,
1.9839829206466675,
1.082867756485939,
1.4224636554718018,
1.8026608228683472,
1.0868941992521286,
1.7982196807861328,
1.707044094800949,
2.4075496196746826,
1.6610820591449738,
2.3299145698547363,
2.402501404285431,
2.231232225894928,
0.7357301563024521,
1.9286927580833435,
1.071685403585434,
0.47501347959041595,
0.57723268866539,
2.137782871723175,
0.7865938544273376,
0.06968297064304352,
1.3914233446121216,
0.5220897123217583,
2.9641789197921753,
1.6195762157440186,
1.3341189920902252,
2.3062188923358917,
0.4926084727048874,
1.5217006206512451,
1.9612760841846466,
1.011040210723877,
1.7154411971569061,
0.8980374783277512,
2.209530472755432,
1.8708136677742004,
1.3182248175144196,
2.07027405500412,
0.3037104196846485,
1.2538737058639526,
1.424282044172287,
1.6592426598072052,
1.4969684183597565,
1.4829280972480774,
3.3209848403930664,
1.6311563551425934,
0.012257740600034595,
0.41092175990343094,
3.359331488609314,
0.8214123547077179,
0.5588879808783531,
0.8149527013301849,
2.981671690940857,
3.0647411942481995,
0.1585753634572029,
0.914696529507637,
0.45884519815444946,
1.8706026673316956,
3.5678595304489136
