3.2891467213630676,
4.513048529624939,
2.181970030069351,
2.0616838335990906,
3.86969655752182,
3.8331544399261475,
2.738960087299347,
4.201105535030365,
4.897640645503998,
3.838423788547516,
3.2299888134002686,
3.089257776737213,
3.368833065032959,
3.289443552494049,
2.6767265796661377,
2.6895347237586975,
2.9095646739006042,
2.958865165710449,
4.5920902490615845,
4.400614500045776,
4.903408586978912,
4.329095184803009,
2.642482817173004,
4.903408586978912,
2.2247935831546783,
3.3502542972564697,
4.93267297744751,
4.975964725017548,
2.9542094469070435,
4.770806729793549,
3.1595078110694885,
2.6865994930267334,
4.116807579994202,
2.979603409767151,
3.2547923922538757,
2.4433135986328125,
4.765011370182037,
3.2934758067131042,
3.9469191431999207,
1.9402334094047546,
4.714956283569336,
3.2596486806869507,
3.29056054353714,
3.0259105563163757,
3.8143178820610046,
2.3913295567035675,
1.9286595284938812,
4.852342009544373,
2.582598924636841,
2.7128466963768005,
2.150888442993164,
3.7354013323783875,
2.8312093019485474,
0.8983074873685837,
4.816621840000153,
4.398621916770935,
1.5151873230934143,
2.6102492213249207,
3.242897391319275,
4.482774436473846,
3.0291643738746643,
3.5044941306114197,
2.639952301979065,
4.303951859474182,
3.3587059378623962,
0.6622982770204544,
4.785489439964294,
4.096691012382507,
2.8555700182914734,
3.3201494812965393,
2.6826301217079163,
2.6612070202827454,
4.286201894283295,
2.765229046344757,
4.382888376712799,
3.468885123729706,
3.615698218345642,
0.48892442137002945,
2.9063937067985535,
4.048965871334076,
4.28377628326416,
3.455536663532257,
4.85548734664917,
4.41161721944809,
4.648677110671997,
2.4738791584968567,
4.765011370182037,
2.37037256360054,
3.824414610862732,
3.5291197896003723,
0.5306249111890793,
4.5903480052948,
2.985609471797943,
2.136428654193878,
4.330495297908783,
2.2360195219516754,
4.6325066685676575,
3.0781030654907227,
3.01920622587204,
4.789429306983948,
4.63103324174881,
2.1454524993896484,
2.5666087865829468,
2.1655885875225067,
4.412110447883606,
2.836787700653076,
2.065204083919525,
4.401590824127197,
3.2572513818740845,
3.9722537994384766,
2.9688113927841187,
1.380578726530075,
3.9613261818885803,
2.6578348875045776,
0.8246386796236038,
3.289443552494049,
4.324057102203369,
3.54575514793396,
4.188697934150696,
4.357085227966309,
2.9738792777061462,
2.5458136200904846,
4.155724942684174,
3.12545508146286,
3.5087162256240845,
1.1331907659769058,
3.184076249599457,
4.375493228435516,
4.555618464946747,
2.4444010853767395,
3.497571349143982,
3.9116069674491882,
4.102026522159576,
4.526503086090088,
4.806931018829346,
3.681594431400299,
2.871905267238617,
4.513909220695496,
4.240436255931854,
3.7506666779518127,
2.2888797521591187,
4.903408586978912,
3.876592218875885,
3.3247533440589905,
2.8820040822029114,
2.0858249068260193,
4.915889799594879,
3.642897307872772,
4.941189289093018,
3.025922179222107,
2.985609471797943,
3.0320394039154053,
4.466832280158997,
3.3153310418128967,
4.743762910366058,
3.37803453207016,
2.539757192134857,
4.26400750875473,
4.769393503665924,
4.039693474769592,
3.359157145023346,
3.711734116077423,
0.0008583629096392542,
4.273167550563812,
2.582598924636841,
4.8134845495224,
4.694404900074005,
4.762541353702545,
0.8280140161514282,
3.2744386792182922,
2.6015841960906982,
2.814156711101532,
3.3587059378623962,
3.1526920199394226,
4.440841972827911,
4.1588082909584045,
1.112164556980133,
1.9927003979682922,
4.588830471038818,
3.5044941306114197,
2.2173096239566803,
4.227533042430878,
1.2421634793281555,
3.5044941306114197,
4.85548734664917,
4.85258013010025,
4.09069687128067,
0.14785507693886757,
3.30503910779953,
3.168935179710388,
1.0793346911668777,
2.1200983226299286,
4.126235246658325,
3.5608401894569397,
4.483679533004761,
3.9775219559669495,
3.543175458908081,
3.5873043537139893,
3.1001892685890198,
2.2388580441474915,
4.399452209472656,
4.249163269996643,
1.5936946868896484,
4.648677110671997,
4.4413673877716064,
3.5696423053741455,
3.7311729788780212,
4.797017574310303,
3.428332507610321,
3.583398461341858,
3.0474862456321716,
1.4095503091812134,
3.4479260444641113,
4.022393226623535,
4.953415393829346,
0.07001567631959915,
4.924196302890778,
2.5920966267585754,
2.9323789477348328,
4.542576968669891,
4.3512362241744995,
-0.17803044989705086,
4.662209153175354,
2.573932409286499,
3.847295641899109,
4.220079481601715,
4.909929037094116,
3.316669464111328,
3.9713233709335327,
1.7441490292549133,
2.836698293685913,
2.472130209207535,
2.5961461663246155,
4.822461307048798,
4.653729796409607,
1.725960522890091,
3.288973867893219,
1.6855809092521667,
2.4219031631946564,
4.198536574840546,
2.471953183412552,
4.935699999332428,
1.858694702386856,
2.9515257477760315,
4.366624355316162,
4.283542037010193,
1.9999337196350098,
4.211726188659668,
3.1801944971084595,
4.926401078701019,
4.435056149959564,
3.578459620475769,
1.233573630452156,
4.866650998592377,
1.567407101392746,
4.493236839771271,
3.307938277721405,
4.48775053024292,
1.3910700380802155,
0.5896773561835289,
4.764383435249329,
4.611695110797882,
1.821165382862091,
2.4694809317588806,
3.468557298183441,
0.42677126824855804,
1.9814510643482208,
0.7933253049850464,
4.394257366657257,
0.4072590544819832,
4.560384154319763,
4.60127055644989,
4.24193263053894,
0.9984278678894043,
4.512547850608826,
3.2536721229553223,
4.945053160190582,
2.573852837085724,
2.642482817173004,
2.399332821369171,
2.550813853740692,
2.433925122022629,
2.360188663005829,
2.025711089372635,
4.845737516880035,
1.9929997622966766,
4.467960000038147,
3.6872124671936035,
3.1353607773780823,
2.3416882753372192,
2.1399131417274475,
3.5815218091011047,
3.0259105563163757,
3.847295641899109,
2.647187113761902,
4.413360059261322,
2.462518960237503,
2.6826301217079163,
1.5313167870044708,
2.75849848985672,
2.575753629207611,
4.331786036491394,
3.4233328700065613,
3.0302736163139343,
4.958092272281647,
4.787386655807495,
3.531380593776703,
3.4259450435638428,
1.1897848546504974,
1.70808807015419,
3.50020170211792,
2.490813732147217,
3.934335708618164,
1.7026138305664062,
4.502853751182556,
4.7445690631866455,
0.7927154749631882,
1.985858529806137,
4.398621916770935,
2.8312093019485474,
1.9947944581508636,
1.0419540107250214,
4.709784984588623,
4.463516473770142,
4.604793190956116,
1.8659943342208862,
0.684891939163208,
1.2055473029613495,
2.948434054851532,
4.251301884651184,
3.242712914943695,
3.834124207496643,
2.4004223942756653,
2.4840570986270905,
1.425110250711441,
3.5881587862968445,
1.9308161735534668,
4.239709973335266,
2.555941939353943,
2.0241329073905945,
3.2547923922538757,
2.37037256360054,
2.3362118005752563,
4.075230360031128,
4.941189289093018,
4.568532705307007,
2.4906884133815765,
2.5657638907432556,
2.549809217453003,
2.8701159358024597,
2.1044310927391052,
2.1027426421642303,
4.903408586978912,
2.744215428829193,
0.6854768097400665,
3.091951608657837,
3.2572513818740845,
1.70893594622612,
4.849998354911804,
2.086256742477417,
4.903408586978912,
4.514378309249878,
4.524635672569275,
2.5354263186454773,
1.8084733188152313,
3.857894539833069,
4.903408586978912,
2.83541738986969,
4.7744786739349365,
1.928970068693161,
4.179870784282684,
3.696320950984955,
4.162828326225281,
3.647511899471283,
0.1997874304652214,
2.018643319606781,
4.045714437961578,
3.308517336845398,
3.178091049194336,
4.722568392753601,
4.565287828445435,
3.251226544380188,
4.641743898391724,
3.4929463267326355,
1.8054583668708801,
4.382608234882355,
3.713085651397705,
4.072283208370209,
4.7175464034080505,
1.7973406612873077,
3.5873043537139893,
2.5586259365081787,
3.4007811546325684,
1.199771761894226,
4.437899589538574,
1.7752932012081146,
4.369937777519226,
3.03147554397583,
2.8939056396484375,
1.2421639263629913,
3.000098764896393,
2.1612121164798737,
4.533289670944214,
4.555142819881439,
0.5789696425199509,
3.3548012375831604,
4.116807579994202,
3.1526920199394226,
3.50020170211792,
4.656481146812439,
2.9601335525512695,
2.8998491168022156,
4.841094017028809,
3.7336763739585876,
0.4125548154115677,
2.6015841960906982,
3.4674999117851257,
2.2851307690143585,
3.388526141643524,
4.4176992774009705,
3.308517336845398,
4.543211758136749,
3.9133939146995544,
4.34861958026886,
4.908539652824402,
4.928175508975983,
1.3952885568141937,
3.1734415888786316,
4.466376602649689,
4.5623040199279785,
4.311452805995941,
1.7610283195972443,
2.9390689730644226,
3.6846697330474854,
4.102379381656647,
4.061669707298279,
1.4749270677566528,
2.671290636062622,
0.04451429005712271,
1.8665280938148499,
4.048965871334076,
2.1542763710021973,
2.7068600058555603,
4.22199159860611,
4.725212752819061,
0.18378343433141708,
3.0316078662872314,
0.14258171431720257,
2.9872944951057434,
4.565287828445435,
4.005655944347382,
4.09773588180542,
4.822099506855011,
3.294178545475006,
4.600788652896881,
4.060794711112976,
2.6539382338523865,
0.8160898834466934,
1.6588322818279266,
4.776134490966797,
2.96814501285553,
3.696320950984955,
3.9372634887695312,
2.679530084133148,
4.946029484272003,
4.27716851234436,
2.3240235447883606,
4.805449545383453,
4.369580149650574,
2.2226783633232117,
4.835371971130371,
2.4088381230831146,
4.15382444858551,
2.4617457389831543,
4.103957414627075,
3.5433709621429443,
3.649296462535858,
4.282726943492889,
4.736959338188171,
3.0530214309692383,
3.470107316970825,
3.0255326628684998,
3.1929776072502136,
4.475617706775665,
2.2692053020000458,
1.643909364938736,
2.754981815814972,
2.8580614924430847,
2.604522705078125,
4.5680683851242065,
2.800944745540619,
0.5882180482149124,
4.296664595603943,
3.44515323638916,
4.656481146812439,
1.9587084650993347,
4.50943797826767,
2.417857050895691,
2.810906767845154,
4.396377801895142,
3.5433709621429443,
3.2283905148506165,
1.875772774219513,
4.678930938243866,
1.9448858499526978,
4.06214714050293,
2.4795088171958923,
2.2812792658805847,
4.185653328895569,
4.50249582529068,
4.706940650939941,
0.9185133129358292,
4.137929379940033,
2.7004358172416687,
2.679135799407959,
2.569134533405304,
4.9925243854522705,
2.0238952338695526,
4.837430417537689,
3.4233328700065613,
3.5509344935417175,
4.413401186466217,
3.5659250617027283,
4.3029215931892395,
3.107391595840454,
2.8957554697990417,
4.3042755126953125,
4.864694178104401,
4.952009916305542,
2.7501389384269714,
2.7279573678970337,
2.810906767845154,
4.470261633396149,
4.309207201004028,
2.546547055244446,
4.398234486579895,
3.54575514793396,
4.958092272281647,
1.6694878041744232,
4.640205800533295,
3.1918972730636597,
2.348117232322693,
3.1945955753326416,
4.968642294406891,
4.876731038093567,
4.626265168190002,
0.8088873326778412,
2.9045453667640686,
3.4654146432876587,
3.537006676197052,
2.0774564146995544,
2.9095646739006042,
4.074870347976685,
2.8421631455421448,
4.897407591342926,
1.4743134379386902,
2.558283805847168,
4.231078326702118,
0.9336064010858536,
4.903408586978912,
1.552550047636032,
2.4677422642707825,
0.6673868745565414,
2.5458136200904846,
2.2246727347373962,
1.4764852821826935,
1.48845374584198,
2.7695906162261963,
2.4922314286231995,
1.7635045945644379,
3.107391595840454,
2.0165230333805084,
3.5381636023521423,
4.627103507518768,
4.232722520828247,
0.9971024096012115,
4.458886682987213,
2.8820040822029114,
2.3543012142181396,
4.180111885070801,
4.7515735030174255,
1.9051317870616913,
4.897640645503998,
1.7859084904193878,
4.692482352256775,
2.915228307247162,
1.4421312510967255,
2.433925122022629,
3.3502542972564697,
4.933917224407196,
4.273167550563812,
3.7596261501312256,
4.106325209140778,
1.4647486805915833,
3.359157145023346,
4.989667236804962,
3.1801944971084595,
2.9118427634239197,
4.8351117968559265,
4.1521114110946655,
2.7459174394607544,
3.696320950984955,
1.1824168264865875,
2.575599253177643,
4.326178431510925,
1.9936533272266388,
4.915241003036499,
4.227533042430878,
3.1704822182655334,
1.2262289226055145,
3.727830946445465,
3.6432549357414246,
4.483388066291809,
3.294178545475006,
2.6919108629226685,
3.5433709621429443,
2.878841459751129,
4.19111430644989,
4.9692124128341675,
3.7368252873420715,
2.0675966143608093,
4.144732058048248,
4.1278040409088135,
2.6161274313926697,
2.012275457382202,
1.5812423825263977,
2.7695906162261963,
0.4336916282773018,
2.648513913154602,
2.7473685145378113,
2.2851307690143585,
2.8928613662719727,
3.426646888256073,
1.8414144217967987,
4.202471673488617,
3.9944127202033997,
4.2294904589653015,
0.8286948502063751,
3.779153525829315,
2.9962843656539917,
3.489448130130768,
2.4355781078338623,
2.323019802570343,
3.6398911476135254,
2.431776374578476,
2.9095646739006042,
3.289443552494049,
4.557076692581177,
4.761971533298492,
4.475685358047485,
0.4431961104273796,
2.831428647041321,
1.356767863035202,
4.126235246658325,
2.664966881275177,
4.788120090961456,
1.534639596939087,
2.5774848461151123,
4.6548619866371155,
-0.061972797848284245,
2.824368476867676,
2.658851444721222,
2.6918253302574158,
4.326594769954681,
0.09457004256546497,
3.5433709621429443,
2.3377853631973267,
2.7319881319999695,
4.136106371879578,
3.4134486317634583,
1.3744951784610748,
3.1353607773780823,
2.715897560119629,
4.106095731258392,
2.917363941669464,
4.174397885799408,
2.9962843656539917,
4.502777457237244,
0.1881733164191246,
1.7210641503334045,
3.289443552494049,
4.533289670944214,
4.060794711112976,
3.5384660959243774,
2.919926941394806,
4.365306198596954,
4.758780002593994,
4.722943305969238,
3.468557298183441,
4.256189465522766,
4.60127055644989,
1.834627240896225,
0.4326678439974785,
4.713698327541351,
3.3982813358306885,
3.44515323638916,
3.3681869506835938,
4.611907601356506,
4.908539652824402,
2.7615439891815186,
4.797017574310303,
3.900904357433319,
2.6588332653045654,
0.893096998333931,
3.3397263288497925,
3.4896638989448547,
4.9054259061813354,
4.728973805904388,
3.7503275275230408,
2.7615439891815186,
4.708271026611328,
2.7179473638534546,
4.739645719528198,
4.141511023044586,
4.9134379625320435,
3.364519774913788,
3.958175778388977,
4.09773588180542,
4.260762333869934,
2.372778505086899,
3.1469789147377014,
3.045007586479187,
3.824782073497772,
4.519138336181641,
2.836976647377014,
3.5291197896003723,
4.60069477558136,
2.284221649169922,
3.596826493740082,
4.677091836929321,
1.3190646469593048,
3.793199360370636,
1.6361267864704132,
3.583742380142212,
0.8330574631690979,
4.130691289901733,
4.3148669600486755,
2.651209235191345,
2.462518960237503,
0.578068420290947,
4.653468728065491,
2.614066004753113,
4.217269420623779,
2.641184628009796,
1.444774866104126,
0.39675746113061905,
0.8722048252820969,
1.7068323493003845,
2.527083456516266,
0.9210646897554398,
1.3638263940811157,
4.883039593696594,
3.201673924922943,
4.288778901100159,
3.3587059378623962,
4.627103507518768,
0.4350239038467407,
4.798581898212433,
4.7645628452301025,
4.656783938407898,
2.7755260467529297,
2.368384897708893,
2.9794034361839294,
4.042745232582092,
4.289064407348633,
2.8424105048179626,
4.8292213678359985,
3.615698218345642,
2.836976647377014,
4.9054259061813354,
2.636783719062805,
2.9247233271598816,
0.5687661096453667,
2.509470582008362,
2.834272086620331,
4.949528276920319,
4.903408586978912,
1.4011263847351074,
2.2868812084198,
2.555147707462311,
4.4413673877716064,
4.489742815494537,
2.8442001342773438,
4.887344539165497,
3.802526593208313,
4.800735712051392,
4.357085227966309,
4.106095731258392,
3.857894539833069,
1.351960450410843,
3.5767531394958496,
3.4685680270195007,
4.903408586978912,
3.204014301300049,
1.9246777892112732,
2.572876513004303,
2.1292702853679657,
3.625863492488861,
0.6314578652381897,
4.6970102190971375,
1.8354995548725128,
2.541142702102661,
3.9397287368774414,
4.903408586978912,
1.5474355220794678,
2.5691086053848267,
1.9547103345394135,
3.125225603580475,
4.289064407348633,
3.3635494112968445,
2.156679779291153,
2.8649526834487915,
1.3478858768939972,
4.797819554805756,
4.559319019317627,
1.8589210510253906,
4.725212752819061,
3.4324833750724792,
2.878841459751129,
4.754269123077393,
4.34861958026886,
2.4596665799617767,
2.4870702624320984,
1.8632256984710693,
0.6952954828739166,
4.5920902490615845,
4.309207201004028,
2.246827632188797,
2.5041133165359497,
2.595394551753998,
3.658594787120819,
3.6092764139175415,
2.847433388233185,
3.443496823310852,
2.323501408100128,
2.833624482154846,
3.83625864982605,
2.005721479654312,
3.440919816493988,
4.833591282367706,
4.072185158729553,
3.3965501189231873,
2.7279573678970337,
4.155724942684174,
1.5399236977100372,
4.502853751182556,
2.5218376517295837,
4.036697149276733,
3.593016564846039,
2.5643864274024963,
1.0341465473175049,
3.041827976703644,
1.159403771162033,
2.5858020782470703,
2.8644806146621704,
4.27716851234436,
3.4331095218658447,
1.5875603258609772,
0.5986056849360466,
4.466832280158997,
3.3587059378623962,
1.9125452637672424,
4.261116683483124,
2.9962843656539917,
4.885278642177582,
0.8609336614608765,
2.769574820995331,
0.5254111066460609,
3.9469215273857117,
3.5493668913841248,
2.265540361404419,
0.32330144196748734,
2.952728271484375,
3.6652514338493347,
3.44515323638916,
1.7678236961364746,
4.027549922466278,
2.2760000824928284,
3.85251522064209,
4.903408586978912,
3.8146039843559265,
3.44571053981781,
0.7826001197099686,
3.97746741771698,
3.5373950004577637,
4.850675463676453,
0.7475117594003677,
3.891266882419586,
2.4846525490283966,
4.690382480621338,
4.327766299247742,
1.5905560553073883,
4.5006102323532104,
2.967500686645508,
4.501075744628906,
2.2761888802051544,
3.2745298743247986,
2.2824305295944214,
3.945717215538025,
2.3722976446151733,
4.561870992183685,
2.6813435554504395,
4.926401078701019,
4.585840106010437,
2.4184465408325195,
3.3431580662727356,
3.5648486018180847,
2.748124897480011,
4.409599602222443,
3.2261839509010315,
1.3737061619758606,
2.134161591529846,
2.6578348875045776,
0.3655283898115158,
2.5354263186454773,
4.065532386302948,
3.0820509791374207,
2.1892179548740387,
4.335177540779114,
4.196408987045288,
4.204943776130676,
2.6791462302207947,
2.5102922320365906,
4.764383435249329,
0.7515895366668701,
2.8421631455421448,
4.523940682411194,
2.3365385830402374,
3.779153525829315,
3.524983525276184,
1.7204909026622772,
4.690382480621338,
1.6066418588161469,
3.625650405883789,
3.583398461341858,
4.240436255931854,
4.448055922985077,
0.7504308223724365,
3.7482157349586487,
2.828879654407501,
2.9057487845420837,
3.7747785449028015,
2.012275457382202,
2.7097290754318237,
4.067544937133789,
4.498205780982971,
4.179870784282684,
3.873322904109955,
1.3587373495101929,
2.4134935438632965,
2.5500833988189697,
4.717683494091034,
2.4016840755939484,
1.225012019276619,
4.791027307510376,
4.502853751182556,
4.924196302890778,
3.0582717061042786,
3.724871277809143,
3.249516487121582,
2.9962843656539917,
4.822099506855011,
0.8115585148334503,
1.7842532694339752,
4.739242196083069,
3.2547923922538757,
2.373640388250351,
3.1570830941200256,
3.8331544399261475,
0.7963626831769943,
4.60069477558136,
2.8716236352920532,
4.636473655700684,
2.5961461663246155,
1.1681152135133743,
4.611695110797882,
4.298897087574005,
4.7655245661735535,
2.5905615091323853,
2.1200042963027954,
3.7877729535102844,
0.34378256648778915,
3.606930673122406,
4.1994935274124146,
4.413401186466217,
4.3625253438949585,
3.4235110878944397,
3.147869110107422,
3.4723901748657227,
1.4834684133529663,
0.43215326964855194,
3.096214532852173,
4.7645628452301025,
4.852285385131836,
2.9095646739006042,
3.3300602436065674,
4.765180945396423,
2.083873152732849,
2.8421631455421448,
2.737109065055847,
1.1331954598426819,
3.0013060569763184,
1.1178679764270782,
1.858694702386856,
2.510727345943451,
1.2117630243301392,
1.9956661760807037,
3.0946585536003113,
3.3291172981262207,
2.604522705078125,
2.632550895214081,
1.2809649109840393,
4.091922640800476,
3.584454357624054,
2.642482817173004,
2.6826301217079163,
4.374196529388428,
4.850675463676453,
2.3997730016708374,
2.6925688982009888,
4.745889902114868,
4.565287828445435,
2.0751966536045074,
4.8824542760849,
3.531380593776703,
4.581158757209778,
1.1989783495664597,
3.992430567741394,
1.583210825920105,
4.273722767829895,
3.640621304512024,
4.753113687038422,
1.4237324893474579,
2.751435935497284,
2.484370321035385,
1.0793346911668777,
3.6309248208999634,
3.7503275275230408,
2.679135799407959,
1.4764852821826935,
3.129775822162628,
2.699406147003174,
2.4393364787101746,
4.979451298713684,
3.442232608795166,
4.000191390514374,
4.482774436473846,
2.6943805813789368,
2.6767265796661377,
2.730509638786316,
2.870105504989624,
2.9247233271598816,
2.849358320236206,
0.5525126680731773,
3.5044941306114197,
2.7489173412323,
2.1778878569602966,
1.3762441277503967,
4.014684557914734,
2.5939494371414185,
4.964883625507355,
3.8138437271118164,
1.821165382862091,
2.027492970228195,
2.516758441925049,
0.42884673923254013,
4.6661219000816345,
2.6015841960906982,
2.5145918130874634,
4.194066822528839,
3.5779479146003723,
2.3072275519371033,
2.6362204551696777,
1.7805741727352142,
2.6987475156784058,
2.7489173412323,
1.8386633694171906,
2.099067270755768,
4.196408987045288,
2.521044909954071,
2.9476702213287354,
1.412019431591034,
4.7184571623802185,
1.6577176749706268,
3.3158284425735474,
3.7872064113616943,
3.184076249599457,
2.8991183638572693,
4.739645719528198,
3.870914578437805,
2.2867952287197113,
1.3029088079929352,
2.713989019393921,
1.2434560060501099,
3.8663768768310547,
4.137929379940033,
1.9987404346466064,
3.2100102305412292,
4.437899589538574,
3.1477412581443787,
3.628736436367035,
2.292182147502899,
1.4836591482162476,
3.5588380694389343,
3.2500818371772766,
4.1588082909584045,
3.0820509791374207,
2.7262520790100098,
4.579977989196777,
4.903408586978912,
3.593016564846039,
4.717683494091034,
4.369937777519226,
1.190464049577713,
4.4428324699401855,
2.322196066379547,
4.6867454051971436,
3.7821412086486816,
3.1896954774856567,
2.571004629135132,
2.527083456516266,
2.8652003407478333,
4.710305035114288,
0.7036803662776947,
1.529577225446701,
2.7347779273986816,
0.8339519053697586,
4.837430417537689,
2.850257456302643,
4.220079481601715,
1.851118803024292,
2.329891622066498,
2.7461549639701843,
2.5338390469551086,
2.5900131464004517,
4.413360059261322,
2.326573133468628,
1.579236090183258,
2.451002299785614,
2.604522705078125,
0.8021483570337296,
4.292706549167633,
2.707514762878418,
4.640205800533295,
3.0308955907821655,
2.694430649280548,
2.521044909954071,
3.463922142982483,
2.8649526834487915,
4.9925243854522705,
1.251053661108017,
4.816621840000153,
2.0448100566864014,
3.658594787120819,
3.9089256525039673,
2.4184465408325195,
4.1278040409088135,
4.231078326702118,
3.03147554397583,
1.2166619300842285,
0.8107574284076691,
2.6612070202827454,
3.456985056400299,
4.677084386348724,
2.1519015729427338,
2.0103488862514496,
3.017124831676483,
3.596826493740082,
2.94709712266922,
1.8447980284690857,
0.06116122007369995,
2.0638352632522583,
3.615698218345642,
3.7129411101341248,
3.97957980632782,
4.227533042430878,
2.5362077355384827,
4.949528276920319,
3.724871277809143,
4.9134379625320435,
1.2911313772201538,
2.4795088171958923,
3.143090009689331,
2.6015841960906982,
1.3686497509479523,
3.5237637162208557,
4.897407591342926,
3.2766053080558777,
3.4843620657920837,
2.8421631455421448,
3.046208918094635,
3.347177803516388,
4.4428324699401855,
4.367485344409943,
1.6518352925777435,
2.7363216876983643,
2.4640831351280212,
3.3587059378623962,
2.94709712266922,
2.135612368583679,
3.0832859873771667,
1.1833679676055908,
3.0565795302391052,
4.19365257024765,
2.555147707462311,
3.615698218345642,
1.0736576467752457,
2.6015841960906982,
4.903408586978912,
2.898922860622406,
2.3253044486045837,
3.516446053981781,
0.9106383472681046,
2.784581184387207,
4.915241003036499,
3.22475403547287,
0.7982199639081955,
1.236504390835762,
2.323894500732422,
3.8916990160942078,
4.1598013043403625,
3.4079337120056152,
4.040467143058777,
2.35345721244812,
1.9762946665287018,
2.699406147003174,
2.246827632188797,
2.5643864274024963,
3.3954229950904846,
4.211726188659668,
4.561870992183685,
1.7454083263874054,
2.193094938993454,
1.2603329122066498,
4.876731038093567,
3.8179129362106323,
4.382608234882355,
2.471894323825836,
1.8910911679267883,
4.04302716255188,
1.0225553065538406,
3.044525682926178,
0.7983504980802536,
3.934335708618164,
3.1140804290771484,
2.2812792658805847,
3.5433709621429443,
0.8359913527965546,
2.7811533212661743,
0.6924183666706085,
3.0928507447242737,
1.3883833587169647,
3.5696423053741455,
3.6398911476135254,
1.3435693085193634,
3.211570978164673,
3.9415329694747925,
0.46660304069519043,
2.2110946476459503,
3.615698218345642,
4.885278642177582,
4.232289791107178,
2.6918253302574158,
3.556552529335022,
0.6903088092803955,
2.1008621156215668,
3.97957980632782,
3.5237637162208557,
1.2056317180395126,
4.44646418094635