4.0551987290382385,
4.9756669998168945,
5.0,
3.2663530111312866,
3.4826618432998657,
4.667344689369202,
5.0,
4.8912665247917175,
3.00406813621521,
4.5494696497917175,
3.265693485736847,
4.410131275653839,
4.070611596107483,
1.9199509918689728,
4.98119443655014,
3.627968430519104,
2.601861357688904,
4.616966247558594,
4.977700114250183,
4.609811007976532,
4.96195912361145,
4.920670688152313,
0.9231249988079071,
4.14136528968811,
1.9417066872119904,
4.6368712186813354,
4.954399466514587,
3.4695154428482056,
4.00485634803772,
3.892327845096588,
4.230040907859802,
4.752763509750366,
4.583464860916138,
4.331606328487396,
2.6283496618270874,
4.685994386672974,
4.890781342983246,
4.981575012207031,
4.901154935359955,
3.118118643760681,
4.89997535943985,
3.849635422229767,
0.8809581398963928,
4.337278604507446,
4.849480986595154,
4.782796204090118,
4.090118706226349,
4.971924126148224,
2.1163582801818848,
0.9418826550245285,
4.704196453094482,
5.0,
4.709878861904144,
4.776606261730194,
3.97795706987381,
3.50917249917984,
3.209978938102722,
3.767920136451721,
4.286147058010101,
4.983989894390106,
4.475948214530945,
4.835400879383087,
4.761909246444702,
4.7697994112968445,
4.693355858325958,
4.5494964718818665,
4.781337082386017,
3.558017313480377,
4.386790692806244,
4.7982266545295715,
3.808222711086273,
4.377679526805878,
1.3840317726135254,
4.697892665863037,
3.354370892047882,
5.0,
4.740994572639465,
4.827212393283844,
4.572279751300812,
3.3744430541992188,
4.817570447921753,
5.0,
4.849480986595154,
3.9460235834121704,
3.848739266395569,
4.811084568500519,
3.3994513750076294,
4.762336313724518,
4.14343386888504,
4.2623403668403625,
4.835388660430908,
4.99527782201767,
5.0,
4.611636996269226,
2.0492438971996307,
4.201887249946594,
4.117104709148407,
4.14928138256073,
3.263080418109894,
4.722653329372406,
4.518241882324219,
4.58901047706604,
3.9105945825576782,
4.197554886341095,
3.410956561565399,
4.954776763916016,
2.74152010679245,
4.45866197347641,
4.9220797419548035,
3.9238685369491577,
4.9711838364601135,
4.228490591049194,
4.869830012321472,
5.0,
4.7697994112968445,
4.579943120479584,
4.944885671138763,
2.6508915424346924,
4.903962314128876,
4.885146915912628,
4.824487566947937,
4.7636741399765015,
4.8144978284835815,
4.493680000305176,
4.6227991580963135,
4.8729389905929565,
4.923277199268341,
4.893980622291565,
4.616260528564453,
4.5994216203689575,
4.71256285905838,
4.593989253044128,
4.875110387802124,
3.067309558391571,
0.540836900472641,
3.580552041530609,
4.271160662174225,
4.834570586681366,
4.827555418014526,
4.473409354686737,
4.910883009433746,
4.199707806110382,
4.614989459514618,
4.395807385444641,
1.6596992313861847,
4.884980618953705,
5.0,
4.201226830482483,
4.277774393558502,
4.87910270690918,
4.70212996006012,
4.809584617614746,
4.336644411087036,
4.679049253463745,
4.758690893650055,
3.5995453596115112,
3.985033929347992,
4.678196012973785,
4.900337755680084,
1.8343503773212433,
4.371685087680817,
5.0,
4.38161700963974,
3.87370765209198,
4.926546812057495,
4.881729781627655,
5.0,
4.771547615528107,
4.698904752731323,
1.281881034374237,
3.531695306301117,
3.1197020411491394,
4.250994324684143,
4.468234181404114,
4.943075776100159,
3.6743122339248657,
4.572954475879669,
3.689187467098236,
4.976655542850494,
4.964214563369751,
4.980492293834686,
4.833194613456726,
4.967783987522125,
4.74306046962738,
3.6303597688674927,
4.908196926116943,
4.686307013034821,
4.96205747127533,
3.682047724723816,
3.61745148897171,
4.04256671667099,
3.13111275434494,
0.5117432028055191,
2.8539839386940002,
4.358635246753693,
4.423530101776123,
4.8797184228897095,
4.650633931159973,
4.173617959022522,
5.000000596046448,
3.871864676475525,
4.891654551029205,
1.1293181777000427,
3.7383323907852173,
3.9011919498443604,
1.4897622168064117,
4.917706549167633,
2.4944062530994415,
3.9418816566467285,
4.335160255432129,
4.67648059129715,
5.0,
4.441672265529633,
4.218822121620178,
4.619955122470856,
4.22538697719574,
4.180850982666016,
3.7025925517082214,
0.7049012929201126,
3.94989013671875,
4.6117377281188965,
2.624366283416748,
4.451105892658234,
3.3920305967330933,
3.2551375031471252,
4.763151109218597,
4.552143216133118,
0.9075657278299332,
4.251213371753693,
3.2062867283821106,
4.703662097454071,
4.690106511116028,
1.881217211484909,
0.6867437064647675,
4.8145535588264465,
1.8146619200706482,
4.070327579975128,
4.829961359500885,
4.46652889251709,
5.0,
4.9720317125320435,
5.0,
4.458844363689423,
3.662274181842804,
5.0,
4.846559762954712,
3.4866589307785034,
4.400017559528351,
4.565410614013672,
4.445230960845947,
4.817342460155487,
4.623033106327057,
4.591795206069946,
4.3787482380867,
4.5450833439826965,
1.6572745144367218,
3.816085457801819,
2.6391541957855225,
4.693355858325958,
3.1915822625160217,
4.8041340708732605,
4.980319142341614,
4.428847134113312,
5.0,
4.647849500179291,
1.1019517481327057,
4.920922815799713,
3.9985141158103943,
4.6724700927734375,
4.7566089034080505,
5.0,
4.5359426736831665,
4.7676315903663635,
3.775731325149536,
3.507469892501831,
3.2355472445487976,
5.000000596046448,
4.964280426502228,
3.40977281332016,
4.62786078453064,
4.49072539806366,
4.146663844585419,
4.8547956347465515,
4.2057982087135315,
4.899572730064392,
4.365143775939941,
4.658480584621429,
5.0,
4.62166428565979,
3.3113354444503784,
0.4278962314128876,
4.80544239282608,
1.9854336977005005,
4.550158381462097,
4.193874895572662,
4.651719331741333,
5.000000596046448,
4.311647415161133,
1.8392941355705261,
3.923453986644745,
4.649185538291931,
4.80925589799881,
4.2207071185112,
4.985072314739227,
3.847048580646515,
4.799323379993439,
3.774511218070984,
3.9367371797561646,
4.3029239773750305,
4.557011127471924,
3.848739266395569,
3.62040638923645,
4.790751934051514,
4.875267744064331,
4.292220771312714,
3.5772570967674255,
3.8187989592552185,
3.685786724090576,
4.245633482933044,
4.417959153652191,
4.074528515338898,
4.609363675117493,
2.847082018852234,
4.450090229511261,
4.426862299442291,
4.882142245769501,
4.342452585697174,
4.031020998954773,
4.755304753780365,
3.078147768974304,
4.134577512741089,
1.142612025141716,
3.368462920188904,
1.1029719561338425,
4.654302895069122,
2.403084635734558,
4.967820048332214,
4.580066502094269,
3.3501580357551575,
0.5972797051072121,
4.316820800304413,
3.9868134260177612,
4.106826186180115,
4.825014173984528,
5.0,
2.5578463077545166,
5.0,
4.880355000495911,
4.921925663948059,
4.329905807971954,
4.009063541889191,
5.0,
4.702235460281372,
4.76855605840683,
4.600067138671875,
3.80160391330719,
4.9769482016563416,
5.0,
4.757643043994904,
3.050789535045624,
4.207322597503662,
4.211643040180206,
1.2085969746112823,
3.064393699169159,
4.439959526062012,
4.960922002792358,
4.247822165489197,
5.0,
4.431152045726776,
4.848397672176361,
4.898281395435333,
2.518812119960785,
2.8943341970443726,
4.593160152435303,
4.509746730327606,
4.649498462677002,
3.8888996839523315,
5.0,
4.076814353466034,
4.930302202701569,
4.787552058696747,
4.865494668483734,
4.403691291809082,
4.041145741939545,
4.727820158004761,
0.523890033364296,
4.5796433091163635,
4.818478226661682,
3.9429637789726257,
4.539700448513031,
4.95447039604187,
4.565374255180359,
4.164005219936371,
4.828814268112183,
3.647134304046631,
4.2636871337890625,
4.825825989246368,
4.581038653850555,
4.071701169013977,
4.7978562116622925,
0.8282206207513809,
4.925926923751831,
4.974793195724487,
4.96951550245285,
3.0943065881729126,
4.722653329372406,
4.845505356788635,
4.5454782247543335,
3.437023162841797,
4.62972104549408,
4.551399648189545,
3.0967938899993896,
4.919176697731018,
4.806082248687744,
3.4415000677108765,
4.408567249774933,
4.712854623794556,
4.95060533285141,
4.257266521453857,
4.834258556365967,
4.205902814865112,
4.691794812679291,
5.0,
5.0,
4.4378215074539185,
3.504822850227356,
3.4534752368927,
4.14570152759552,
5.0,
4.4886162877082825,
4.902201890945435,
4.880355000495911,
4.981048405170441,
4.858311414718628,
4.180076718330383,
4.845752418041229,
3.5034146904945374,
4.603468179702759,
4.791203737258911,
4.980286061763763,
1.3892921805381775,
5.000000596046448,
4.836940765380859,
4.592269957065582,
4.1272976994514465,
4.805484414100647,
3.6879125237464905,
3.2342329621315002,
4.879306852817535,
1.3624179363250732,
2.8117185831069946,
4.598926603794098,
2.2697801887989044,
4.8468756675720215,
3.685786724090576,
3.7215298414230347,
4.7962841391563416,
3.6234673857688904,
5.0,
2.4294018745422363,
4.473902583122253,
5.000000596046448,
4.8145535588264465,
4.004795253276825,
4.74678635597229,
4.80544239282608,
4.827222526073456,
4.851883053779602,
4.193136394023895,
4.957265555858612,
4.662297964096069,
2.0042556524276733,
4.729563295841217,
4.903573989868164,
0.630635991692543,
3.6320754885673523,
3.9069905877113342,
4.793482422828674,
4.730021059513092,
5.0,
4.225090742111206,
3.1820204854011536,
3.2991284132003784,
4.621874392032623,
3.388608396053314,
3.173258900642395,
4.211696982383728,
5.0,
4.563695788383484,
3.5945600271224976,
3.5840213298797607,
4.4210803508758545,
2.8605270385742188,
4.844384491443634,
4.9534764885902405,
4.175244569778442,
4.465911388397217,
5.0,
1.1680272221565247,
4.920934736728668,
5.0,
4.75119411945343,
5.000000596046448,
4.72413033246994,
4.924282133579254,
4.597995281219482,
4.539384543895721,
4.906201660633087,
4.611964821815491,
4.3268924951553345,
4.857800006866455,
4.964272677898407,
4.139470756053925,
4.426728188991547,
4.250947535037994,
4.875110387802124,
4.612863659858704,
4.779359996318817,
3.741946220397949,
4.735477566719055,
4.77744072675705,
3.942141830921173,
4.989779591560364,
4.879168272018433,
4.382655620574951,
4.414357841014862,
4.203208088874817,
4.853823781013489,
1.7942605912685394,
4.276791512966156,
4.827110767364502,
4.440352916717529,
3.511035144329071,
1.2081830948591232,
3.9926671981811523,
5.0,
4.8745957016944885,
3.3062854409217834,
3.76662015914917,
4.5148080587387085,
4.9123615026474,
4.878702163696289,
4.548273682594299,
4.893793761730194,
4.529094398021698,
4.3736907839775085,
3.430684208869934,
4.851692318916321,
4.58068311214447,
4.061135947704315,
4.548405706882477,
1.9052951037883759,
4.889027774333954,
4.9896439909935,
3.2636645436286926,
4.926369786262512,
4.8247650265693665,
4.577071368694305,
4.889560043811798,
4.941181242465973,
4.852806329727173,
4.6749696135520935,
4.456362724304199,
3.943014144897461,
5.0,
3.7700089812278748,
4.49679970741272,
4.845372438430786,
4.585211277008057,
4.932025372982025,
4.1234564781188965,
4.813811779022217,
4.405945539474487,
4.747361540794373,
4.906238913536072,
4.712057113647461,
4.086768925189972,
4.033480286598206,
2.736648917198181,
5.0,
4.140896201133728,
5.000000596046448,
4.66495007276535,
3.7983182072639465,
4.912184476852417,
4.076692163944244,
3.5060587525367737,
4.732066988945007,
5.0,
4.408562779426575,
4.618614614009857,
3.9227771759033203,
4.8674094676971436,
4.701672792434692,
3.5818904638290405,
4.085810482501984,
3.7000772356987,
4.950490593910217,
4.223738312721252,
4.900951981544495,
4.150634407997131,
3.765903115272522,
5.0,
3.4595468640327454,
5.0,
3.3475497364997864,
2.53096342086792,
4.47651594877243,
4.847927391529083,
4.757512807846069,
4.689426422119141,
4.064079225063324,
2.794966995716095,
5.0,
3.3710014820098877,
2.5776639580726624,
4.927181899547577,
3.625310957431793,
4.668286740779877,
4.606776833534241,
4.9662017822265625,
3.9969730377197266,
4.804375469684601,
4.959526062011719,
4.122306406497955,
4.740550220012665,
4.742067456245422,
4.037570655345917,
4.863397181034088,
4.585234522819519,
4.532500505447388,
5.0,
5.000000596046448,
3.2998698949813843,
2.624366283416748,
5.0,
4.462379217147827,
2.8587380051612854,
3.03663969039917,
1.8368975818157196,
4.514776766300201,
0.9559097141027451,
3.678807020187378,
3.2052791118621826,
4.596442878246307,
3.961852192878723,
4.393950700759888,
4.124805331230164,
2.9657503962516785,
4.818764925003052,
5.000000596046448,
4.245633482933044,
2.662718892097473,
4.91841584444046,
4.900717735290527,
3.717157542705536,
4.943742156028748,
5.000000596046448,
4.828052818775177,
4.949624538421631,
4.199702441692352,
4.733026027679443,
4.667746424674988,
4.404693841934204,
2.8785082697868347,
4.064079225063324,
2.693451941013336,
4.72136914730072,
4.796236157417297,
4.990720748901367,
3.775840997695923,
5.0,
4.905146360397339,
4.919217824935913,
3.647134304046631,
5.000000596046448,
3.577295243740082,
1.7174738645553589,
4.867480993270874,
0.9285536408424377,
5.0,
4.269058108329773,
4.89997535943985,
1.5284718573093414,
3.190826177597046,
3.7330210208892822,
1.025618091225624,
4.457414746284485,
4.939754903316498,
4.6163323521614075,
3.0139142274856567,
3.8208597898483276,
4.5863160490989685,
4.9504706263542175,
3.66413950920105,
4.719373285770416,
4.772574603557587,
5.000000596046448,
2.9444339871406555,
4.676463305950165,
4.257247447967529,
5.000000596046448,
4.12617564201355,
3.6035338044166565,
3.8368380069732666,
4.539284110069275,
4.547928273677826,
2.963712513446808,
4.738523066043854,
4.518705308437347,
3.587971329689026,
4.89063560962677,
4.992619454860687,
3.3989596366882324,
2.8492549061775208,
4.88978773355484,
5.0,
4.337588548660278,
4.744281768798828,
4.560942351818085,
1.8488042056560516,
4.371082782745361,
1.8518367409706116,
3.652302622795105,
3.629545271396637,
4.968377947807312,
4.77221816778183,
3.6303597688674927,
4.158141314983368,
4.643954336643219,
4.941473007202148,
0.3272482380270958,
3.1056156754493713,
4.437969326972961,
4.806546568870544,
0.6411435455083847,
4.098608493804932,
4.939491152763367,
0.9547847509384155,
4.718791246414185,
2.869037389755249,
4.772574603557587,
4.830391705036163,
3.2624781131744385,
4.975168406963348,
3.8181859254837036,
5.0,
4.839019179344177,
4.042428135871887,
5.000000596046448,
4.6761369705200195,
4.638353884220123,
4.38294917345047,
3.1123241782188416,
4.062150716781616,
4.592269957065582,
4.797161817550659,
4.589194059371948,
3.5546112060546875,
4.971924126148224,
4.597814083099365,
4.936815798282623,
4.687359631061554,
4.659401476383209,
3.223505914211273,
4.519738852977753,
4.608549475669861,
4.635335803031921,
4.679012596607208,
4.861812889575958,
4.876123070716858,
1.8146619200706482,
4.615919589996338,
4.4105154275894165,
3.53996604681015,
4.773799777030945,
3.0152663588523865,
4.48348194360733,
4.8330458998680115,
4.95218813419342,
4.598462283611298,
4.844930469989777,
4.933663904666901,
5.000000596046448,
5.0,
3.6084705591201782,
3.23676735162735,
4.448174834251404,
3.497249484062195,
4.374089539051056,
5.0,
4.46815550327301,
1.4355190098285675,
4.802897870540619,
4.676676392555237,
3.2078349590301514,
4.5757195353508,
4.96493935585022,
4.814513325691223,
4.7446054220199585,
4.258263409137726,
4.632246196269989,
4.843078255653381,
3.943014144897461,
4.967402517795563,
4.72172737121582,
0.5981415510177612,
4.147721827030182,
4.305512011051178,
1.0037170350551605,
4.987973868846893,
5.000000596046448,
4.77106511592865,
1.839108169078827,
4.824757874011993,
3.2144588232040405,
5.0,
4.641944169998169,
4.516538381576538,
3.8457638025283813,
1.802620142698288,
1.0153596848249435,
5.0,
4.641042351722717,
4.479214549064636,
4.776618182659149,
4.256057441234589,
4.8266226053237915,
5.0,
4.168240129947662,
4.79778379201889,
4.627843201160431,
4.722375571727753,
4.771883487701416,
4.502766132354736,
4.789599180221558,
4.763151109218597,
5.000000596046448,
4.841915965080261,
4.5148080587387085,
3.9815738797187805,
4.847900867462158,
4.81342226266861,
4.697130024433136,
4.965718984603882,
3.299075961112976,
4.248997271060944,
4.030270576477051,
4.812820851802826,
4.245305359363556,
3.303764760494232,
4.598785042762756,
5.0,
4.805196821689606,
4.874546229839325,
4.709928631782532,
4.931409060955048,
4.964677393436432,
3.4866589307785034,
3.8435736298561096,
5.0,
3.725297451019287,
2.9437658190727234,
3.8008129596710205,
4.860649108886719,
5.0,
4.49984610080719,
1.9513167440891266,
3.969658315181732,
4.604295790195465,
4.106520712375641,
4.919983148574829,
4.601941704750061,
4.966342747211456,
4.797818064689636,
4.106387794017792,
4.078322649002075,
3.8166600465774536,
4.934846758842468,
3.963804244995117,
4.104324281215668,
4.700323939323425,
4.591795206069946,
0.6953022629022598,
4.795461893081665,
4.880364537239075,
4.958450496196747,
4.388436675071716,
5.000000596046448,
5.0,
4.122306406497955,
4.140896201133728,
4.414098262786865,
4.834258556365967,
4.664095938205719,
4.885168671607971,
4.915197491645813,
3.625575006008148,
4.627308249473572,
4.924911260604858,
4.212778806686401,
4.967379868030548,
4.9820756912231445,
4.875618815422058,
2.7735665440559387,
4.000837802886963,
3.144371807575226,
4.436832070350647,
5.000000596046448,
4.706840515136719,
4.598034620285034,
5.0,
0.8740159124135971,
4.728575944900513,
3.6658182740211487,
3.812333643436432,
3.5763129591941833,
1.39751598238945,
4.473083019256592,
4.138159453868866,
4.1693297028541565,
4.610862731933594,
4.880746901035309,
4.763427972793579,
4.145077168941498,
1.1376269906759262,
4.934445917606354,
3.389425575733185,
0.619249977171421,
4.721005856990814,
4.5389387011528015,
4.627365469932556,
4.491410255432129,
4.33227002620697,
0.7417503744363785,
4.1264477372169495,
4.313797950744629,
5.000000596046448,
3.6300885677337646,
4.902510344982147,
0.9019167721271515,
4.598926603794098,
4.35815155506134,
4.316806197166443,
4.566466510295868,
4.148606956005096,
3.906097114086151,
4.914923012256622,
4.759111702442169,
1.4284893870353699,
4.994635283946991,
0.6706660985946655,
4.504470229148865,
5.0,
5.0,
5.0,
4.596442878246307,
3.709776997566223,
3.8368380069732666,
4.924217462539673,
4.0442973375320435,
4.8334938287734985,
4.145689904689789,
4.619799256324768,
1.0399644076824188,
4.697015881538391,
4.231728911399841,
4.6272313594818115,
4.593018889427185,
4.402063488960266,
4.369489252567291,
5.000000596046448,
3.91377717256546,
4.6606409549713135,
4.549314081668854,
3.22989284992218,
4.6324363350868225,
5.0,
4.001536667346954,
4.384450912475586,
5.0,
4.924016892910004,
4.746826887130737,
4.235183000564575,
4.441947937011719,
4.807561933994293,
3.6397984623908997,
3.0668631196022034,
1.4698363840579987,
4.968293011188507,
1.0995757579803467,
1.6164126992225647,
2.896585166454315,
4.827110767364502,
2.3452310264110565,
4.680362045764923,
4.578394889831543,
4.626098275184631,
2.3764568567276,
3.114219307899475,
4.455596506595612,
4.974600672721863,
5.000000596046448,
4.443748295307159,
4.219863712787628,
4.250604212284088,
4.738192558288574,
4.603915810585022,
4.9329715967178345,
4.5942312479019165,
3.8435736298561096,
5.0,
4.988972842693329,
3.2781368494033813,
4.4992148876190186,
2.2175316512584686,
3.884718418121338,
4.105753004550934,
4.521882236003876,
4.833112061023712,
0.3187413513660431,
4.757636487483978,
4.008052349090576,
2.998407781124115,
4.139470756053925,
3.6144906282424927,
4.39827561378479,
3.669223189353943,
4.712736904621124,
4.7169142961502075,
3.4611251950263977,
3.85019451379776,
3.8416391611099243,
4.702005982398987,
4.9001771211624146,
1.724286675453186,
4.962952136993408,
4.96525913476944,
4.6673086285591125,
2.943738102912903,
4.392284154891968,
4.921177327632904,
4.119747281074524,
4.973424673080444,
4.558039307594299,
4.302756488323212,
4.9847328662872314,
4.780431091785431,
4.14136528968811,
4.262147843837738,
4.829774796962738,
3.5947787761688232,
4.397948682308197,
4.766847491264343,
3.8300883769989014,
5.000000596046448,
3.5745424032211304,
0.7208848744630814,
3.1278562545776367,
4.057087004184723,
4.605991244316101,
4.14928138256073,
4.509949684143066,
3.3475497364997864,
3.9105945825576782,
3.087981343269348,
4.991925358772278,
4.928310513496399,
5.0,
0.6199908256530762,
5.0,
4.687808156013489,
4.341349005699158,
4.1256460547447205,
4.331437349319458,
4.615919589996338,
4.316560924053192,
4.5554518699646,
4.576650559902191,
3.1637826561927795,
3.0231845378875732,
4.8000770807266235,
4.386024475097656,
4.603468179702759,
5.000000596046448,
4.659294486045837,
4.513050019741058,
5.0,
4.6512991189956665,
5.0,
4.285064935684204,
4.544265270233154,
4.465675055980682,
3.768405020236969,
4.669654369354248,
5.000000596046448,
4.238656759262085,
4.91403192281723,
4.988972842693329,
4.686884582042694,
5.000000596046448,
4.8479339480400085,
4.180058240890503,
4.404693841934204,
4.2318204045295715,
3.9468860626220703,
4.214140176773071,
4.686960577964783,
3.4045854210853577,
4.018092155456543,
4.175069332122803,
4.526122212409973,
5.0,
4.144957959651947,
3.2447054982185364,
4.705451130867004,
4.745581746101379,
4.925926923751831,
5.0,
1.8320180475711823,
4.783511459827423,
4.765961468219757,
4.809431731700897,
1.6758820414543152,
4.621369540691376,
3.9460235834121704,
4.518241882324219,
4.9605244398117065,
4.320249557495117,
4.868849217891693,
4.276149272918701,
4.182969033718109,
5.0,
4.451105892658234,
4.175069332122803,
5.000000596046448,
-0.0843697041273117,
4.386024475097656,
3.8421213626861572,
2.6127129793167114,
3.2636645436286926,
4.80751097202301,
3.4020912647247314,
4.320603013038635,
4.821526110172272,
4.828825294971466,
3.89003723859787,
5.0,
4.7873130440711975,
4.76855605840683,
3.0384662747383118,
0.6330636143684387,
0.5592658370733261,
4.756304919719696,
3.7127605080604553,
4.25044059753418,
4.834728240966797,
4.481764435768127,
4.800028204917908,
3.371696174144745,
4.946246147155762,
4.3251970410346985,
5.0,
4.627308249473572,
4.468050599098206,
3.6339369416236877,
4.496037662029266,
4.603915810585022,
2.94378399848938,
4.158141314983368,
4.864047169685364,
2.6295453310012817,
4.5450833439826965,
4.301087856292725,
4.8920175433158875,
0.23557566106319427,
3.6234673857688904,
4.919176697731018,
5.0,
2.472633868455887,
3.591640591621399,
4.807560741901398,
5.0,
4.746826887130737,
4.544265270233154,
4.678148627281189,
4.440127909183502,
4.302342236042023,
4.955215156078339,
4.128255844116211,
1.39751598238945,
4.060302376747131,
4.792226254940033,
5.000000596046448,
5.000000596046448,
3.9300641417503357,
4.350970089435577,
4.560942351818085,
4.73590761423111,
4.922941327095032,
4.0344226360321045,
3.496123254299164,
4.449231326580048,
4.897958040237427,
4.199222028255463,
1.778550148010254,
3.7062841653823853,
4.888877868652344,
4.170406758785248,
4.182937741279602,
4.053421914577484,
3.8915225863456726,
3.85019451379776,
4.822963774204254,
4.701277315616608,
4.518705308437347,
5.0,
5.0,
5.0,
4.621874392032623,
4.879141747951508,
4.679379463195801,
4.38897043466568,
4.545240998268127,
3.725297451019287,
4.604516327381134,
4.830298721790314,
4.954487383365631,
4.822812974452972,
4.506396651268005,
5.0,
4.506622850894928,
4.31992381811142,
3.467274010181427,
0.9007608145475388,
4.520429968833923,
5.0,
4.795671701431274,
3.694849908351898,
3.701436221599579,
3.440159857273102,
4.197874069213867,
4.9423980712890625,
3.574957847595215,
1.225462257862091,
4.929447174072266,
3.1820204854011536,
4.872580170631409,
2.201348692178726,
5.0,
4.622344672679901,
4.9412208795547485,
4.0013763308525085,
4.490388333797455,
4.045956134796143,
4.993685781955719,
4.7797441482543945,
3.62061470746994,
4.400288462638855,
3.6177128553390503,
4.807575047016144,
4.831385612487793,
3.62040638923645,
4.511541426181793,
2.5148069858551025,
4.322045147418976,
4.336303472518921,
3.7776413559913635,
4.599437117576599,
4.401732981204987,
3.895440101623535,
4.818764925003052,
3.8474148511886597,
4.93660032749176,
4.372934103012085,
2.6868563890457153,
4.749496579170227,
4.987204670906067,
3.114219307899475,
4.717692136764526,
1.9230809807777405,
4.186529517173767,
4.476809501647949,
4.658705294132233,
4.952737987041473,
4.669213593006134,
0.8885591477155685,
4.684503972530365,
3.086514174938202,
2.8382891416549683,
3.2969409227371216,
4.926652014255524,
4.649185538291931,
4.191188812255859,
5.000000596046448,
3.326791822910309,
4.781143069267273,
2.3756837844848633,
4.14860725402832,
2.991330921649933,
4.744574725627899,
4.615494906902313,
4.672669470310211,
3.780137002468109,
4.900688827037811,
3.969658315181732,
3.709776997566223,
4.00485634803772,
4.617325663566589,
4.057087004184723,
4.595438241958618,
1.6311615705490112,
4.708589315414429,
4.481874406337738,
5.0,
4.241093397140503,
4.960264563560486,
4.742667376995087,
3.9196735620498657,
3.7483248114585876,
4.455215632915497,
4.538074433803558,
3.431316614151001,
5.0,
4.608730673789978,
0.7578882575035095,
4.907400608062744,
4.468209743499756,
4.946165978908539,
4.895399212837219,
4.671379029750824,
2.7135151624679565,
4.245305359363556,
4.926369786262512,
3.809617757797241,
4.858284890651703,
4.497730731964111,
5.000000596046448,
4.378591477870941,
4.860280156135559,
4.675851464271545,
3.7508201599121094,
1.5789851546287537,
4.5649659633636475,
4.796459674835205,
3.9664840698242188,
4.3268924951553345,
4.0294349193573,
1.8444938957691193,
4.891643524169922,
4.679144024848938,
1.8368975818157196,
4.996138215065002,
3.279018998146057,
4.9521604180336,
5.000000596046448,
3.248649537563324,
4.875133633613586,
4.403691291809082,
5.0,
3.881671130657196,
4.757893681526184,
4.448174834251404,
4.7699519991874695,
4.941718876361847,
4.253599643707275,
4.838101863861084,
4.595385789871216,
1.8685241043567657,
4.182937741279602,
5.000000596046448,
4.58327442407608,
4.858311414718628,
4.743854403495789,
4.6618276834487915,
4.934330880641937,
4.944969117641449,
4.504470229148865,
4.73409503698349,
0.8842458575963974,
4.93461549282074,
5.000000596046448,
3.9312967658042908,
4.6722716093063354,
4.851860404014587,
2.3559655249118805,
3.464865982532501,
5.000000596046448,
4.974793195724487,
4.504975378513336,
4.147917032241821,
5.0,
4.724427163600922,
4.796556830406189,
1.2233727425336838,
5.000000596046448,
5.000000596046448,
4.795826971530914,
4.835568070411682,
4.921465814113617,
4.145689904689789,
5.0,
3.586808443069458,
4.851342141628265,
4.536601305007935,
4.56771045923233,
5.000000596046448,
4.888012409210205,
4.771074652671814,
3.8915225863456726,
4.811699390411377,
4.680315256118774,
2.4755319952964783,
4.036738574504852,
4.383138120174408,
4.444639682769775,
4.862985610961914,
4.83242005109787,
4.64355856180191,
-0.048208506777882576,
4.088316261768341,
4.250947535037994,
4.875618815422058,
4.552143216133118,
3.8149669766426086,
5.0,
4.088248312473297,
4.718708395957947,
3.9574360847473145,
4.468386173248291,
4.8479339480400085,
4.790932238101959,
4.136817157268524,
3.3438289165496826,
1.520972102880478,
3.7667807936668396,
4.9495929479599,
3.627968430519104,
4.14860725402832,
4.212380647659302,
5.000000596046448,
4.227956235408783,
4.17031317949295,
4.771384000778198,
3.2940706610679626,
3.133748769760132,
4.818478226661682,
-0.05356213077902794,
4.369103908538818,
4.953912794589996,
5.0,
4.945864975452423,
4.128938317298889,
4.379236996173859,
3.7062841653823853,
4.949145615100861,
4.088248312473297,
4.551399648189545,
3.228374421596527,
4.848242402076721,
3.6429497599601746,
4.96525913476944,
2.942606806755066,
2.276264727115631,
4.968269467353821,
0.751679465174675,
3.0078673362731934,
3.5489124059677124,
4.142395257949829,
4.212778806686401,
4.804375469684601,
4.665408730506897,
4.1357421875,
5.0,
4.791670143604279,
4.123269319534302,
4.905497133731842,
4.735448956489563,
4.2159005999565125,
3.978460431098938,
4.887267649173737,
3.606956899166107,
4.489600658416748,
4.119141101837158,
4.649454355239868,
4.898450672626495,
4.378191828727722,
4.8729389905929565,
3.504822850227356,
5.0,
4.799774587154388,
4.547239542007446,
4.889068305492401,
5.000000596046448,
5.000000596046448,
3.634018898010254,
0.9161428362131119,
4.483313262462616,
5.0,
4.142682254314423,
4.4991135597229,
5.000000596046448,
5.000000596046448,
5.0,
4.367605447769165,
5.000000596046448,
3.297029137611389,
0.6762029230594635,
4.926767349243164,
3.6808663606643677,
4.925990402698517,
4.346137046813965,
3.553684651851654,
4.89746630191803,
4.180850982666016,
4.377547800540924,
4.449155628681183,
3.0903592705726624,
4.992245137691498,
4.961184859275818,
4.178595840930939,
4.952191710472107,
4.917928576469421,
5.0,
4.936109781265259,
4.624826908111572,
4.138430655002594,
3.8397064805030823,
4.972052872180939,
5.000000596046448,
3.963804244995117,
4.9542224407196045,
4.8189738392829895,
4.946242570877075,
0.7340703904628754,
2.7889904379844666,
4.744865000247955,
5.0,
4.809547662734985,
4.894740283489227,
2.53096342086792,
4.900039732456207,
4.971129298210144,
3.237556219100952,
4.383601546287537,
4.545152187347412,
4.829612076282501,
2.480368912220001,
3.056323528289795,
5.000000596046448,
4.772864878177643,
5.000000596046448,
4.193874895572662,
5.0,
0.7909391075372696,
4.231615662574768,
4.4612738490104675,
4.98898059129715,
4.109410643577576,
4.978623688220978,
3.0838999152183533,
2.4557968974113464,
4.978616535663605,
0.6362512707710266,
4.564830958843231,
4.422782063484192,
4.07937616109848,
2.3482953011989594,
3.40977281332016,
4.766847491264343,
4.664095938205719,
1.718786358833313,
3.369876444339752,
4.791521430015564,
0.6813027709722519,
3.499537706375122,
4.980871677398682,
3.6253714561462402,
1.240818202495575,
4.782994985580444,
5.0,
4.007221162319183,
5.000000596046448,
4.034028351306915,
5.0,
4.824586510658264,
5.000000596046448,
4.702425599098206,
3.887048065662384,
4.660061597824097,
4.583713114261627,
1.7052273452281952,
4.553620219230652,
3.4529927372932434,
3.9032799005508423,
4.4777849316596985,
4.032280147075653,
5.0,
5.0,
4.454300701618195,
4.134577512741089,
4.106847941875458,
4.259555637836456,
2.812167704105377,
3.1831979751586914,
0.5171134695410728,
3.453635275363922,
4.894928336143494,
3.2588553428649902,
3.972598910331726,
4.016904830932617,
4.584978818893433,
1.222650557756424,
3.9724206924438477,
5.0,
2.867751121520996,
1.0122931748628616,
4.922807514667511,
5.000000596046448,
4.597705900669098,
4.698455333709717,
4.963721930980682,
4.621946811676025,
4.81268972158432,
4.745581746101379,
4.707786440849304,
4.876536428928375,
4.7861820459365845,
4.821526110172272,
3.7633132934570312,
4.0184274315834045,
4.285987615585327,
4.165122210979462,
4.917407929897308,
2.265932261943817,
4.563487470149994,
4.911839962005615,
4.357079267501831,
4.276616871356964,
4.678452014923096,
5.000000596046448,
5.0,
2.669978439807892,
4.841301143169403,
4.754817485809326,
5.000000596046448,
4.7850289940834045,
4.107804298400879,
4.743954241275787,
4.8812612891197205,
5.000000596046448,
4.46815550327301,
4.76328432559967,
4.609363675117493,
4.470144212245941,
4.607647061347961,
4.76540207862854,
3.6978667974472046,
5.0,
4.465590417385101,
5.0,
4.516538381576538,
3.048502504825592,
3.6344075202941895,
4.5944273471832275,
3.7745019793510437,
4.768466055393219,
4.628782868385315,
5.0,
4.96596485376358,
4.544431567192078,
4.843520522117615,
4.934330880641937,
3.923453986644745,
4.465711712837219,
0.8132840692996979,
0.6474383920431137,
4.334949851036072,
4.7254252433776855,
4.627843201160431,
3.565644919872284,
4.678452014923096,
4.340779185295105,
4.496037662029266,
4.770573079586029,
4.158267974853516,
3.9615800976753235,
4.959526062011719,
4.651680588722229,
4.88422304391861,
4.876188635826111,
4.801635444164276,
4.661880433559418,
3.774511218070984,
4.620271027088165,
4.980286061763763,
4.964226484298706,
4.397948682308197,
4.254738688468933,
4.943874776363373,
4.983946979045868,
3.6776623129844666,
1.503257006406784,
4.490835964679718,
4.978564381599426,
4.958302974700928,
5.0,
3.7845373153686523,
4.6834322810173035,
4.565291106700897,
4.5333051681518555,
4.583713114261627,
2.669605016708374,
4.497811496257782,
4.869545996189117,
4.962959587574005,
4.845752418041229,
4.876188635826111,
4.44648802280426,
4.937869906425476,
4.6351271867752075,
4.583253264427185,
2.8785082697868347,
5.0,
3.964104950428009,
4.652523994445801,
1.5784956514835358,
0.7306371629238129,
4.527173340320587,
4.899572730064392,
4.744166135787964,
4.869545996189117,
4.595385789871216,
3.6434826254844666,
4.443748295307159,
3.9969730377197266,
4.859069585800171,
4.016520082950592,
1.0924511402845383,
5.0,
5.0,
4.984880983829498,
4.0846580266952515,
4.6388572454452515,
4.794753193855286,
4.479166567325592,
4.804198145866394,
4.747384786605835,
4.563487470149994,
1.0093461722135544,
3.2584479451179504,
4.627365469932556,
4.444979727268219,
4.350079596042633,
4.495041370391846,
4.867946207523346,
4.961671531200409,
3.3919495344161987,
3.368462920188904,
4.988004565238953,
4.2912158370018005,
2.751838266849518,
2.763661742210388,
1.491573005914688,
4.891806542873383,
4.843078255653381,
4.9794310331344604,
4.549760222434998,
4.411716461181641,
4.4378215074539185,
4.34380441904068,
4.182969033718109,
2.0931988954544067,
4.820628762245178,
4.395049512386322,
4.1234564781188965,
4.351824522018433,
4.120282232761383,
4.765156805515289,
5.0,
4.913148880004883,
2.38400861620903,
4.224709570407867,
3.9998549222946167,
4.372934103012085,
4.087609052658081,
3.776148557662964,
3.721444606781006,
4.922162294387817,
5.0,
4.585234522819519,
4.395049512386322,
4.138159453868866,
1.0330992937088013,
4.9521604180336,
3.271796703338623,
5.0,
4.3201518058776855,
4.962660074234009,
1.568799465894699,
4.402707815170288,
3.3501580357551575,
4.291055500507355,
3.700472414493561,
4.208885431289673,
4.768531024456024,
3.987371325492859,
2.1193891763687134,
4.229272902011871,
4.623033106327057,
4.8137617111206055,
3.2986637949943542,
4.852806329727173,
4.64771568775177,
4.950597882270813,
4.648334383964539,
3.9196735620498657,
4.674110412597656,
4.592562317848206,
4.697048664093018,
4.019929766654968,
4.912184476852417,
4.716740846633911,
4.74413275718689,
4.8401618003845215,
4.963323473930359,
4.920744597911835,
4.514600336551666,
5.000000596046448,
4.92891252040863,
4.844930469989777,
3.8760358095169067,
4.587252140045166,
5.000000596046448,
4.264775812625885,
2.8314051032066345,
5.000000596046448,
4.458951652050018,
4.8210349678993225,
4.544467329978943,
3.693983554840088,
4.4805485010147095,
3.1056156754493713,
2.7326172590255737,
1.0904666036367416,
4.847900867462158,
4.754267632961273,
2.55989670753479,
4.76540207862854,
2.8714412450790405,
4.969385266304016,
1.638268232345581,
3.916754722595215,
4.3608033657073975,
4.6722716093063354,
5.0,
4.808548092842102,
4.346137046813965,
4.630962312221527,
3.724558651447296,
3.3857399225234985,
4.378191828727722,
4.276676177978516,
2.1869854629039764,
2.8259262442588806,
4.462120234966278,
4.067366421222687,
4.708290994167328,
4.104324281215668,
0.7964252680540085,
5.0,
4.693244397640228,
4.452241063117981,
4.924697279930115,
2.7326172590255737,
4.452241063117981,
1.3142526149749756,
2.6598864793777466,
4.887857139110565,
2.3764568567276,
4.893441200256348,
4.900944530963898,
4.768189787864685,
4.0798020362854,
4.759492874145508,
4.770013988018036,
4.713875353336334,
4.6809983253479,
3.067309558391571,
4.934577643871307,
4.1688865423202515,
4.595344662666321,
4.809063076972961,
5.000000596046448,
0.9843625128269196,
4.639645218849182,
5.0,
4.655358791351318,
4.5878031849861145,
4.6077099442481995,
4.199707806110382,
4.249712228775024,
4.654355347156525,
5.000000596046448,
2.439960241317749,
3.390130400657654,
4.547895789146423,
3.1392866373062134,
3.6109092831611633,
4.8728713393211365,
4.706077873706818,
5.000000596046448,
4.29128497838974,
4.664887487888336,
4.749720096588135,
4.252321720123291,
0.8436041325330734,
4.626505374908447,
4.224709570407867,
4.9028801918029785,
4.136374592781067,
5.0,
4.920554459095001,
4.120282232761383,
3.0332106351852417,
1.7333434522151947,
4.563526511192322,
4.760681986808777,
4.893320798873901,
4.531180560588837,
4.65962290763855,
2.472633868455887,
4.191782772541046,
1.0580947995185852,
3.6774569749832153,
4.4437989592552185,
5.0,
4.22371506690979,
0.750877857208252,
2.330232709646225,
4.402441084384918,
4.1903820633888245,
4.428358376026154,
3.933250308036804,
4.276306927204132,
3.355129659175873,
4.182919263839722,
3.930838406085968,
4.504828453063965,
4.429873824119568,
2.378806173801422,
4.845033586025238,
4.747133851051331,
4.870651662349701,
3.407549560070038,
3.7667807936668396,
5.0,
4.9654605984687805,
0.9699215739965439,
0.9252289682626724,
4.744865000247955,
3.430684208869934,
4.927137792110443,
3.430798351764679,
0.8623679727315903,
4.6526747941970825,
4.993724226951599,
4.3634092807769775,
3.5881325602531433,
5.0,
4.576650559902191,
4.245297312736511,
4.968806207180023,
3.248649537563324,
2.943652868270874,
2.8714412450790405,
4.532649517059326,
4.3341052532196045,
4.63411271572113,
1.3355611264705658,
4.967593550682068,
0.8272527903318405,
4.155611097812653,
5.0,
2.043903023004532,
3.326025903224945,
4.8532649874687195,
2.5148069858551025,
4.667344689369202,
4.586130976676941,
4.758116602897644,
4.312469959259033,
4.96252715587616,
4.557504653930664,
4.23567920923233,
3.7554585933685303,
3.1653043627738953,
2.4841228127479553,
3.8992708921432495,
2.3975245654582977,
4.093078076839447,
4.281710386276245,
4.482912719249725,
1.1330670863389969,
4.72413033246994,
4.687125980854034,
5.0,
3.9874905347824097,
3.132493495941162,
5.000000596046448,
4.767362177371979,
4.119381010532379,
4.741011559963226,
5.0,
3.88560950756073,
0.6718698889017105,
1.8975920975208282,
4.893585741519928,
4.5130980014801025,
4.659401476383209,
3.121725022792816,
4.492514431476593,
4.287696182727814,
4.880033731460571,
4.771020710468292,
0.23666063323616982,
4.830320477485657,
3.8334891200065613,
4.256057441234589,
5.0,
3.804056942462921,
4.379374384880066,
0.26657208800315857,
4.598147869110107,
4.702995419502258,
4.959346950054169,
4.086222052574158,
4.559704661369324,
4.187188446521759,
3.6038294434547424,
4.811084568500519,
4.880039691925049,
4.384450912475586,
5.000000596046448,
4.379606246948242,
1.1491964757442474,
5.000000596046448,
4.107206463813782,
5.0,
3.9664840698242188,
5.0,
4.964165687561035,
4.533787667751312,
4.685182571411133,
3.386867046356201,
4.943075776100159,
4.877701103687286,
5.0,
4.934448599815369,
4.600079655647278,
4.649498462677002,
5.000000596046448,
4.651203155517578,
4.070327579975128,
4.219885170459747,
4.248433411121368,
3.967709541320801,
0.28617555275559425,
5.0,
4.454300701618195,
5.000000596046448,
4.551418721675873,
4.593989253044128,
3.155817687511444,
4.4776833057403564,
4.896590709686279,
4.9625420570373535,
1.6089390218257904,
4.9412208795547485,
4.378734230995178,
4.252321720123291,
5.0,
4.219434857368469,
3.8249975442886353,
0.6458982825279236,
4.462379217147827,
4.717692136764526,
1.2316542863845825,
5.000000596046448,
4.759356081485748,
4.726786017417908,
4.919891655445099,
4.6437036991119385,
4.923504590988159,
4.391429424285889,
4.6207863092422485,
3.863094449043274,
4.497730731964111,
4.499160647392273,
1.7887784540653229,
4.939493536949158,
4.863253831863403,
4.737498462200165,
4.544588327407837,
4.563992917537689,
4.502880573272705,
4.625101387500763,
5.0,
4.95060533285141,
2.9846274852752686,
4.456362724304199,
5.0,
4.311538338661194,
2.1862681210041046,
5.0,
0.9212926775217056,
4.941975772380829,
4.95447039604187,
2.369765192270279,
4.689426422119141,
4.520291686058044,
4.72172737121582,
4.858168363571167,
2.603420913219452,
3.6618411540985107,
5.000000596046448,
1.959468126296997,
4.1178664565086365,
4.979323148727417,
3.913399577140808,
4.119381010532379,
4.107804298400879,
4.638611972332001,
4.441617727279663,
3.313422203063965,
4.5909154415130615,
4.262147843837738,
4.81268972158432,
3.390130400657654,
3.508134186267853,
4.49875146150589,
3.326839804649353,
4.794450998306274,
1.3323602080345154,
4.767653048038483,
4.947872459888458,
4.601664245128632,
5.0,
4.782307147979736,
4.8506975173950195,
4.073224067687988,
3.209978938102722,
4.944470524787903,
3.3994513750076294,
3.336426317691803,
4.767362177371979,
3.2326966524124146,
4.974786341190338,
4.1732653975486755,
4.324015974998474,
4.58109438419342,
3.7910908460617065,
4.080795645713806,
3.6620527505874634,
4.360020458698273,
4.790756702423096,
4.708058834075928,
4.719747602939606,
5.0,
4.928559064865112,
1.429867148399353,
5.0,
4.959187209606171,
4.544431567192078,
4.184476733207703,
4.458951652050018,
4.305512011051178,
4.440184235572815,
4.722152948379517,
4.53884482383728,
2.748507559299469,
1.8330787122249603,
3.8186612725257874,
0.9370387345552444,
4.791521430015564,
3.6626017093658447,
3.483540415763855,
4.7284674644470215,
3.9529097080230713,
4.763427972793579,
4.776896834373474,
4.76946234703064,
4.530278444290161,
4.805183112621307,
3.8907629251480103,
4.667312800884247,
3.3770769834518433,
4.271520376205444,
1.018947884440422,
5.0,
4.428768455982208,
4.0915027260780334,
4.077211022377014,
4.955841898918152,
0.31608764082193375,
3.2702264189720154,
4.557011127471924,
4.372881352901459,
0.3779565915465355,
4.635335803031921,
2.71758109331131,
4.758390188217163,
4.6351271867752075,
5.0,
4.764184951782227,
4.312540888786316,
4.6724700927734375,
2.1862681210041046,
4.67590719461441,
4.798354208469391,
3.3149167895317078,
0.6410729140043259,
3.884909749031067,
4.5554518699646,
5.0,
2.4637217819690704,
3.464614152908325,
4.7779470682144165,
4.193889498710632,
1.1235985904932022,
4.274513125419617,
2.4586471915245056,
4.520291686058044,
4.499160647392273,
3.944137990474701,
3.507469892501831,
4.678933918476105,
4.848800897598267,
4.478966593742371,
5.0,
5.000000596046448,
4.691794812679291,
2.9468339681625366,
3.8475897908210754,
3.0838999152183533,
4.65980738401413,
4.344635903835297,
4.933446645736694,
4.5917195081710815,
4.471722841262817,
4.73388135433197,
4.663163721561432,
4.281167685985565,
3.565097451210022,
0.8106557279825211,
4.175244569778442,
5.0,
5.0,
3.7000772356987,
4.9662017822265625,
4.70438688993454,
0.2687012776732445,
4.831385612487793,
2.869037389755249,
0.5548199638724327,
4.132571816444397,
4.046334326267242,
4.891276061534882,
4.7916775941848755,
4.73590761423111,
4.96971994638443,
3.542413115501404,
4.915262758731842,
3.9429637789726257,
4.539700448513031,
3.230573832988739,
4.331437349319458,
3.129226863384247,
4.920129776000977,
4.742067456245422,
-0.0641593849286437,
1.1776818335056305,
4.625846743583679,
5.0,
4.60643470287323,
4.772868752479553,
5.0,
4.964272677898407,
4.617258012294769,
4.17609304189682,
4.479214549064636,
4.580120742321014,
4.7209712862968445,
4.53992486000061,
5.000000596046448,
3.4020912647247314,
4.674682319164276,
5.000000596046448,
4.697719216346741,
2.265932261943817,
4.383601546287537,
4.146973490715027,
5.0,
4.842489659786224,
4.455931484699249,
3.4845465421676636,
4.7514113783836365,
4.712736904621124,
4.030340015888214,
4.462893903255463,
5.0,
3.9189574122428894,
4.410131275653839,
3.8539180159568787,
4.79778379201889,
3.3297187089920044,
4.602942168712616,
4.902415573596954,
4.324015974998474,
5.000000596046448,
3.671291172504425,
3.6115047335624695,
1.7924514412879944,
1.60928413271904,
4.474616050720215,
4.221663177013397,
3.773016333580017,
4.635475277900696,
0.892888680100441,
3.8167649507522583,
4.815722703933716,
3.95322322845459,
2.867751121520996,
4.815477430820465,
4.428358376026154,
4.7572261095047,
4.764216244220734,
4.794655740261078,
4.208570420742035,
0.9656380861997604,
3.437872529029846,
4.74598616361618,
4.444328546524048,
3.303764760494232,
3.9275899529457092,
4.768466055393219,
4.344476163387299,
2.671003043651581,
5.000000596046448,
4.731093049049377,
3.5278135538101196,
4.788815975189209,
3.6900603771209717,
5.0,
4.814513325691223,
4.5801785588264465,
4.536601305007935,
4.045295417308807,
5.0,
4.912498891353607,
1.0083365440368652,
3.425056040287018,
4.812563359737396,
2.9468339681625366,
2.5776639580726624,
4.635762870311737,
4.246138632297516,
4.953297972679138,
4.813741743564606,
5.0,
5.0,
4.151749014854431,
5.0,
0.9578197449445724,
4.815903007984161,
4.799323379993439,
5.0,
2.330232709646225,
3.086514174938202,
3.945356011390686,
4.661593437194824,
4.963684678077698,
5.0,
4.044365584850311,
4.668198823928833,
4.747361540794373,
2.5680124759674072,
4.774302244186401,
4.771013557910919,
3.4321019053459167,
5.000000596046448,
1.4297771453857422,
4.631721079349518,
3.197135627269745,
4.302756488323212,
4.540920853614807,
4.1064029932022095,
4.908724725246429,
4.879062473773956,
4.444791078567505,
1.3531160354614258,
4.361658096313477,
3.7483248114585876,
5.0,
4.107831120491028,
4.028926193714142,
5.0,
4.7322142124176025,
4.6610426902771,
4.595344662666321,
0.9322066605091095,
4.851319789886475,
4.352774918079376,
5.0,
5.000000596046448,
4.57800030708313,
4.792779982089996,
4.419122934341431,
4.771384000778198,
3.8397064805030823,
5.000000596046448,
3.3719515800476074,
4.878230392932892,
5.0,
4.838802814483643,
4.463718831539154,
4.808548092842102,
4.2786705493927,
4.538255035877228,
1.0056518018245697,
4.401189982891083,
1.5478067100048065,
4.423327744007111,
5.000000596046448,
2.0592233538627625,
4.848773181438446,
4.411736726760864,
4.8697808384895325,
5.000000596046448,
4.827246069908142,
3.1197020411491394,
4.817342460155487,
4.014148712158203,
0.7838466763496399,
3.6911460757255554,
4.8721423745155334,
4.238656759262085,
5.000000596046448,
4.789524972438812,
4.224228262901306,
4.782796204090118,
4.661010801792145,
3.8941994309425354,
4.7709667682647705,
0.8223558217287064,
4.654334485530853,
0.8372882008552551,
0.5865571275353432,
4.61902916431427,
4.656233191490173,
4.870651662349701,
4.876144826412201,
4.292220771312714,
5.0,
2.9467642307281494,
4.983989894390106,
4.929447174072266,
4.458704590797424,
0.3246348351240158,
4.285573363304138,
4.941473007202148,
5.000000596046448,
4.9325478076934814,
4.5801785588264465,
4.8724111914634705,
4.167874753475189,
3.601800501346588,
1.517793983221054,
4.2336538434028625,
4.744490385055542,
5.0,
4.958450496196747,
4.673850238323212,
4.875425398349762,
3.077472746372223,
3.872562050819397,
4.625101387500763,
4.110079705715179,
1.625361442565918,
3.691301941871643,
4.351824522018433,
3.841693103313446,
3.2998698949813843,
4.9966952204704285,
1.0998030006885529,
4.92362916469574,
4.930815398693085,
4.0013763308525085,
4.9093252420425415,
2.8063204884529114,
4.455091953277588,
0.976845920085907,
4.311538338661194,
4.828193485736847,
4.625841975212097,
3.522847294807434,
4.455596506595612,
4.825757741928101,
4.836593270301819,
4.688419699668884,
4.923411309719086,
4.806606471538544,
4.897958040237427,
4.929563999176025,
3.780137002468109,
5.0,
4.71655398607254,
0.8649016916751862,
4.5396339893341064,
3.668985962867737,
4.967312812805176,
4.542854428291321,
2.3482953011989594,
4.369434416294098,
4.911332428455353,
4.59449827671051,
4.7531768679618835,
4.747745394706726,
3.586808443069458,
4.124805331230164,
4.566466510295868,
2.0531632006168365,
1.2140778452157974,
4.876844882965088,
5.0,
4.680814146995544,
4.9102529883384705,
3.857566714286804,
3.399895429611206,
1.0836287587881088,
4.962477087974548,
4.004358947277069,
3.4415000677108765,
3.708640933036804,
4.340012073516846,
4.935178756713867,
5.0,
4.605991244316101,
4.983828365802765,
4.142516255378723,
1.4123792946338654,
4.944660663604736,
4.9372488260269165,
4.702235460281372,
4.812527298927307,
4.263507723808289,
3.7263262271881104,
4.604295790195465,
4.95769202709198,
3.0332106351852417,
3.980571925640106,
3.22989284992218,
5.0,
3.8091030716896057,
4.225090742111206,
4.156633019447327,
4.821447730064392,
4.181260466575623,
1.6532333195209503,
3.813072443008423,
4.701396226882935,
4.850561022758484,
4.270936846733093,
4.716740846633911,
4.640346467494965,
5.000000596046448,
3.329702317714691,
4.733985066413879,
4.197325706481934,
3.13111275434494,
5.000000596046448,
4.662570059299469,
4.542260468006134,
4.918354153633118,
5.0,
4.7709667682647705,
4.452331066131592,
4.337697625160217,
4.807956516742706,
4.078322649002075,
4.606077075004578,
4.967700839042664,
4.8388731479644775,
4.272830486297607,
5.0,
3.4828338027000427,
4.383121132850647,
3.1685087084770203,
4.739332795143127,
4.900018572807312,
3.8876157999038696,
4.466825425624847,
4.523075819015503,
4.869934022426605,
3.933250308036804,
3.5728231072425842,
4.882084429264069,
3.393532633781433,
4.7514113783836365,
4.830289781093597,
1.2954087555408478,
3.90989750623703,
5.0,
4.4539424777030945,
4.6715617179870605,
4.361746311187744,
4.31928813457489,
0.4241151735186577,
5.0,
4.966753125190735,
4.83896791934967,
4.541686177253723,
4.9909281730651855,
4.798354208469391,
4.493680000305176,
4.953070282936096,
4.232407808303833,
5.000000596046448,
5.0,
0.6134480983018875,
1.4072225987911224,
3.1215637922286987,
4.5333051681518555,
5.0,
4.045956134796143,
4.573908746242523,
4.314012825489044,
4.851574897766113,
3.0943065881729126,
3.437023162841797,
4.569463133811951,
5.0,
3.275488018989563,
3.6001455783843994,
0.6952916085720062,
3.961295485496521,
4.299986958503723,
3.6626634001731873,
4.45866197347641,
4.670335948467255,
3.625575006008148,
4.361658096313477,
3.2606562972068787,
3.5489124059677124,
3.3297187089920044,
3.6344075202941895,
4.746575951576233,
4.860547184944153,
3.884718418121338,
4.770251214504242,
5.0,
5.000000596046448,
4.465590417385101,
4.7467440366744995,
5.0,
5.0,
1.6615235805511475,
2.5163906812667847,
4.812853038311005,
5.0,
4.106520712375641,
4.918356835842133,
4.805142879486084,
0.5224766582250595,
5.0,
3.1333518028259277,
4.9366819858551025,
4.3948546051979065,
5.0,
1.1985177546739578,
3.2686883211135864,
5.0,
4.6774932742118835,
4.929610788822174,
4.80925589799881,
4.758563041687012,
4.4231924414634705,
4.461918473243713,
4.000207781791687,
4.036388397216797,
3.4196552634239197,
3.966904878616333,
4.654355347156525,
4.26819920539856,
1.0122931748628616,
4.966697692871094,
4.789238274097443,
4.525967836380005,
4.835307598114014,
4.535679221153259,
4.427736699581146,
4.194208979606628,
4.912471175193787,
3.4246429800987244,
2.5055888295173645,
3.2052791118621826,
4.895406365394592,
4.617714881896973,
4.044365584850311,
4.758135080337524,
4.856166839599609,
4.82376754283905,
4.520726203918457,
4.744418263435364,
4.598785042762756,
4.828814268112183,
4.300127923488617,
3.369876444339752,
4.025164544582367,
3.52022647857666,
0.6501022726297379,
3.869571089744568,
4.995013475418091,
5.000000596046448,
4.98523622751236,
4.717838168144226,
4.2630815505981445,
4.79473352432251,
4.167874753475189,
4.7322142124176025,
4.657890796661377,
4.04017448425293,
3.6429497599601746,
4.2463648319244385,
3.933050036430359,
4.598970413208008,
3.3531060814857483,
4.458808600902557,
4.754267632961273,
4.459838271141052,
4.863397181034088,
4.072975516319275,
4.938943088054657,
1.6596992313861847,
4.019929766654968,
5.000000596046448,
3.9642924070358276,
4.837595224380493,
1.1672009527683258,
5.0,
5.0,
2.715618312358856,
1.0219714790582657,
5.000000596046448,
4.790793359279633,
3.746229410171509,
4.958948493003845,
4.474177658557892,
4.97432142496109,
4.491410255432129,
4.237293601036072,
3.7289759516716003,
5.0,
4.7635069489479065,
4.153040051460266,
5.0,
0.540836900472641,
5.0,
2.64581561088562,
5.0,
5.0,
4.911680519580841,
4.90051656961441,
4.454231858253479,
5.0,
5.0,
4.4910842180252075,
4.0652623772621155,
5.0,
5.0,
4.701396226882935,
3.8942432403564453,
2.847082018852234,
4.1663408279418945,
3.121725022792816,
1.4464828372001648,
4.868849217891693,
1.9349202513694763,
4.941679537296295,
5.000000596046448,
4.458031058311462,
0.716550424695015,
0.8491872251033783,
4.600067138671875,
4.553062617778778,
2.498427927494049,
1.5993304550647736,
3.5478904843330383,
4.527173340320587,
4.106639921665192,
4.889698624610901,
4.7299399971961975,
4.487951993942261,
4.457414746284485,
4.629508852958679,
1.6011352837085724,
4.0878671407699585,
4.337697625160217,
4.67590719461441,
3.826306462287903,
4.919891655445099,
4.9071332812309265,
4.635803997516632,
3.804056942462921,
4.715307950973511,
3.438969850540161,
5.0,
4.535679221153259,
4.828193485736847,
4.519738852977753,
4.88901287317276,
4.747991561889648,
4.601664245128632,
4.93639200925827,
4.9001771211624146,
4.842086434364319,
4.58109438419342,
4.233711659908295,
4.603023529052734,
1.345478594303131,
4.534276127815247,
5.0,
4.647831916809082,
2.3243530094623566,
3.852311074733734,
4.165122210979462,
3.8409948348999023,
3.1127142906188965,
4.263408780097961,
4.905497133731842,
3.935503363609314,
4.887044131755829,
4.327894151210785,
1.992059051990509,
4.891496896743774,
4.5623451471328735,
4.870416522026062,
4.947409927845001,
0.7345546036958694,
4.506396651268005,
2.998407781124115,
3.499537706375122,
3.8334891200065613,
4.548405706882477,
4.039486944675446,
4.731152653694153,
4.887127876281738,
4.957415163516998,
4.758390486240387,
3.604625165462494,
3.9266377687454224,
3.5462677478790283,
4.21717643737793,
2.261667400598526,
3.6832690238952637,
4.72136914730072,
4.441469609737396,
5.0,
5.0,
5.0,
4.966022372245789,
0.2160654217004776,
0.5210015922784805,
5.0,
4.774390161037445,
4.96423602104187,
4.8154133558273315,
4.913579225540161,
2.7073171734809875,
5.0,
4.137265682220459,
4.501447677612305,
4.4786980748176575,
3.9496970176696777,
1.3795912265777588,
4.705451130867004,
1.4526966214179993,
5.000000596046448,
4.60643470287323,
3.3652520179748535,
2.2587649524211884,
3.2731372117996216,
4.7152456641197205,
4.4633519649505615,
5.000000596046448,
4.0724486112594604,
4.8966169357299805,
4.355505108833313,
4.977784156799316,
3.2278260588645935,
4.387297332286835,
4.909760355949402,
4.396153390407562,
4.1370689868927,
1.2172029167413712,
4.2953550815582275,
3.326839804649353,
5.0,
5.0,
4.595438241958618,
5.000000596046448,
4.9058884382247925,
3.293057680130005,
3.553684651851654,
3.7330210208892822,
4.010070860385895,
4.9510157108306885,
4.5484477281570435,
4.411219656467438,
3.8197940587997437,
5.000000596046448,
4.27772730588913,
5.0,
2.095099687576294,
4.418438673019409,
3.6144906282424927,
4.083391427993774,
5.000000596046448,
3.306739032268524,
3.913160562515259,
3.680890202522278,
4.837252199649811,
4.050716161727905,
3.4036341309547424,
3.364281952381134,
4.122617542743683,
3.8539180159568787,
1.4259107410907745,
4.500376880168915,
5.0,
4.58327442407608,
3.921990394592285,
3.6253714561462402,
4.973623156547546,
4.335060715675354,
3.0406397581100464,
2.9249417781829834,
4.812762439250946,
4.753013551235199,
4.689643979072571,
4.472692608833313,
4.961203634738922,
4.729917049407959,
5.000000596046448,
4.75039005279541,
5.0,
5.000000596046448,
4.849937856197357,
5.000000596046448,
0.9756989032030106,
4.142682254314423,
4.447067379951477,
4.6177732944488525,
4.839285314083099,
3.814144730567932,
4.016520082950592,
3.816085457801819,
4.900762438774109,
4.805484414100647,
4.770546555519104,
4.528521001338959,
3.6022982001304626,
5.000000596046448,
1.6053709387779236,
4.99349981546402,
4.947633445262909,
2.8091681003570557,
4.0200066566467285,
3.4790635108947754,
4.046312570571899,
3.4948131442070007,
1.382952332496643,
4.947769939899445,
4.859108030796051,
4.686596691608429,
4.683035314083099,
4.892047047615051,
3.2335036993026733,
4.894928336143494,
4.455931484699249,
4.5603203773498535,
4.923061430454254,
1.5347020328044891,
1.9617006182670593,
3.694849908351898,
4.3049246072769165,
4.53060507774353,
4.595074951648712,
4.8888468742370605,
4.237094521522522,
3.6618411540985107,
4.820581376552582,
4.489900171756744,
4.797975420951843,
2.221865653991699,
4.214140176773071,
4.285987615585327,
4.601640999317169,
4.687042534351349,
2.6283496618270874,
3.591640591621399,
2.812167704105377,
5.0,
4.88302081823349,
5.0,
4.627543687820435,
0.625922679901123,
4.145077168941498,
5.0,
3.8734033703804016,
4.705350995063782,
1.565152257680893,
4.770013988018036,
2.1163582801818848,
3.8474148511886597,
4.53407883644104,
4.873111248016357,
4.5494696497917175,
4.859720766544342,
4.119747281074524,
5.0,
4.440467655658722,
4.892504811286926,
4.994279742240906,
4.951907694339752,
4.657958149909973,
1.0540083050727844,
3.5034146904945374,
4.986752569675446,
5.0,
3.3908572793006897,
5.0,
4.450090229511261,
5.0,
4.274513125419617,
5.0,
3.373735547065735,
4.502880573272705,
3.3252757787704468,
4.4833314418792725,
4.669357240200043,
4.8334938287734985,
4.316820800304413,
3.354370892047882,
3.5962513089179993,
4.924221038818359,
4.879924952983856,
4.324614107608795,
4.547630548477173,
4.539433121681213,
4.106826186180115,
3.757130801677704,
3.326791822910309,
4.437631964683533,
4.875833988189697,
4.553290903568268,
4.6201130747795105,
4.6207863092422485,
4.1188207268714905,
5.0,
4.948644638061523,
5.0,
4.848253130912781,
4.431152045726776,
4.783281981945038,
5.0,
4.465983211994171,
4.900688827037811,
4.720765650272369,
4.12287175655365,
4.754675626754761,
3.278082311153412,
1.3071037828922272,
4.864862859249115,
0.9582018107175827,
4.423530101776123,
5.0,
4.6761369705200195,
4.648334383964539,
4.855198562145233,
4.38161700963974,
0.6082681193947792,
4.66894268989563,
4.571107923984528,
5.0,
4.829115569591522,
3.8706976175308228,
4.135274887084961,
4.728639125823975,
4.502195417881012,
5.0,
4.796176552772522,
4.166976511478424,
4.477505683898926,
4.522466659545898,
5.000000596046448,
0.5914520472288132,
4.902026057243347,
4.615060389041901,
4.845520555973053,
5.0,
4.747384786605835,
3.035747706890106,
2.74152010679245,
4.556061923503876,
4.390729367733002,
2.290194034576416,
4.2786705493927,
4.939752817153931,
0.4840244725346565,
3.4786665439605713,
4.338740706443787,
4.396043419837952,
4.754277169704437,
5.0,
1.8611180782318115,
2.72614449262619,
3.0919137597084045,
5.000000596046448,
4.975326061248779,
5.000000596046448,
3.768109977245331,
5.000000596046448,
4.186254143714905,
4.14570152759552,
4.771883487701416,
4.120577573776245,
0.8277197182178497,
4.219885170459747,
4.857598841190338,
4.5720550417900085,
5.0,
4.586130976676941,
4.787969589233398,
5.0,
4.158083200454712,
1.9483572244644165,
2.0592233538627625,
4.880127012729645,
1.582939475774765,
3.1831008195877075,
4.982559382915497,
4.700750410556793,
3.9255303144454956,
5.000000596046448,
4.960726797580719,
4.5065271854400635,
4.372110366821289,
3.8598117232322693,
4.796556830406189,
4.599330127239227,
4.693496525287628,
5.000000596046448,
3.6776623129844666,
3.2795512676239014,
4.828521907329559,
4.1388556361198425,
4.736481010913849,
4.974961876869202,
4.157290458679199,
0.7170147448778152,
4.458031058311462,
5.0,
0.6026919186115265,
2.935868799686432,
4.718443751335144,
4.3818894028663635,
1.1019517481327057,
4.677284359931946,
4.8526787757873535,
3.741946220397949,
3.87370765209198,
4.029521346092224,
2.4557968974113464,
5.000000596046448,
4.1041237115859985,
4.503023624420166,
4.789683520793915,
4.0878671407699585,
4.916795194149017,
3.383292853832245,
4.704342782497406,
4.878230392932892,
4.608549475669861,
1.6311615705490112,
4.5955100655555725,
3.8613611459732056,
5.000000596046448,
3.056323528289795,
4.938451945781708,
4.6368712186813354,
4.326779842376709,
4.772597551345825,
4.497120678424835,
5.0,
4.6678853034973145,
4.619860351085663,
4.62697297334671,
0.20884031429886818,
5.0,
4.831142425537109,
4.546824395656586,
4.249686300754547,
4.513389766216278,
3.412805497646332,
4.555178582668304,
5.0,
4.9322351813316345,
1.364048570394516,
1.497979462146759,
5.0,
5.0,
4.989543557167053,
4.398534595966339,
4.709148108959198,
2.974073588848114,
5.0,
4.125768542289734,
4.709315598011017,
4.658480584621429,
3.228374421596527,
4.527866542339325,
5.0,
4.978088140487671,
4.465911388397217,
4.793482422828674,
4.834377467632294,
4.872573912143707,
4.788285791873932,
4.138299822807312,
4.395892024040222,
5.0,
4.394073784351349,
0.8726213127374649,
4.136374592781067,
4.5482125878334045,
3.613729178905487,
5.0,
4.938475489616394,
2.2175316512584686,
4.297128319740295,
4.5843106508255005,
4.572410583496094,
4.618156254291534,
3.985033929347992,
4.981134235858917,
4.589686393737793,
3.5314390063285828,
4.804307520389557,
1.7155106365680695,
5.000000596046448,
4.720348119735718,
4.719976186752319,
4.972858726978302,
4.900018572807312,
4.7636741399765015,
4.7686514258384705,
1.181022897362709,
2.9595690965652466,
5.000000596046448,
5.0,
3.496123254299164,
5.0,
4.765961468219757,
4.568666517734528,
4.067366421222687,
4.1688865423202515,
5.000000596046448,
-0.025402149185538292,
4.800349771976471,
3.565644919872284,
3.935503363609314,
4.405438005924225,
2.980159819126129,
4.546990692615509,
4.4269296526908875