1.371876448392868,
2.282625138759613,
2.341236174106598,
2.42268905043602,
4.335028529167175,
1.2126267701387405,
4.1176170110702515,
1.9197934865951538,
4.482594728469849,
1.262848824262619,
3.1317010521888733,
1.985677182674408,
2.099212259054184,
2.17340886592865,
1.5289394557476044,
0.44763121753931046,
2.131461352109909,
2.968962788581848,
2.4720950424671173,
2.140791118144989,
3.102635443210602,
2.3800569772720337,
1.202082559466362,
4.276975691318512,
4.5084622502326965,
2.6332953572273254,
2.937624156475067,
3.3287087082862854,
1.0416775941848755,
1.40311598777771,
3.4460896253585815,
2.975817620754242,
2.6835831999778748,
1.521921306848526,
2.8678184747695923,
1.0183385759592056,
3.1394118070602417,
0.8731388300657272,
2.4868400394916534,
0.9801845997571945,
3.212983012199402,
0.9428033232688904,
0.902499258518219,
1.5506312251091003,
1.7681288719177246,
0.5826152488589287,
0.8629294484853745,
2.4269069731235504,
2.7165016531944275,
1.7375075817108154,
2.653365731239319,
1.4586804807186127,
1.724569946527481,
1.555044800043106,
3.337615728378296,
3.1175366044044495,
1.811167448759079,
3.2746297121047974,
2.252415716648102,
1.3451120257377625,
0.9065449982881546,
2.831646502017975,
1.6234475374221802,
3.663243353366852,
1.7568348348140717,
0.7885264605283737,
1.6248293220996857,
1.3058571517467499,
1.541498750448227,
1.164575219154358,
2.9120656847953796,
0.21956156939268112,
0.8872458338737488,
2.052103281021118,
1.139204427599907,
2.316443920135498,
1.9133426249027252,
1.8336121737957,
1.1506690084934235,
2.653244435787201,
3.563207685947418,
0.9713352471590042,
0.712001845240593,
4.6723756194114685,
2.872152626514435,
2.72156685590744,
2.4588222801685333,
3.497636318206787,
2.4280627071857452,
1.755215972661972,
0.8463514596223831,
1.9130907952785492,
2.695571184158325,
1.6140441596508026,
1.2853226065635681,
4.644891917705536,
1.9678524136543274,
3.7678155303001404,
0.5714577808976173,
0.8597026020288467,
3.8326221704483032,
4.3278104066848755,
2.4564313888549805,
2.842644155025482,
1.090545505285263,
3.2257431745529175,
3.79193514585495,
3.1505918502807617,
1.4559723436832428,
1.7506058514118195,
2.2400955855846405,
3.0512455105781555,
1.618274450302124,
0.6865103542804718,
1.5438728034496307,
1.028071641921997,
0.8413097262382507,
1.9909587502479553,
2.4292580783367157,
4.299288094043732,
2.8227397799491882,
0.6015431508421898,
0.744946077466011,
2.802051305770874,
1.0304361581802368,
2.261143922805786,
1.5398137271404266,
3.0898332595825195,
3.9980781078338623,
2.0157869160175323,
1.1839154362678528,
1.8269269168376923,
3.3193278312683105,
1.4910222589969635,
3.6624589562416077,
2.3239226639270782,
3.9776062965393066,
1.1251553148031235,
0.43427273631095886,
2.551937699317932,
2.5183624029159546,
1.757415235042572,
0.8445914834737778,
3.911428153514862,
2.2756029665470123,
2.5330090522766113,
0.7011259347200394,
1.0246004164218903,
4.304360449314117,
2.2896847128868103,
4.5281752943992615,
1.6221441328525543,
3.8670125603675842,
1.5495344996452332,
1.144126057624817,
0.8197817951440811,
1.674259603023529,
1.400652527809143,
1.89208984375,
1.736680120229721,
3.539634644985199,
2.6734760403633118,
3.8752341270446777,
4.37416136264801,
4.4114744663238525,
1.2766842544078827,
2.21622571349144,
2.279185950756073,
1.0654561221599579,
1.7612013220787048,
1.7550897598266602,
3.658128082752228,
2.0790821313858032,
2.3829548060894012,
3.0780979990959167,
4.358551502227783,
2.516295909881592,
2.7557244896888733,
3.778603971004486,
3.60344797372818,
2.6861408352851868,
3.5462072491645813,
2.490622252225876,
3.4667330980300903,
2.341553717851639,
1.6140353679656982,
3.0700719356536865,
1.6952309012413025,
1.7121297121047974,
2.370675206184387,
1.9658221304416656,
1.0019835084676743,
3.6787909269332886,
1.349707543849945,
0.669323056936264,
0.9575923532247543,
3.3384209871292114,
3.360927999019623,
0.9888367354869843,
2.8596535325050354,
3.367276191711426,
1.497984528541565,
2.196037620306015,
3.707253634929657,
2.388206273317337,
1.8885177373886108,
4.752506613731384,
0.541447177529335,
2.8562697768211365,
3.9021989703178406,
2.98388808965683,
2.1062034368515015,
2.0747490227222443,
1.2393387407064438,
1.4577963948249817,
2.9003670811653137,
0.8050645142793655,
3.585766553878784,
1.6070349514484406,
2.539547085762024,
2.834406793117523,
4.407529532909393,
1.4326810836791992,
2.5803086161613464,
2.419489324092865,
1.0378019511699677,
2.0712561905384064,
0.8914633840322495,
1.9052262604236603,
1.5661172568798065,
3.0101054906845093,
1.0287876427173615,
1.8426844477653503,
0.7536700367927551,
2.4519209563732147,
2.2127416729927063,
2.283717393875122,
0.9398336708545685,
1.278655230998993,
2.4768009781837463,
2.2480426728725433,
2.849602699279785,
1.270994246006012,
0.956166535615921,
1.4793948829174042,
2.4119557440280914,
3.1872880458831787,
2.7646228671073914,
2.9264381527900696,
2.8991618752479553,
0.9025190770626068,
2.525554597377777,
1.7921386659145355,
2.696704864501953,
1.6287977993488312,
3.656928837299347,
1.6133727133274078,
2.993326485157013,
2.7760228514671326,
2.4798427522182465,
1.829245239496231,
2.8990590572357178,
0.4710565507411957,
0.8302558213472366,
3.167484700679779,
2.1248656511306763,
1.795266568660736,
0.8548900485038757,
1.5706923604011536,
2.05202117562294,
0.9893124550580978,
1.560179591178894,
3.998318612575531,
2.3723210394382477,
1.3887113332748413,
1.7478889226913452,
2.248964309692383,
3.0923616886138916,
2.3395714163780212,
4.432850480079651,
1.9265398383140564,
1.7105810344219208,
1.3965333998203278,
1.4525893330574036,
1.0549280792474747,
1.4960794150829315,
0.7606601715087891,
1.4378942549228668,
1.9022095203399658,
1.7484310269355774,
2.1640920639038086,
3.418773114681244,
3.8708871603012085,
1.847643256187439,
1.1962729692459106,
1.0923898220062256,
2.007283866405487,
1.8437793850898743,
1.4088036119937897,
2.7399057149887085,
3.0008363723754883,
1.7813384532928467,
3.7024277448654175,
3.0237919092178345,
2.622450590133667,
0.4240618273615837,
0.6050281226634979,
0.9462273865938187,
3.046305775642395,
2.5210991501808167,
3.6151230335235596,
2.622724175453186,
3.892465829849243,
1.4504484832286835,
0.7024072855710983,
1.7517687380313873,
3.9217007160186768,
3.0003830790519714,
0.30924616381525993,
3.3248206973075867,
2.1440866589546204,
1.1443416774272919,
0.7525884360074997,
3.892531096935272,
0.8601398766040802,
3.390839397907257,
4.275155961513519,
3.749038577079773,
1.3830207288265228,
3.274431526660919,
2.372010052204132,
3.199174404144287,
1.7408888041973114,
3.7794527411460876,
3.2003438472747803,
2.7856603264808655,
0.8820533007383347,
0.6586428731679916,
1.31101593375206,
2.1838736534118652,
4.088117480278015,
1.9531461596488953,
2.3360075056552887,
0.7122570276260376,
2.2778016328811646,
1.9061994552612305,
2.5191646814346313,
2.989776134490967,
2.4479514360427856,
4.19449508190155,
2.1416321396827698,
3.4796202182769775,
2.1730799973011017,
2.7255603671073914,
1.0577740520238876,
2.3554767668247223,
1.0640471428632736,
2.198570817708969,
0.16686208546161652,
3.4154900908470154,
2.598610520362854,
1.854148805141449,
0.9885140508413315,
1.3250154256820679,
0.16859347000718117,
2.062579393386841,
0.8865395188331604,
1.1477406322956085,
2.4231156706809998,
2.6824894547462463,
1.8260112404823303,
3.8973388075828552,
2.920927107334137,
0.9631489962339401,
1.688467562198639,
2.3401451110839844,
3.4688836336135864,
1.6060470044612885,
1.4474737644195557,
2.658005654811859,
3.7375035881996155,
3.4477758407592773,
2.9988327622413635,
1.9950568675994873,
1.941157728433609,
2.484312653541565,
3.1846585869789124,
1.3794748485088348,
0.6929327547550201,
1.6118697822093964,
2.565169334411621,
2.681742012500763,
3.109970986843109,
2.0510540902614594,
2.6994898915290833,
2.5006985664367676,
2.653167247772217,
1.9823670387268066,
1.184309795498848,
3.6685913801193237,
1.002904400229454,
1.2718965113162994,
2.0465154945850372,
3.271458148956299,
1.8111781775951385,
1.3449834287166595,
0.8144551515579224,
3.6090078949928284,
2.4982239305973053,
1.6749307513237,
1.6880573332309723,
1.434810608625412,
1.7507275938987732,
1.6552923619747162,
3.5513484477996826,
1.9164738059043884,
1.759016364812851,
1.380206048488617,
3.438386023044586,
2.0833633840084076,
2.7736127376556396,
2.458024173974991,
1.0862182825803757,
3.3576053380966187,
2.2839748859405518,
2.0083677768707275,
0.2899497002363205,
3.696826696395874,
3.1374189257621765,
0.585751011967659,
3.261083960533142,
1.581806093454361,
2.00303316116333,
1.7681436240673065,
3.306717872619629,
1.6060379147529602,
3.8856935501098633,
0.8284386992454529,
1.7534203827381134,
0.7316421717405319,
0.40128257125616074,
4.854124188423157,
2.4850736558437347,
4.0324413776397705,
3.6109837889671326,
2.242940068244934,
0.3883344680070877,
2.7287480235099792,
3.8122639060020447,
1.7527243494987488,
1.0364577919244766,
3.8543641567230225,
3.7664970755577087,
1.2124982476234436,
1.5294168889522552,
1.6089028120040894,
1.3314923644065857,
2.1540993452072144,
1.5632955729961395,
2.611861824989319,
1.2060332298278809,
0.9799789637327194,
1.0297907143831253,
0.7830461859703064,
3.7643402814865112,
3.81772518157959,
3.1155166029930115,
2.7144894003868103,
2.552941143512726,
2.170114815235138,
0.3745831549167633,
4.421388506889343,
4.169317185878754,
2.9394766688346863,
1.1745292693376541,
2.1346481144428253,
3.1566408276557922,
2.1598289906978607,
1.7880983650684357,
2.8589031100273132,
1.4446108043193817,
2.4294620752334595,
3.5866954922676086,
1.9825391471385956,
2.0177528262138367,
3.760477304458618,
2.0635826885700226,
3.1993567943573,
2.5282347202301025,
1.9784870743751526,
3.5602959990501404,
2.892184257507324,
2.3011158406734467,
3.326476216316223,
1.34319007396698,
2.1372222900390625,
0.3675543889403343,
4.024209082126617,
1.7495249211788177,
2.5713154673576355,
1.633784919977188,
2.8247639536857605,
4.842269122600555,
1.1426547914743423,
0.706920400261879,
1.5491731464862823,
2.1559756994247437,
3.5713329911231995,
1.276649534702301,
3.781844973564148,
1.553315669298172,
0.391886830329895,
0.33269505947828293,
1.0496926307678223,
1.3005803525447845,
1.2586784362792969,
2.742338478565216,
1.173493042588234,
2.0724716782569885,
4.1755786538124084,
3.136589527130127,
2.948830723762512,
1.564599871635437,
2.3074962198734283,
1.7620034515857697,
1.4455458521842957,
1.497257649898529,
1.3410836458206177,
3.9473244547843933,
1.0092376917600632,
3.5272735357284546,
1.009330376982689,
1.363624483346939,
2.1048755943775177,
2.961678206920624,
0.4842102900147438,
3.994475305080414,
1.8536293506622314,
2.677375376224518,
1.5760715305805206,
3.6346492171287537,
1.6204777359962463,
2.7106037735939026,
1.486126035451889,
2.94537752866745,
2.9955506324768066,
3.0897533893585205,
1.4070139825344086,
2.842376232147217,
1.6179119050502777,
1.511342078447342,
2.2347280383110046,
2.1882152557373047,
2.257905453443527,
2.0743654668331146,
2.892875373363495,
1.2367919832468033,
4.10431981086731,
2.1625562012195587,
3.287298083305359,
1.2836772203445435,
1.4789170026779175,
1.3942532241344452,
1.1155495792627335,
1.7066721618175507,
1.591535359621048,
1.2224265933036804,
1.9616428017616272,
3.979925513267517,
2.4865806102752686,
2.8832417726516724,
2.256333976984024,
3.230045735836029,
3.4670162200927734,
2.733338475227356,
2.29178786277771,
2.7095815539360046,
1.4793859422206879,
2.317919284105301,
0.8108806610107422,
2.9842588305473328,
1.2734131515026093,
2.5128889083862305,
1.1581391841173172,
2.045968770980835,
1.1486121267080307,
3.412374258041382,
3.6697176098823547,
2.865571975708008,
2.1515049040317535,
1.637151837348938,
1.1228873580694199,
3.0496245622634888,
2.07020565867424,
3.441650867462158,
3.007999360561371,
4.125160872936249,
1.444036066532135,
1.3648878037929535,
2.060881406068802,
3.14515084028244,
2.0549777150154114,
1.0903200507164001,
2.6605594158172607,
2.0836299657821655,
1.3193659484386444,
1.8979065120220184,
1.261395663022995,
3.8082900643348694,
2.455274760723114,
1.7248375713825226,
1.4711861312389374,
2.965528666973114,
3.236514627933502,
4.742288589477539,
0.14008170925080776,
2.1531543135643005,
1.8857140839099884,
1.047762781381607,
1.2389378249645233,
4.54727977514267,
4.058095216751099,
2.0345884561538696,
4.122449159622192,
1.2903453409671783,
1.4627674221992493,
3.455221951007843,
2.4873213469982147,
1.7633138597011566,
1.4927737414836884,
3.056102693080902,
0.6812693178653717,
4.133538603782654,
3.666234612464905,
2.60075181722641,
0.9689126163721085,
1.41778364777565,
2.797189950942993,
1.4902755618095398,
1.2106326222419739,
1.8996033072471619,
0.9392572939395905,
0.669899508357048,
1.548037976026535,
1.4436323940753937,
4.260336458683014,
0.6159626320004463,
1.5555107593536377,
1.918448954820633,
2.334640473127365,
1.0995027422904968,
2.1665841341018677,
2.1769922971725464,
0.5079538002610207,
2.0265597105026245,
1.7846474051475525,
1.4565633237361908,
2.909252941608429,
1.7282935976982117,
3.14230740070343,
2.14853897690773,
2.777106463909149,
1.1813866347074509,
2.1655789017677307,
1.1514613777399063,
1.140640527009964,
1.3803358376026154,
0.8086331933736801,
3.071918487548828,
3.5913479328155518,
2.950994074344635,
2.515183985233307,
4.408614933490753,
1.1331471055746078,
2.728961706161499,
2.877291738986969,
1.5129977464675903,
1.0542956739664078,
3.097481429576874,
2.0898252725601196,
2.06844225525856,
2.608739733695984,
1.1555411666631699,
2.2815725207328796,
3.15237820148468,
1.7227336764335632,
2.837236523628235,
3.8031816482543945,
2.258184552192688,
3.8734206557273865,
2.4400435388088226,
1.927020400762558,
2.0618940889835358,
1.694183200597763,
0.9295567870140076,
1.4614573121070862,
3.68537575006485,
1.5900824964046478,
2.4246419966220856,
2.679324448108673,
1.8338793516159058,
1.2843893468379974,
0.5491258203983307,
1.591363251209259,
2.850172519683838,
1.7364287376403809,
3.6078283190727234,
1.93036288022995,
2.114346921443939,
1.3739016652107239,
2.3464688658714294,
1.7086698114871979,
0.9737091511487961,
1.8661832809448242,
4.0313708782196045,
2.89630264043808,
3.6677536368370056,
1.9718663394451141,
3.0994144082069397,
4.421388506889343,
2.9227226972579956,
3.1115514039993286,
1.7406842112541199,
2.558535933494568,
3.1978166103363037,
1.7014171183109283,
1.2879227101802826,
2.8972548246383667,
1.5302465856075287,
3.848188817501068,
1.8901234865188599,
1.4648787677288055,
1.0942237079143524,
1.0000340640544891,
1.393446922302246,
3.131295144557953,
1.4657334983348846,
0.5643203854560852,
1.3284094631671906,
2.092188596725464,
0.7186837494373322,
1.101638302206993,
1.7525480687618256,
1.9914375245571136,
2.576221227645874,
3.564118444919586,
1.2074057012796402,
1.0045582801103592,
1.0457123816013336,
4.583411514759064,
1.9362081587314606,
2.4829450249671936,
1.1775372922420502,
2.18948632478714,
4.842269122600555,
1.845790296792984,
2.6839548349380493,
2.0790821313858032,
2.7746552228927612,
2.8410616517066956,
1.9603359699249268,
1.652941256761551,
1.7176960408687592,
2.379460781812668,
2.2468645870685577,
1.7161108553409576,
2.2347314655780792,
0.6650827825069427,
0.753830224275589,
2.1017052233219147,
0.16865191981196404,
0.6764815002679825,
4.061238467693329,
1.201997920870781,
1.1574675887823105,
1.978173851966858,
2.6233959197998047,
3.169373869895935,
1.2710966169834137,
2.8937935829162598,
1.4017874002456665,
1.7729820311069489,
1.59022256731987,
1.1443281918764114,
2.9607605934143066,
1.2648694217205048,
0.9736869484186172,
3.4830689430236816,
2.878764569759369,
3.2426759600639343,
3.4946250915527344,
2.4053122103214264,
3.415990471839905,
1.4645171165466309,
0.3145023062825203,
2.217957377433777,
2.1935726702213287,
1.185876876115799,
2.131754904985428,
1.0544340312480927,
2.7152565121650696,
2.477213591337204,
1.647208333015442,
2.8984493017196655,
3.118094801902771,
3.308219313621521,
2.189321517944336,
1.2024858593940735,
2.0477671921253204,
1.2618263065814972,
1.9886422157287598,
2.7399972081184387,
0.35429276525974274,
3.0152183771133423,
1.6794215142726898,
3.8084566593170166,
1.549462229013443,
1.483033448457718,
0.7175455242395401,
0.510747954249382,
1.5261530876159668,
1.287579983472824,
1.5580904483795166,
1.7701774835586548,
0.29150137677788734,
3.9036503434181213,
2.678951919078827,
1.5577289462089539,
1.0765910893678665,
2.346295863389969,
-0.09303009137511253,
0.9302064776420593,
4.239318072795868,
1.4583609998226166,
2.1602804958820343,
2.2847039997577667,
2.2781911492347717,
3.7372171878814697,
2.742438316345215,
1.2895746529102325,
3.7716135382652283,
4.0397608280181885,
0.38044046610593796,
3.87683242559433,
2.2555027902126312,
2.814173102378845,
2.38448828458786,
0.34810952842235565,
2.3701027035713196,
4.839056730270386,
2.1305714547634125,
0.6483421474695206,
3.5960355401039124,
3.306126892566681,
2.0939618349075317,
3.4669259190559387,
1.228850930929184,
1.3399869203567505,
1.4015835523605347,
1.7677555978298187,
1.8134425580501556,
2.2128908336162567,
4.828172922134399,
3.043532073497772,
0.5165540799498558,
1.738656759262085,
3.3201798796653748,
1.8565601110458374,
3.1244415044784546,
0.8150456845760345,
1.820804923772812,
1.3441632688045502,
3.6149707436561584,
1.419558972120285,
1.1859937757253647,
1.5458695590496063,
2.2897011041641235,
3.830968737602234,
4.427559673786163,
4.317581951618195,
3.6197903752326965,
1.6440103948116302,
1.660715937614441,
3.9271095395088196,
2.2171801328659058,
2.282043695449829,
1.6805058717727661,
4.637942314147949,
2.211337089538574,
1.5181498229503632,
1.8631921708583832,
0.8776048570871353,
0.6574085354804993,
0.40642399340867996,
2.237287163734436,
1.1361952871084213,
1.24733105301857,
3.242964744567871,
3.354147970676422,
2.426951080560684,
1.571665108203888,
1.2996698915958405,
1.2798282504081726,
4.241821467876434,
1.0200920701026917,
1.212819591164589,
4.898982048034668,
1.3396860659122467,
4.765421450138092,
4.00553435087204,
2.581932842731476,
2.190857380628586,
3.169352412223816,
3.3046820759773254,
1.1647068709135056,
1.3550324738025665,
0.8795814961194992,
2.550238072872162,
1.1864599585533142,
0.8026202023029327,
1.9758664071559906,
3.937930464744568,
1.4059562981128693,
0.7573311030864716,
1.8557868897914886,
4.624647498130798,
2.285291403532028,
1.4070148766040802,
1.6292043030261993,
3.0240780115127563,
1.921411007642746,
3.979925513267517,
1.5090270340442657,
1.8058937788009644,
0.9681710600852966,
2.7900150418281555,
3.1117454171180725,
1.4496742188930511,
3.298710584640503,
1.0210810601711273,
1.749742180109024,
2.981162369251251,
0.7730384916067123,
1.579829752445221,
1.1818429082632065,
1.790461391210556,
1.5302780270576477,
1.2879227101802826,
1.7658816277980804,
1.9668632745742798,
2.784516215324402,
3.4992066025733948,
1.6199660301208496,
2.51546710729599,
2.9116588830947876,
2.991209030151367,
3.084237575531006,
2.4447862803936005,
3.1621092557907104,
1.4480827748775482,
2.3674073815345764,
1.1104996502399445,
0.8746561408042908,
1.4521963894367218,
2.236153483390808,
3.6357757449150085,
1.7854361236095428,
1.967189759016037,
0.6814850121736526,
1.098192036151886,
3.800470530986786,
4.190357327461243,
2.8859129548072815,
3.3424845337867737,
1.0806834697723389,
0.9445346146821976,
2.8622666001319885,
1.782183200120926,
1.2557129561901093,
2.7092012763023376,
1.228916198015213,
2.5785887241363525,
2.494749426841736,
0.8053520321846008,
2.6328200101852417,
3.01954448223114,
0.9676415473222733,
2.7030959725379944,
3.2582908868789673,
3.1340783834457397,
2.144288271665573,
1.18018738925457,
3.3966943621635437,
1.2004342675209045,
1.9305448234081268,
2.829959988594055,
3.146301805973053,
3.1969425082206726,
1.8803481757640839,
3.5500717163085938,
1.9454823434352875,
1.5316523611545563,
2.318758964538574,
2.276209741830826,
3.5350874066352844,
0.7478039711713791,
2.554338276386261,
1.6774383187294006,
2.250647246837616,
1.8536324799060822,
1.7671787738800049,
2.604963481426239,
2.2968919575214386,
0.8059114962816238,
0.6256233155727386,
2.3852431774139404,
2.5825825333595276,
2.13553324341774,
2.9030725359916687,
0.7629214227199554,
1.5385334193706512,
3.3945804834365845,
3.212846517562866,
2.3998114466667175,
1.2683337926864624,
2.1963347494602203,
2.1880151331424713,
0.9871966391801834,
2.5287535786628723,
1.7925798892974854,
0.35966333001852036,
3.991587460041046,
1.4426739513874054,
3.77167284488678,
1.9056370854377747,
1.9383835792541504,
1.5490980446338654,
3.5849034786224365,
1.8100979924201965,
1.118263229727745,
1.7142647504806519,
1.355164796113968,
1.1901955306529999,
1.5369561314582825,
0.6372597068548203,
3.0707427859306335,
3.061019778251648,
2.1483781933784485,
1.4309559762477875,
1.36018306016922,
2.8514736890792847,
2.8676730394363403,
1.9028615951538086,
3.7332332134246826,
2.8495919704437256,
1.605183482170105,
1.4309053122997284,
1.2688198685646057,
1.9210904836654663,
4.198538362979889,
3.7678155303001404,
3.326667547225952,
0.657409057021141,
2.382395416498184,
3.0582255125045776,
1.8769480288028717,
2.239217609167099,
1.268218606710434,
4.016252756118774,
3.1999126076698303,
2.9725804924964905,
1.7465689778327942,
2.2262856364250183,
1.0805297642946243,
3.9396080374717712,
1.965920329093933,
2.0099250972270966,
1.6053345799446106,
0.8819084614515305,
3.984149992465973,
0.6870874017477036,
2.0778198540210724,
1.1012108623981476,
0.9174404293298721,
1.3045544922351837,
1.1561999469995499,
1.5712594985961914,
1.9667473435401917,
1.0028643906116486,
1.6822366416454315,
2.5010108947753906,
4.432575702667236,
4.700068533420563,
1.4497216045856476,
1.236133724451065,
1.6945348680019379,
1.0570146888494492,
4.741513133049011,
2.3118795454502106,
2.806161344051361,
1.8046408891677856,
1.5841268002986908,
1.4760258793830872,
2.397501766681671,
2.2377295792102814,
2.224189043045044,
2.7035489678382874,
2.5855621695518494,
1.7459626495838165,
0.6139126047492027,
1.203586608171463,
2.7225124835968018,
2.7583885192871094,
3.329136371612549,
2.131320834159851,
2.5714322924613953,
1.507427990436554,
1.71209916472435,
2.850152850151062,
0.9608662873506546,
1.0827460885047913,
2.4105125665664673,
1.2644261121749878,
1.4998067915439606,
2.9352548718452454,
0.9120456129312515,
1.9572316110134125,
1.396942287683487,
3.3426693081855774,
3.2916411757469177,
1.039002165198326,
0.47973569482564926,
2.6417049765586853,
2.6274263858795166,
1.6614946722984314,
0.5890257656574249,
2.7412158250808716,
1.5817861258983612,
2.457338869571686,
2.480023056268692,
1.6149944067001343,
2.0086628198623657,
1.55282661318779,
2.7114352583885193,
2.0688778162002563,
1.0652853548526764,
2.2663329541683197,
2.401242256164551,
3.3879604935646057,
2.0894449949264526,
3.1548362970352173,
4.380089342594147,
2.29831263422966,
2.541446089744568,
1.2960244715213776,
2.7965667843818665,
4.721252620220184,
2.6940107345581055,
1.0399796813726425,
2.348637580871582,
2.2267307341098785,
2.6789766550064087,
3.0494239926338196,
2.660605013370514,
2.497631758451462,
2.116282880306244,
2.8089112043380737,
2.7901190519332886,
2.3627330362796783,
3.601748049259186,
1.1822143197059631,
1.3956829905509949,
1.966850906610489,
2.377498596906662,
2.6713094115257263,
3.894515335559845,
2.121955305337906,
4.816378057003021,
1.3033944368362427,
1.978899985551834,
2.3535875976085663,
4.148646593093872,
0.5989093333482742,
2.120947390794754,
1.116558238863945,
2.1037617325782776,
1.4886660873889923,
1.9760219752788544,
1.9803763926029205,
1.401793658733368,
1.0923609882593155,
1.2940897047519684,
4.260798692703247,
2.5803783535957336,
0.7009399682283401,
0.8732962608337402,
2.8870826959609985,
3.129635751247406,
2.549818754196167,
3.3315828442573547,
0.6167911365628242,
1.5581949055194855,
1.5112850069999695,
1.6865170001983643,
1.143634095788002,
3.5886353254318237,
2.7915161848068237,
2.158600091934204,
3.5670819878578186,
2.7363434433937073,
1.4141669869422913,
2.1767158806324005,
2.2634853422641754,
2.977338433265686,
2.000645101070404,
2.2750473022460938,
3.9065739512443542,
3.001616597175598,
2.667546272277832,
2.004600763320923,
1.227097138762474,
2.654329538345337,
2.581794261932373,
2.639760673046112,
1.0043247789144516,
0.7900945097208023,
2.0950549840927124,
3.007972538471222,
2.9362207651138306,
2.1632082760334015,
1.6334258019924164,
1.0700058937072754,
1.5245884656906128,
4.407529532909393,
2.8030693531036377,
2.717156410217285,
2.0172297954559326,
1.8338701128959656,
4.1527098417282104,
0.9568169713020325,
1.3214315474033356,
1.2584161758422852,
1.2129546701908112,
2.148726135492325,
1.1339610815048218,
0.7979309558868408,
1.4824573695659637,
0.9498175978660583,
4.170206189155579,
3.399529755115509,
1.1911815404891968,
2.8935658931732178,
2.752654552459717,
1.2690174579620361,
2.554238438606262,
1.834050714969635,
1.9036972522735596,
2.7283182740211487,
3.0149826407432556,
2.5212454795837402,
3.1163525581359863,
1.1370736360549927,
2.920699417591095,
3.882206678390503,
1.0827422142028809,
2.8402313590049744,
3.415990471839905,
2.046748399734497,
0.7025959342718124,
2.6691266894340515,
3.899940550327301,
2.8355425596237183,
1.5870292484760284,
1.396210640668869,
1.1037572473287582,
1.9618317484855652,
1.416424959897995,
3.498244285583496,
2.365909367799759,
1.4557728171348572,
1.137126162648201,
1.8617212772369385,
1.181725561618805,
3.367481529712677,
3.1599298119544983,
1.590408980846405,
2.177512049674988,
0.9084679931402206,
2.5932830572128296,
1.7542082071304321,
1.596124917268753,
0.9665241837501526,
3.1415599584579468,
4.093613922595978,
3.4768125414848328,
2.9075154662132263,
1.2045539915561676,
2.5482475757598877,
2.6027068495750427,
2.4489977955818176,
3.7712550163269043,
2.5129789113998413,
2.35276997089386,
3.0204489827156067,
1.899748295545578,
1.6072456538677216,
1.0960166156291962,
2.3386116325855255,
1.6098159551620483,
2.6259100437164307,
3.021622896194458,
2.5074994564056396,
1.3795764744281769,
3.1425368785858154,
3.2052358984947205,
1.3108889758586884,
1.3193392753601074,
-0.03774494398385286,
1.1947721242904663,
2.050846517086029,
2.4253004789352417,
3.0457940697669983,
2.594004273414612,
2.549041509628296,
3.2026407122612,
2.0420919358730316,
1.091906800866127,
1.4364732801914215,
4.12225216627121,
1.8581083416938782,
0.6462559103965759,
1.127297505736351,
1.8667000532150269,
2.374606877565384,
2.138134092092514,
1.1020884662866592,
1.2965765595436096,
1.8476003408432007,
2.5188127160072327,
2.152845859527588,
2.174215167760849,
1.4580218493938446,
1.3810576498508453,
3.945794999599457,
2.748750150203705,
3.4686776995658875,
2.7079010009765625,
4.199499785900116,
2.466992884874344,
1.4798997342586517,
2.136646956205368,
3.268255293369293,
2.3162801563739777,
0.5571282282471657,
1.0583098232746124,
3.145398497581482,
3.358086347579956,
2.5539201498031616,
1.6366995871067047,
2.583470046520233,
2.2528430819511414,
0.5830245092511177,
2.6879993081092834,
0.6642253696918488,
1.7609018087387085,
1.7963634431362152,
3.897292912006378,
2.456979751586914,
1.5474879741668701,
3.463110625743866,
2.529536187648773,
3.5177215933799744,
2.983994781970978,
4.311398267745972,
1.3208410143852234,
1.2367823719978333,
2.3582780361175537,
1.085369884967804,
3.232290744781494,
2.210337817668915,
2.3960529267787933,
0.5359992757439613,
2.203626036643982,
3.787645995616913,
1.4609766006469727,
2.0685598254203796,
1.4624390006065369,
2.212127596139908,
0.8254316449165344,
3.892616629600525,
3.9142218232154846,
1.8708990514278412,
3.6313116550445557,
4.210043251514435,
3.9249426126480103,
1.3330601155757904,
3.3188089728355408,
3.229919672012329,
3.218505382537842,
1.9198675453662872,
1.2758280336856842,
1.3444945216178894,
2.503243386745453,
1.3794654607772827,
1.7383737862110138,
1.3987331092357635,
1.8513782322406769,
1.122661903500557,
2.636198401451111,
1.2348081171512604,
0.953453779220581,
2.324672192335129,
1.4723558723926544,
1.1044371873140335,
1.0732530057430267,
2.342049777507782,
1.3700447976589203,
1.6062937676906586,
1.4663131535053253,
2.385021597146988,
3.2488110661506653,
1.8232741951942444,
1.2723195552825928,
1.4994189143180847,
1.4637038111686707,
1.9342881441116333,
2.7594178915023804,
2.017739713191986,
1.4520633220672607,
1.734326183795929,
1.1481140553951263,
1.943473368883133,
1.940043866634369,
0.39423171430826187,
0.4660746455192566,
1.0437073558568954,
1.9962532818317413,
2.5817033648490906,
1.1991295218467712,
3.228802978992462,
1.4064690470695496,
4.52104926109314,
2.105034440755844,
2.320711463689804,
0.7491026073694229,
1.3552534580230713,
2.5159573554992676,
0.9512673318386078,
2.2297267615795135,
2.2618402540683746,
1.3148440420627594,
0.942424014210701,
0.7920593768358231,
3.6168256402015686,
1.8606996536254883,
2.3564645648002625,
1.6559694707393646,
3.3785155415534973,
2.4320416152477264,
2.3526492714881897,
1.6388119757175446,
2.2461682558059692,
2.156655341386795,
1.6935580968856812,
1.1329285800457,
1.053878366947174,
2.0917345583438873,
1.7200356721878052,
1.6559210419654846,
1.4129194617271423,
4.32961642742157,
1.3960503041744232,
3.297301232814789,
1.3842743635177612,
1.8344587087631226,
1.0886604338884354,
2.1757568418979645,
1.8408319354057312,
1.6644084453582764,
3.100450038909912,
1.759255826473236,
2.36682265996933,
2.964419722557068,
3.0881229043006897,
0.5121729150414467,
1.0803546011447906,
1.2019498646259308,
2.736581265926361,
2.979649305343628,
2.3589181900024414,
1.4830529689788818,
0.9284011274576187,
1.6006101667881012,
1.8684543669223785,
0.47518350183963776,
2.7095890045166016,
1.7625530064105988,
1.8200808763504028,
0.8491270989179611,
4.332018196582794,
2.378188669681549,
3.026963472366333,
2.854538857936859,
2.06496998667717,
2.8181493282318115,
1.2016982585191727,
4.4791799783706665,
1.0675380378961563,
2.639094591140747,
2.1789872646331787,
1.903018206357956,
0.8320982754230499,
2.6726582646369934,
1.601012945175171,
1.288897693157196,
1.6375310719013214,
2.66991525888443,
3.8110581040382385,
3.9558520913124084,
2.025071233510971,
1.4344152808189392,
2.2641903162002563,
0.8693208545446396,
4.426751136779785,
2.1988707780838013,
1.54428169131279,
0.7795199006795883,
4.548356533050537,
2.202741503715515,
2.198263704776764,
1.4262200891971588,
1.2430870532989502,
2.0188961923122406,
0.6564529985189438,
1.4770837128162384,
1.3139228522777557,
2.293560951948166,
4.492717683315277,
2.5352317094802856,
3.2013601064682007,
0.176516305655241,
3.1430721282958984,
0.6544686108827591,
1.3696205615997314,
0.24899782612919807,
2.7366259694099426,
2.6931628584861755,
3.5541915893554688,
0.7645408064126968,
4.237010180950165,
1.0983844846487045,
1.647150069475174,
2.0879006385803223,
2.645704746246338