﻿0.9214582,
0.9397198,
0.8884237,
0.8925175,
0.9941886,
0.8845271,
0.9247198,
0.9154678,
0.98602766,
0.9174961,
0.8560316,
0.8811093,
0.9435322,
0.93914425,
0.9028002,
0.8526482,
0.8887413,
0.88960725,
0.9334207,
0.856763,
0.9882701,
0.9425054,
0.8877229,
0.9882701,
0.79728055,
0.9041914,
0.9827551,
0.99391305,
0.8726544,
0.9489912,
0.8695483,
0.90849286,
0.9482927,
0.84145856,
0.87464684,
0.8482825,
0.9581391,
0.9113696,
0.878877,
0.8355092,
0.97354186,
0.8628417,
0.8961195,
0.91219336,
0.84725237,
0.89176893,
0.8922736,
0.96675277,
0.9042004,
0.86363906,
0.8696925,
0.86605394,
0.90177643,
0.9047573,
0.9818371,
0.9556485,
0.8680735,
0.91203487,
0.910522,
0.91908467,
0.8331318,
0.85348344,
0.9126765,
0.89619035,
0.93835884,
0.826916,
0.94609815,
0.93130153,
0.8853333,
0.8285496,
0.8845716,
0.90425766,
0.9004721,
0.87262017,
0.8557438,
0.89322746,
0.8575879,
0.8501162,
0.86132926,
0.9316801,
0.92899394,
0.91991204,
0.9624978,
0.9177559,
0.9413996,
0.84904265,
0.9581391,
0.9042783,
0.8752888,
0.9156281,
0.8268701,
0.98253715,
0.90636265,
0.8781807,
0.9447306,
0.86417866,
0.93198705,
0.92466825,
0.86623734,
0.9726303,
0.96131253,
0.86502075,
0.82787025,
0.89243597,
0.95092005,
0.9816434,
0.88147384,
0.96887,
0.8871999,
0.82902277,
0.90487134,
0.7591868,
0.86885333,
0.91004515,
0.85603833,
0.93914425,
0.9423032,
0.8731107,
0.9048073,
0.9561167,
0.92521757,
0.88100666,
0.92444336,
0.8667489,
0.88722235,
0.87878877,
0.8862191,
0.9761926,
0.9811334,
0.88098675,
0.91841465,
0.90273136,
0.926526,
0.9850806,
0.9510278,
0.87867415,
0.9162757,
0.93593454,
0.9229922,
0.89131486,
0.8700246,
0.9882701,
0.91925025,
0.88480824,
0.9118966,
0.8796152,
0.9952197,
0.8577169,
0.96840036,
0.80801964,
0.90636265,
0.8895107,
0.9702594,
0.8619891,
0.9787022,
0.8868698,
0.857137,
0.9063178,
0.980636,
0.92417264,
0.87573326,
0.8814075,
0.88770324,
0.95525783,
0.9042004,
0.9885697,
0.9779706,
0.9639912,
0.87853825,
0.8850703,
0.88510054,
0.87500167,
0.93835884,
0.89386475,
0.9662867,
0.9092848,
0.8681949,
0.8509146,
0.96640456,
0.85348344,
0.88311136,
0.92272717,
0.86390406,
0.85348344,
0.9624978,
0.98185056,
0.8683251,
0.8233729,
0.85397494,
0.82981944,
0.84840226,
0.8744059,
0.8951191,
0.8821858,
0.972905,
0.91974866,
0.8743975,
0.8304135,
0.8886684,
0.8890131,
0.88433987,
0.96366656,
0.8594271,
0.9413996,
0.9243375,
0.85824615,
0.90694076,
0.9090849,
0.8848695,
0.89422333,
0.85294527,
0.8433686,
0.89485776,
0.88187104,
0.983703,
0.8481688,
0.99385303,
0.8559539,
0.8885642,
0.97882724,
0.9235888,
0.8605833,
0.9459513,
0.91908896,
0.925671,
0.92819864,
0.9760089,
0.87084705,
0.9082752,
0.9030806,
0.9090779,
0.9143107,
0.90827787,
0.98630553,
0.98213047,
0.84992,
0.83432883,
0.85563916,
0.8875629,
0.94610554,
0.9092554,
0.98350036,
0.8842625,
0.7944331,
0.9411113,
0.96246773,
0.88596135,
0.9438407,
0.8889815,
0.9835533,
0.9317157,
0.938113,
0.85774654,
0.983613,
0.86194646,
0.93612856,
0.86703676,
0.891976,
0.8505486,
0.8672224,
0.9700834,
0.962032,
0.89330924,
0.9085334,
0.90114146,
0.8488399,
0.8799026,
0.8464089,
0.94528204,
0.85548586,
0.9623947,
0.9532574,
0.91225106,
0.8396168,
0.9064929,
0.8174516,
0.9694166,
0.8549758,
0.8877229,
0.874845,
0.86060977,
0.9084528,
0.9201376,
0.86239004,
0.99439764,
0.880099,
0.9614431,
0.89610845,
0.93551517,
0.9049816,
0.87596095,
0.86956257,
0.91219336,
0.925671,
0.8977362,
0.92006856,
0.89519083,
0.8845716,
0.8465529,
0.9087088,
0.92268646,
0.8979608,
0.9494769,
0.9177637,
0.9935628,
0.9727421,
0.89955306,
0.8838663,
0.8462999,
0.8504931,
0.8723757,
0.8800587,
0.9494195,
0.85998017,
0.97728515,
0.9327732,
0.88421685,
0.8133833,
0.9556485,
0.90177643,
0.85757774,
0.8404763,
0.9671721,
0.8956204,
0.979994,
0.86090267,
0.8629867,
0.8659533,
0.8246789,
0.88773936,
0.83132523,
0.866272,
0.89042753,
0.83275115,
0.8128987,
0.93933654,
0.8904168,
0.93040377,
0.8971412,
0.80835706,
0.87464696,
0.9042783,
0.881616,
0.93730927,
0.96840036,
0.9297494,
0.8570346,
0.90973634,
0.87532294,
0.8790875,
0.88586456,
0.8965593,
0.9882701,
0.91650957,
0.8532955,
0.8553238,
0.8871999,
0.858269,
0.9616514,
0.8952759,
0.9882701,
0.89572567,
0.92329633,
0.90742016,
0.8780276,
0.8916821,
0.9882701,
0.9123411,
0.98071164,
0.86120933,
0.91284764,
0.9095777,
0.93866116,
0.87697667,
0.86813337,
0.88533187,
0.9098628,
0.90680444,
0.8577854,
0.98812395,
0.9641531,
0.8869919,
0.99318326,
0.8758793,
0.87856966,
0.91602445,
0.8999028,
0.886892,
0.95936817,
0.87926745,
0.8304135,
0.9210307,
0.87527424,
0.8860826,
0.89008373,
0.8748211,
0.8808529,
0.86220187,
0.89213943,
0.8604943,
0.91961306,
0.88533694,
0.9636517,
0.9792246,
0.84660035,
0.90078384,
0.9482927,
0.89386475,
0.8723757,
0.9162714,
0.8726127,
0.86139023,
0.9818233,
0.9230004,
0.8272895,
0.88510054,
0.85143816,
0.87845707,
0.8876429,
0.9226325,
0.90680444,
0.9428887,
0.91899276,
0.9512072,
0.9887248,
0.9772551,
0.86717993,
0.8954936,
0.9657233,
0.9565979,
0.94812936,
0.8952986,
0.8897518,
0.90414685,
0.7533531,
0.8902994,
0.8779247,
0.8749455,
0.85658157,
0.86602247,
0.9316801,
0.80020565,
0.89297533,
0.91272646,
0.9166677,
0.8755932,
0.8883431,
0.87253344,
0.9019754,
0.9641531,
0.86475194,
0.9280251,
0.9675487,
0.91475356,
0.93785864,
0.88610935,
0.88726133,
0.8966916,
0.8833886,
0.97816855,
0.8249139,
0.9095777,
0.9221079,
0.80704564,
0.9682962,
0.9432788,
0.90490866,
0.960542,
0.8959475,
0.86583894,
0.9890473,
0.8620783,
0.8808773,
0.8395386,
0.91646135,
0.86205536,
0.8936692,
0.8522494,
0.9747215,
0.90234584,
0.8660449,
0.9075522,
0.9138781,
0.8819499,
0.8895592,
0.87909037,
0.8608869,
0.8320027,
0.88305086,
0.9387583,
0.89747643,
0.83025277,
0.93673086,
0.8572001,
0.9162714,
0.88776743,
0.918045,
0.87378776,
0.90791136,
0.81689125,
0.86205536,
0.84004563,
0.8520608,
0.9284174,
0.8713018,
0.90714175,
0.86632836,
0.90807545,
0.89792085,
0.9324591,
0.9338306,
0.8453015,
0.92305446,
0.91796935,
0.8858704,
0.86869514,
0.9945884,
0.88873106,
0.9660356,
0.9494769,
0.91224295,
0.9240709,
0.8788242,
0.9504749,
0.9112752,
0.899077,
0.96434814,
0.96658206,
0.981191,
0.8937121,
0.84808147,
0.90791136,
0.9730887,
0.9574423,
0.91538686,
0.87748194,
0.8731108,
0.99356276,
0.8803561,
0.94337124,
0.8184772,
0.85518926,
0.7788761,
0.9899768,
0.8831807,
0.9517884,
0.847982,
0.8835229,
0.8984806,
0.8152195,
0.8657536,
0.8887413,
0.9421017,
0.8895635,
0.9651779,
0.82694966,
0.9208464,
0.91037774,
0.85241693,
0.9882701,
0.83770984,
0.8607863,
0.87324494,
0.88100666,
0.8773226,
0.9002777,
0.8676541,
0.9118085,
0.8780342,
0.87397504,
0.9112752,
0.88320285,
0.87661695,
0.9473095,
0.9154807,
0.8744435,
0.9387204,
0.9118966,
0.8704197,
0.9492495,
0.9834545,
0.87657255,
0.98602766,
0.8526709,
0.94253683,
0.922826,
0.8389515,
0.9084528,
0.9041914,
0.9878173,
0.95525783,
0.89879525,
0.8828066,
0.8613748,
0.87573326,
0.98460543,
0.8889815,
0.86552584,
0.97790426,
0.8968904,
0.87214696,
0.9095777,
0.8496687,
0.8713552,
0.95484996,
0.8667229,
0.96656424,
0.92272717,
0.8312324,
0.8830556,
0.9024254,
0.88151693,
0.92460316,
0.91475356,
0.86309236,
0.86205536,
0.9135772,
0.91532016,
0.9690643,
0.87026465,
0.8660863,
0.91106457,
0.9343762,
0.9007124,
0.87678075,
0.8418792,
0.9118085,
0.857252,
0.9014871,
0.9013161,
0.87845707,
0.88847744,
0.89321405,
0.87952924,
0.9276625,
0.90925986,
0.9300829,
0.8536265,
0.8702819,
0.9083746,
0.8664459,
0.9001762,
0.8799177,
0.84028786,
0.86472046,
0.8887413,
0.93914425,
0.87852585,
0.8835728,
0.9293912,
0.88823295,
0.9130128,
0.868344,
0.8951191,
0.9171053,
0.9739116,
0.8577331,
0.8750731,
0.93888354,
0.84744775,
0.909249,
0.90009403,
0.89562625,
0.9517411,
0.8687188,
0.86205536,
0.90580726,
0.8970884,
0.9122152,
0.95720565,
0.8513985,
0.93551517,
0.8871252,
0.97265613,
0.8803435,
0.75874937,
0.9083746,
0.92596996,
0.8599847,
0.8868706,
0.93914425,
0.9636517,
0.88610935,
0.7936333,
0.88791704,
0.9429789,
0.93942046,
0.9685513,
0.90114146,
0.9508197,
0.9532574,
0.8978887,
0.8309174,
0.9710769,
0.87690145,
0.8572001,
0.8495963,
0.9460822,
0.9887248,
0.88581705,
0.9090849,
0.8752722,
0.9304807,
0.901061,
0.8714886,
0.8918432,
0.9908783,
0.8552185,
0.84969604,
0.88581705,
0.9722466,
0.8810689,
0.9289796,
0.93138564,
0.9814762,
0.90524703,
0.86025864,
0.9280251,
0.8748305,
0.80868834,
0.88572186,
0.8695372,
0.9489232,
0.9248553,
0.92061746,
0.9156281,
0.9469941,
0.8336398,
0.9516105,
0.9678941,
0.92209005,
0.90517324,
0.87022656,
0.90254635,
0.8838375,
0.85930395,
0.9139749,
0.8793982,
0.89519083,
0.855234,
0.9284966,
0.87154555,
0.9390709,
0.8443982,
0.8629382,
0.854677,
0.8650457,
0.85992944,
0.9156775,
0.8342336,
0.8605167,
0.97714806,
0.9356248,
0.9558485,
0.93835884,
0.9473095,
0.8811971,
0.9533358,
0.9549168,
0.94221735,
0.83545774,
0.9098538,
0.89495593,
0.9113728,
0.93468916,
0.85588074,
0.98940915,
0.8575879,
0.92061746,
0.9908783,
0.8851589,
0.861713,
0.87743753,
0.9138224,
0.88367194,
0.98657167,
0.9882701,
0.8600058,
0.88975745,
0.9067734,
0.9243375,
0.9288847,
0.91644377,
0.9777567,
0.89759964,
0.9420996,
0.9561167,
0.9726562,
0.8916821,
0.8793028,
0.90614784,
0.85941064,
0.9882701,
0.8532153,
0.8539834,
0.83352035,
0.8039757,
0.87475526,
0.89207006,
0.9814912,
0.836871,
0.8890381,
0.89358866,
0.9882701,
0.8415316,
0.8532992,
0.8730486,
0.83040273,
0.93468916,
0.91694725,
0.8912746,
0.90126896,
0.8635281,
0.98107517,
0.9056385,
0.9183046,
0.9166677,
0.85155576,
0.9135772,
0.96672463,
0.9512072,
0.85626656,
0.88617074,
0.8712481,
0.85792315,
0.9334207,
0.9574423,
0.8832386,
0.82629085,
0.8068014,
0.8920334,
0.836479,
0.8880122,
0.8565331,
0.8890153,
0.854003,
0.872233,
0.87201536,
0.8965311,
0.9854986,
0.883938,
0.86048096,
0.84808147,
0.92444336,
0.86949015,
0.97728515,
0.93405885,
0.9143516,
0.85633135,
0.9152915,
0.8702955,
0.86612487,
0.89429677,
0.85960495,
0.89599407,
0.9432788,
0.87739044,
0.8585213,
0.878336,
0.9702594,
0.93835884,
0.8395027,
0.9437264,
0.9083746,
0.97635937,
0.8752578,
0.8447731,
0.86710304,
0.888536,
0.94488794,
0.88658124,
0.83815694,
0.885579,
0.90479195,
0.8572001,
0.8818078,
0.8813182,
0.861022,
0.8761096,
0.9882701,
0.844415,
0.8696419,
0.87373406,
0.8806309,
0.87057745,
0.96273184,
0.85910046,
0.8722818,
0.86963856,
0.9584914,
0.8961559,
0.8455722,
0.9258913,
0.8620971,
0.892329,
0.8833876,
0.84735775,
0.8936734,
0.8977228,
0.90748256,
0.9276082,
0.9171015,
0.9835533,
0.9435078,
0.91202444,
0.82482785,
0.88183665,
0.8700858,
0.83229196,
0.8931679,
0.8647813,
0.8476895,
0.91004515,
0.8718198,
0.90742016,
0.88251394,
0.8850958,
0.8249167,
0.8851101,
0.9347031,
0.85696334,
0.9174287,
0.8812759,
0.9700834,
0.8448477,
0.8895635,
0.9222709,
0.8639497,
0.8702819,
0.8661912,
0.87543607,
0.9584914,
0.8888492,
0.9532762,
0.89422333,
0.9229922,
0.8764682,
0.8839007,
0.89124006,
0.8766621,
0.9094566,
0.89793605,
0.8767807,
0.91887003,
0.88991594,
0.9322388,
0.91284764,
0.9164162,
0.853492,
0.82051677,
0.9114448,
0.9513654,
0.88818526,
0.8742428,
0.9662588,
0.97728515,
0.99385303,
0.8565286,
0.91085243,
0.9029643,
0.9083746,
0.9675487,
0.8428839,
0.8644108,
0.9174129,
0.87464696,
0.87172425,
0.9140535,
0.8845271,
0.8282203,
0.9469941,
0.8975196,
0.940996,
0.90827787,
0.86649615,
0.962032,
0.9552194,
0.96416324,
0.89724094,
0.86289096,
0.9137507,
0.8684127,
0.8796649,
0.89256376,
0.9240709,
0.9331148,
0.85851586,
0.8818187,
0.8728837,
0.883608,
0.8881169,
0.8790077,
0.9549168,
0.88087815,
0.8887413,
0.820126,
0.954954,
0.8561174,
0.8895635,
0.9073453,
0.8503758,
0.87846756,
0.86455584,
0.8842625,
0.9094493,
0.85330737,
0.82692224,
0.87155044,
0.8648606,
0.88305086,
0.8724174,
0.8660983,
0.91184527,
0.83581924,
0.8877229,
0.8845716,
0.9509579,
0.96273184,
0.8467237,
0.8572606,
0.9397555,
0.9641531,
0.9010049,
0.9498957,
0.89955306,
0.9745311,
0.898378,
0.8460504,
0.87867755,
0.9207993,
0.87369555,
0.95225954,
0.8579214,
0.9219288,
0.8907921,
0.84840226,
0.8124147,
0.84969604,
0.8858704,
0.9002777,
0.8059824,
0.89539474,
0.8916924,
0.9923259,
0.8708033,
0.7779125,
0.91908467,
0.9134858,
0.9028002,
0.9024178,
0.91574323,
0.861713,
0.8803203,
0.8645498,
0.85348344,
0.8625707,
0.86700374,
0.8100792,
0.8747502,
0.88096625,
0.99730897,
0.865825,
0.89330924,
0.86864513,
0.8865177,
0.8550103,
0.93972886,
0.88510054,
0.9171667,
0.9697598,
0.90534484,
0.8766199,
0.87091124,
0.8826961,
0.89412653,
0.8625707,
0.87797475,
0.876321,
0.9347031,
0.9098414,
0.8991622,
0.82348144,
0.9763438,
0.8632824,
0.80298716,
0.8561338,
0.8862191,
0.86189985,
0.9289796,
0.88627523,
0.8887445,
0.8845855,
0.9139302,
0.8249264,
0.8688907,
0.92305446,
0.8878501,
0.8979926,
0.89008373,
0.9253103,
0.89101183,
0.89197785,
0.8599495,
0.8156922,
0.8393099,
0.9092848,
0.8850958,
0.92126256,
0.9287941,
0.9882701,
0.85633135,
0.9513654,
0.8808529,
0.86598843,
0.952951,
0.9040407,
0.9128696,
0.90669966,
0.8196287,
0.8115955,
0.9156775,
0.8854501,
0.90191674,
0.8323778,
0.8604561,
0.870956,
0.87218666,
0.9660356,
0.87782365,
0.92819864,
0.84483576,
0.89041,
0.9081141,
0.86659867,
0.8577589,
0.92006856,
0.8497167,
0.8702041,
0.8706626,
0.88305086,
0.8448386,
0.88637716,
0.85399723,
0.94337124,
0.8520752,
0.87328106,
0.9098414,
0.87763685,
0.90126896,
0.9945884,
0.85794735,
0.9818371,
0.87838596,
0.8920334,
0.89777833,
0.91202444,
0.9343762,
0.91037774,
0.86220187,
0.84990305,
0.85197324,
0.90425766,
0.9080973,
0.884055,
0.87791705,
0.864869,
0.88513637,
0.9516105,
0.8967163,
0.8757652,
0.90345573,
0.8916236,
0.8575879,
0.86688364,
0.9303677,
0.92272717,
0.868334,
0.98657167,
0.91085243,
0.9814762,
0.87291914,
0.86632836,
0.8691259,
0.88510054,
0.8537175,
0.8757807,
0.9651779,
0.90929455,
0.88389593,
0.8895635,
0.89948076,
0.846605,
0.952951,
0.8296385,
0.8834368,
0.9265349,
0.91914344,
0.93835884,
0.8967163,
0.89422655,
0.9013198,
0.86041266,
0.84095466,
0.88125145,
0.9067734,
0.8575879,
0.8768782,
0.88510054,
0.9882701,
0.8345599,
0.9073756,
0.916678,
0.82539505,
0.8494519,
0.96656424,
0.8496053,
0.8698291,
0.87344056,
0.87843055,
0.8959037,
0.8954422,
0.8919724,
0.934131,
0.8185383,
0.8622095,
0.89539474,
0.8832386,
0.9152915,
0.91209733,
0.9438407,
0.9276082,
0.8393275,
0.85885143,
0.8637941,
0.8831807,
0.8965544,
0.91602445,
0.8423941,
0.86969495,
0.9007279,
0.8755666,
0.9028442,
0.8576246,
0.9494195,
0.87005836,
0.90807545,
0.86205536,
0.85485953,
0.8538707,
0.89483917,
0.859253,
0.83534366,
0.85824615,
0.84028786,
0.89392304,
0.8819805,
0.77887404,
0.87886053,
0.8391588,
0.8575879,
0.97635937,
0.8657894,
0.89562625,
0.9109851,
0.8423278,
0.8783513,
0.9303675,
0.8757807,
0.8683132,
0.8040531