3.325103223323822,
4.616328775882721,
2.3880231380462646,
2.0892301201820374,
3.7752187252044678,
4.015449285507202,
2.6695191860198975,
4.100598394870758,
4.912616312503815,
3.815111517906189,
3.1613528728485107,
3.272809684276581,
3.5044604539871216,
3.361670970916748,
2.796551287174225,
2.711499333381653,
2.959240972995758,
2.9869890213012695,
4.652572870254517,
4.435113966464996,
4.912382662296295,
4.298256933689117,
2.5851741433143616,
4.912382662296295,
2.3181867599487305,
3.433181643486023,
4.931025505065918,
4.9774810671806335,
2.9790228605270386,
4.7618043422698975,
3.1542906165122986,
2.985127866268158,
4.058872163295746,
3.1299468874931335,
3.25457364320755,
2.383015602827072,
4.8069873452186584,
3.3358854055404663,
4.126858115196228,
1.6603022813796997,
4.784227013587952,
3.312419354915619,
3.3377254009246826,
3.149099349975586,
3.8771912455558777,
2.5125619769096375,
2.06333264708519,
4.908114671707153,
2.755405008792877,
2.8012296557426453,
2.236601412296295,
3.868664801120758,
2.932102084159851,
1.4116330444812775,
4.826020896434784,
4.5449188351631165,
1.5055325627326965,
3.0523374676704407,
3.2526344060897827,
4.446002542972565,
3.1332504749298096,
3.5506626963615417,
2.7322933077812195,
4.373953640460968,
3.4211543202400208,
0.7211627066135406,
4.788303375244141,
4.096001982688904,
3.021456003189087,
3.453068435192108,
2.648245692253113,
2.8820183873176575,
4.149500727653503,
3.02412211894989,
4.182366728782654,
3.516663610935211,
3.6469751596450806,
0.13607214204967022,
3.0529391765594482,
4.069118797779083,
4.313400387763977,
3.8416770100593567,
4.897770881652832,
4.377028048038483,
4.650484919548035,
2.655000388622284,
4.8069873452186584,
2.5350916385650635,
4.041707515716553,
3.697662353515625,
0.5096831172704697,
4.583335518836975,
3.03542822599411,
2.513442635536194,
4.448040723800659,
2.0976898074150085,
4.7085124254226685,
3.2939958572387695,
2.966441810131073,
4.80780690908432,
4.711901247501373,
2.334449142217636,
2.9148441553115845,
2.3571544885635376,
4.589772820472717,
3.042559325695038,
2.0897404849529266,
4.4911617040634155,
3.291276693344116,
3.94216388463974,
3.0634790658950806,
1.2296577543020248,
4.005490243434906,
2.781441807746887,
0.7064701616764069,
3.361670970916748,
4.427409470081329,
3.5700076818466187,
4.216020405292511,
4.3993812799453735,
3.120349645614624,
2.435203492641449,
4.150902628898621,
3.516351282596588,
3.561754822731018,
0.838264599442482,
3.261246085166931,
4.57907646894455,
4.68706339597702,
2.498415857553482,
3.642689883708954,
3.9203494787216187,
4.319792091846466,
4.686864018440247,
4.8039379715919495,
3.8074475526809692,
2.8498193621635437,
4.621028900146484,
4.234804809093475,
3.7036362290382385,
2.408267706632614,
4.912382662296295,
3.9299944043159485,
3.3036601543426514,
3.112271726131439,
2.2830092906951904,
4.933495819568634,
3.6781051754951477,
4.942405819892883,
2.999752163887024,
3.03542822599411,
3.14860999584198,
4.474537968635559,
3.3992794156074524,
4.775254428386688,
3.3920860290527344,
2.6528817415237427,
4.144170582294464,
4.79312002658844,
4.004532694816589,
3.4174463152885437,
3.6801061034202576,
0.14413700439035892,
4.312946796417236,
2.755405008792877,
4.859096109867096,
4.7082483768463135,
4.8519328236579895,
0.6563074886798859,
3.4416463971138,
2.5642412900924683,
2.916121184825897,
3.4211543202400208,
3.188660144805908,
4.542762041091919,
4.209129810333252,
1.1234628409147263,
1.6187843680381775,
4.508208334445953,
3.5506626963615417,
2.149305045604706,
4.309862554073334,
1.0881723463535309,
3.5506626963615417,
4.897770881652832,
4.89734411239624,
4.065313935279846,
0.019502956420183182,
3.5305997729301453,
3.3027562499046326,
1.3691683113574982,
2.2656214237213135,
4.226369559764862,
3.669237792491913,
4.601027071475983,
3.9895105361938477,
3.5577392578125,
3.569256365299225,
3.1156545877456665,
2.559133768081665,
4.464294612407684,
4.397494792938232,
1.4432086050510406,
4.650484919548035,
4.459767639636993,
3.7944376468658447,
3.712729811668396,
4.787432551383972,
3.451082706451416,
3.624579906463623,
2.9020893573760986,
1.477663815021515,
3.553491532802582,
4.1765159368515015,
4.963095784187317,
-0.09854772128164768,
4.919071793556213,
2.6844817399978638,
2.9259005188941956,
4.4940125942230225,
4.463797211647034,
-0.3497156873345375,
4.634169340133667,
2.5870752334594727,
3.9359572529792786,
4.293508529663086,
4.919099509716034,
3.373304307460785,
4.217099845409393,
1.9318464398384094,
2.8285083174705505,
2.800951600074768,
2.738654315471649,
4.8235222697258,
4.697110652923584,
1.7141972482204437,
3.454824388027191,
1.5511371195316315,
2.542063295841217,
4.325585663318634,
2.5417017936706543,
4.923844039440155,
1.8336278200149536,
2.923218011856079,
4.351586103439331,
4.398903846740723,
2.109701782464981,
4.368168413639069,
3.1930994987487793,
4.936439096927643,
4.435319006443024,
3.6645349860191345,
1.2159791588783264,
4.801105558872223,
1.7079271376132965,
4.597321450710297,
3.40308278799057,
4.527581036090851,
1.4328083395957947,
0.8288957178592682,
4.787887632846832,
4.65964674949646,
1.9851148128509521,
2.7145373821258545,
3.445374369621277,
0.3148098289966583,
2.0549294352531433,
0.5880968272686005,
4.427025318145752,
0.436420738697052,
4.648374617099762,
4.674917459487915,
4.260274171829224,
0.9062853455543518,
4.430563449859619,
3.313528895378113,
4.9621763825416565,
2.4595358967781067,
2.5851741433143616,
2.5245508551597595,
2.4161556363105774,
2.6261118054389954,
2.4930746853351593,
2.2892487049102783,
4.873156845569611,
2.0663313567638397,
4.443039000034332,
3.8185206055641174,
3.317713141441345,
2.5957372784614563,
2.493228018283844,
3.687606155872345,
3.149099349975586,
3.9359572529792786,
2.7923282980918884,
4.466395676136017,
2.6834872364997864,
2.648245692253113,
1.698770523071289,
2.84022718667984,
2.830437421798706,
4.4017380475997925,
3.6597296595573425,
3.094857633113861,
4.966772794723511,
4.828349351882935,
3.597445785999298,
3.3768615126609802,
1.0263161361217499,
1.8196748197078705,
3.5047000646591187,
2.5466272234916687,
4.1089606285095215,
2.052795886993408,
4.64448094367981,
4.7895219922065735,
0.7963383942842484,
1.9114725291728973,
4.5449188351631165,
2.932102084159851,
1.873144954442978,
1.1622299253940582,
4.7411298751831055,
4.486043751239777,
4.590624272823334,
2.113841325044632,
0.8505605906248093,
0.9597532451152802,
3.0340075492858887,
4.312762022018433,
3.3680880069732666,
3.890867531299591,
2.3902714252471924,
2.4618640542030334,
1.1660575866699219,
3.6858168244361877,
1.9407853484153748,
4.285829961299896,
2.624465525150299,
1.7456889152526855,
3.25457364320755,
2.5350916385650635,
2.448977380990982,
4.20124888420105,
4.942405819892883,
4.571071267127991,
2.4891848862171173,
2.6465022563934326,
2.5363770127296448,
2.8321000933647156,
1.9803555309772491,
2.0455022156238556,
4.912382662296295,
2.9227444529533386,
0.6234834715723991,
3.313632011413574,
3.291276693344116,
1.4940550923347473,
4.837093651294708,
2.0529283583164215,
4.912382662296295,
4.607146382331848,
4.584248065948486,
2.7332744002342224,
2.0119065046310425,
4.067162275314331,
4.912382662296295,
2.952168881893158,
4.8963212966918945,
1.9448837637901306,
4.199361801147461,
3.7578237056732178,
4.195888042449951,
3.505827784538269,
0.2464602142572403,
2.0474617183208466,
3.9714306592941284,
3.2557597756385803,
3.244616687297821,
4.831250607967377,
4.6979206800460815,
3.483304977416992,
4.70480740070343,
3.6391592025756836,
1.9368848204612732,
4.41040962934494,
3.7980085611343384,
4.174314439296722,
4.739159047603607,
1.8851520121097565,
3.569256365299225,
2.7026525139808655,
3.623301088809967,
1.270115077495575,
4.514307677745819,
1.9088977575302124,
4.46557343006134,
3.216356039047241,
3.035150170326233,
1.1470046639442444,
3.0992332100868225,
2.3617106676101685,
4.502925276756287,
4.492619037628174,
0.3688753768801689,
3.6286643147468567,
4.058872163295746,
3.188660144805908,
3.5047000646591187,
4.60610419511795,
2.9612010717391968,
2.965175211429596,
4.820529222488403,
3.9240118861198425,
0.23422323167324066,
2.5642412900924683,
3.361753225326538,
2.3537342250347137,
3.4410473704338074,
4.377412497997284,
3.2557597756385803,
4.665725529193878,
3.844016194343567,
4.370112717151642,
4.925033450126648,
4.91889625787735,
1.221013218164444,
3.2210174202919006,
4.441058337688446,
4.5000070333480835,
4.463120400905609,
1.9783040881156921,
3.1864795088768005,
3.7717875838279724,
4.074482023715973,
3.9798539876937866,
1.716448962688446,
2.5767916440963745,
0.03593086265027523,
1.8616507947444916,
4.069118797779083,
2.2638684511184692,
2.826639711856842,
4.226999878883362,
4.760376513004303,
-0.04862383008003235,
3.104846179485321,
0.02169389044865966,
3.090517818927765,
4.6979206800460815,
3.906215727329254,
4.08687949180603,
4.865027368068695,
3.280307650566101,
4.700512886047363,
4.177511036396027,
2.681620419025421,
0.7655750960111618,
1.7405644059181213,
4.807152152061462,
3.0858609080314636,
3.7578237056732178,
3.994128406047821,
2.803924083709717,
4.941224455833435,
4.403350353240967,
2.8548431396484375,
4.82190877199173,
4.36396062374115,
2.310832291841507,
4.855273365974426,
2.4767236411571503,
3.986315131187439,
2.704472839832306,
4.154243767261505,
3.5883930325508118,
3.846158981323242,
4.29529994726181,
4.759159982204437,
3.1103891134262085,
3.589472770690918,
3.1162485480308533,
3.51045161485672,
4.453062415122986,
2.457675486803055,
1.6496974229812622,
2.7946439385414124,
2.801772952079773,
2.589639723300934,
4.585684239864349,
2.774910032749176,
0.5089989304542542,
4.349054992198944,
3.4935468435287476,
4.60610419511795,
2.0670197904109955,
4.586697220802307,
2.384191155433655,
2.914530038833618,
4.417898654937744,
3.5883930325508118,
3.3353307843208313,
1.8505050241947174,
4.683604538440704,
2.0971760153770447,
4.149407148361206,
2.4249987304210663,
2.4998514354228973,
4.142660200595856,
4.611630439758301,
4.7300925850868225,
0.9084280580282211,
4.192531108856201,
3.126266300678253,
2.777372896671295,
2.598249912261963,
4.992893040180206,
2.023627758026123,
4.8534175753593445,
3.6597296595573425,
3.533344864845276,
4.390818476676941,
3.693356215953827,
4.453979134559631,
3.1511178612709045,
2.9173097014427185,
4.469866752624512,
4.866714775562286,
4.950205087661743,
2.8709247708320618,
2.7676421403884888,
2.914530038833618,
4.563281834125519,
4.502180814743042,
2.6876765489578247,
4.4766563177108765,
3.5700076818466187,
4.966772794723511,
1.8074393272399902,
4.701695144176483,
3.269098699092865,
2.4446916580200195,
3.093980550765991,
4.984413981437683,
4.903498291969299,
4.681486189365387,
0.6116826832294464,
3.077062666416168,
3.481428623199463,
3.5825684666633606,
2.4008865654468536,
2.959240972995758,
4.195383787155151,
2.8818270564079285,
4.910860657691956,
1.3708791136741638,
2.767486274242401,
4.268968403339386,
0.7021292299032211,
4.912382662296295,
1.5602825582027435,
2.457292675971985,
0.7885628193616867,
2.435203492641449,
2.3841314017772675,
1.5697993338108063,
1.4402660727500916,
2.9888567328453064,
2.5340521335601807,
1.8018895387649536,
3.1511178612709045,
2.049618661403656,
3.826853036880493,
4.638844132423401,
4.239999949932098,
1.1543986201286316,
4.440853297710419,
3.112271726131439,
2.3723629117012024,
4.357652366161346,
4.893899857997894,
2.0971065759658813,
4.912616312503815,
1.7966626584529877,
4.684783220291138,
3.164014518260956,
1.2664832174777985,
2.6261118054389954,
3.433181643486023,
4.93831068277359,
4.312946796417236,
3.854416310787201,
3.940947651863098,
1.2477527558803558,
3.4174463152885437,
4.990071058273315,
3.1930994987487793,
2.858342230319977,
4.861629903316498,
4.145413041114807,
2.648276388645172,
3.7578237056732178,
0.8857055753469467,
2.686397135257721,
4.458025693893433,
2.1790149807929993,
4.918513596057892,
4.309862554073334,
3.1535807251930237,
1.0287877917289734,
3.7957149744033813,
3.601987659931183,
4.621441066265106,
3.280307650566101,
2.787928879261017,
3.5883930325508118,
2.9606354236602783,
4.237847924232483,
4.971879720687866,
3.891303241252899,
2.044666111469269,
4.381977915763855,
4.0272292494773865,
2.991343140602112,
2.065694034099579,
1.4879801869392395,
2.9888567328453064,
0.2605670690536499,
2.6575854420661926,
2.8426986932754517,
2.3537342250347137,
3.009527623653412,
3.473190665245056,
1.8850316107273102,
4.221962988376617,
3.9545512199401855,
4.380616247653961,
0.7619237154722214,
3.6822155117988586,
3.1070375442504883,
3.551265299320221,
2.5873911380767822,
2.1167583763599396,
3.649337589740753,
2.4203529953956604,
2.959240972995758,
3.361670970916748,
4.58499550819397,
4.717957973480225,
4.575998783111572,
0.3535692021250725,
3.144947588443756,
1.3306400179862976,
4.226369559764862,
2.8763777017593384,
4.828969836235046,
1.6566789150238037,
2.6578253507614136,
4.686136841773987,
-0.12786361388862133,
2.901070713996887,
3.4561601281166077,
2.969030737876892,
4.362570345401764,
0.06807134952396154,
3.5883930325508118,
2.4279430508613586,
2.9150548577308655,
4.074714183807373,
3.6498302221298218,
1.4078715443611145,
3.317713141441345,
2.88147896528244,
4.052285850048065,
2.987695634365082,
4.120831489562988,
3.1070375442504883,
4.540338218212128,
0.2591121941804886,
1.8242979049682617,
3.361670970916748,
4.502925276756287,
4.177511036396027,
3.5954397916793823,
3.292398154735565,
4.375240802764893,
4.801062643527985,
4.701523780822754,
3.445374369621277,
4.345992803573608,
4.674917459487915,
1.9220933318138123,
0.3328339010477066,
4.697160720825195,
3.4866422414779663,
3.4935468435287476,
3.401958644390106,
4.675421714782715,
4.925033450126648,
2.7806293964385986,
4.787432551383972,
3.9392295479774475,
2.9016128182411194,
0.9693179279565811,
3.471914231777191,
3.7057527899742126,
4.91762101650238,
4.701559245586395,
3.8925081491470337,
2.7806293964385986,
4.723135828971863,
2.885773479938507,
4.689113199710846,
4.133660197257996,
4.910405278205872,
3.221186399459839,
4.031699895858765,
4.08687949180603,
4.433121383190155,
2.2326266765594482,
3.1070441007614136,
3.185841143131256,
4.1288042068481445,
4.592133164405823,
3.0947789549827576,
3.697662353515625,
4.604609310626984,
2.3420126736164093,
3.704679012298584,
4.848524332046509,
1.43914595246315,
3.853689730167389,
1.7735545337200165,
3.4526318311691284,
0.7614188641309738,
4.19195830821991,
4.334897398948669,
2.630434036254883,
2.6834872364997864,
0.4476943239569664,
4.6429091691970825,
2.6973754167556763,
4.241830408573151,
2.674146890640259,
1.1865316331386566,
0.437684990465641,
0.9068692475557327,
1.619964987039566,
2.6342380046844482,
0.5903921648859978,
1.5779905021190643,
4.904491305351257,
3.2605138421058655,
4.323999583721161,
3.4211543202400208,
4.638844132423401,
0.5359528958797455,
4.823662638664246,
4.747273623943329,
4.6997663378715515,
2.9223480820655823,
2.5237423181533813,
3.102908730506897,
3.935527801513672,
4.29973840713501,
2.85623699426651,
4.8704516887664795,
3.6469751596450806,
3.0947789549827576,
4.91762101650238,
2.812372148036957,
2.8602224588394165,
0.581841841340065,
2.670206129550934,
2.8915560245513916,
4.956817626953125,
4.912382662296295,
1.2635470926761627,
2.420462667942047,
2.713986337184906,
4.459767639636993,
4.551554620265961,
3.0605342984199524,
4.8927196860313416,
4.087405800819397,
4.793621897697449,
4.3993812799453735,
4.052285850048065,
4.067162275314331,
1.2583278119564056,
3.737850785255432,
3.583587408065796,
4.912382662296295,
3.110537528991699,
1.976114809513092,
2.644493281841278,
2.199261635541916,
3.460991680622101,
0.8129027485847473,
4.711928367614746,
1.6409692168235779,
2.4903814494609833,
3.8904187083244324,
4.912382662296295,
1.709599643945694,
2.589847147464752,
2.0042769610881805,
3.20534884929657,
4.29973840713501,
3.6028671264648438,
2.3558156192302704,
2.950162887573242,
1.043299287557602,
4.826170206069946,
4.6013471484184265,
2.2057342529296875,
4.760376513004303,
3.602294921875,
2.9606354236602783,
4.772064685821533,
4.370112717151642,
2.473660111427307,
2.264489382505417,
1.7855021357536316,
0.9444799274206161,
4.652572870254517,
4.502180814743042,
2.4304407835006714,
2.478117346763611,
2.64864444732666,
3.6266618967056274,
3.5781466960906982,
3.0149710178375244,
3.645205795764923,
2.3397302627563477,
2.611630856990814,
3.8041242957115173,
2.075757533311844,
3.575018346309662,
4.818635880947113,
4.21489030122757,
3.4719133377075195,
2.7676421403884888,
4.150902628898621,
1.2627135217189789,
4.64448094367981,
2.6500076055526733,
4.001239538192749,
3.692457675933838,
2.7012643218040466,
1.2516526877880096,
3.195134699344635,
1.0224401205778122,
2.700669765472412,
2.9717695713043213,
4.403350353240967,
3.3990460634231567,
1.5136520564556122,
0.6211882457137108,
4.474537968635559,
3.4211543202400208,
1.8001261353492737,
4.307243227958679,
3.1070375442504883,
4.897142648696899,
0.8767524361610413,
2.651488780975342,
0.26831720024347305,
3.8123658299446106,
3.6717957258224487,
2.4676384031772614,
0.4951433837413788,
3.0961525440216064,
3.705533444881439,
3.4935468435287476,
2.0127180218696594,
4.0234628319740295,
2.148211896419525,
3.8689354062080383,
4.912382662296295,
3.8414758443832397,
3.600572645664215,
0.9566008299589157,
3.9344522356987,
3.5567688941955566,
4.846026003360748,
0.49316324293613434,
3.8688871264457703,
2.5964736938476562,
4.778196811676025,
4.370730519294739,
1.5732957422733307,
4.501587152481079,
3.110809326171875,
4.447692930698395,
2.3861318826675415,
3.402690589427948,
2.384664863348007,
4.234282374382019,
2.396417409181595,
4.603783488273621,
2.781631052494049,
4.936439096927643,
4.707767963409424,
2.630200982093811,
3.3156421780586243,
3.413296937942505,
2.647031247615814,
4.361017942428589,
3.0762264132499695,
1.3309518992900848,
2.3977597057819366,
2.781441807746887,
0.5113215744495392,
2.7332744002342224,
4.023749530315399,
3.2322511076927185,
2.281329780817032,
4.405504763126373,
4.367745816707611,
4.2624616622924805,
3.0959784984588623,
2.6311007142066956,
4.787887632846832,
0.6503999978303909,
2.8818270564079285,
4.525511562824249,
2.35890194773674,
3.6822155117988586,
3.64805668592453,
1.6453945636749268,
4.778196811676025,
1.6824397444725037,
3.6939269304275513,
3.624579906463623,
4.234804809093475,
4.453887045383453,
0.6624916195869446,
3.833058774471283,
3.0089500546455383,
3.2956185936927795,
3.7877169251441956,
2.065694034099579,
2.8478607535362244,
4.0412867069244385,
4.492668807506561,
4.199361801147461,
3.9150190353393555,
1.4156514406204224,
2.3981833457946777,
2.700452506542206,
4.758433401584625,
2.5667804479599,
1.0685044527053833,
4.804278314113617,
4.64448094367981,
4.919071793556213,
3.1362977623939514,
3.7426963448524475,
3.273327946662903,
3.1070375442504883,
4.865027368068695,
0.7401248812675476,
1.6913145780563354,
4.767986238002777,
3.25457364320755,
2.780163586139679,
3.311011493206024,
4.015449285507202,
0.6222635507583618,
4.604609310626984,
2.8599178791046143,
4.702834486961365,
2.738654315471649,
1.1557774990797043,
4.65964674949646,
4.261352121829987,
4.787076413631439,
2.752434015274048,
1.9638217985630035,
3.956923484802246,
0.40163952857255936,
3.7547388672828674,
4.126800298690796,
4.390818476676941,
4.439367651939392,
3.564736843109131,
3.161226511001587,
3.4353312849998474,
1.422632485628128,
0.2907446585595608,
3.2261922955513,
4.747273623943329,
4.8215052485466,
2.959240972995758,
3.314131200313568,
4.793620705604553,
2.1567444503307343,
2.8818270564079285,
3.104128837585449,
1.0391002148389816,
3.0494341254234314,
0.9692562371492386,
1.8336278200149536,
2.6946690678596497,
1.2427166104316711,
2.2407113015651703,
3.102983832359314,
3.416937291622162,
2.589639723300934,
2.6744407415390015,
1.3111259043216705,
4.042176604270935,
3.5590076446533203,
2.5851741433143616,
2.648245692253113,
4.408112466335297,
4.846026003360748,
2.670985758304596,
2.8166264295578003,
4.777377247810364,
4.6979206800460815,
2.248716354370117,
4.894407391548157,
3.597445785999298,
4.499428868293762,
1.2459498643875122,
3.9178454875946045,
1.748911291360855,
4.266625344753265,
3.5684821009635925,
4.7497111558914185,
1.3956405222415924,
2.9991909861564636,
2.733159065246582,
1.3691683113574982,
3.533630669116974,
3.8925081491470337,
2.777372896671295,
1.5697993338108063,
3.1042951345443726,
2.934052348136902,
2.4877427518367767,
4.984273016452789,
3.4519705176353455,
4.034024775028229,
4.446002542972565,
2.76411771774292,
2.796551287174225,
2.9808950424194336,
2.9972517490386963,
2.8602224588394165,
2.8993895649909973,
0.5425902456045151,
3.5506626963615417,
2.935476303100586,
2.040182203054428,
1.2226350605487823,
3.953399956226349,
2.696113884449005,
4.960499703884125,
3.9240294694900513,
1.9851148128509521,
2.4060633778572083,
2.591049373149872,
0.28801968321204185,
4.765826165676117,
2.5642412900924683,
2.7091845870018005,
4.328209161758423,
3.65258127450943,
2.47876837849617,
2.726399600505829,
2.004980146884918,
2.8455403447151184,
2.935476303100586,
1.8797862529754639,
2.287478893995285,
4.367745816707611,
2.779211699962616,
2.814681828022003,
1.295902132987976,
4.743545949459076,
1.6033221781253815,
3.354775905609131,
3.6798879504203796,
3.261246085166931,
2.7340400218963623,
4.689113199710846,
3.827662169933319,
2.4341894686222076,
1.338956356048584,
2.9418930411338806,
1.036868467926979,
4.089881777763367,
4.192531108856201,
2.182416468858719,
3.2739081978797913,
4.514307677745819,
3.1809601187705994,
3.3582451939582825,
2.4901363253593445,
1.7192970216274261,
3.607345223426819,
3.1849297881126404,
4.209129810333252,
3.2322511076927185,
2.944808006286621,
4.4840797781944275,
4.912382662296295,
3.692457675933838,
4.758433401584625,
4.46557343006134,
1.3204002380371094,
4.533153474330902,
2.521575391292572,
4.706615507602692,
3.8161832094192505,
3.2001808285713196,
2.7072900533676147,
2.6342380046844482,
2.867155969142914,
4.65392142534256,
0.8242768049240112,
1.520448476076126,
2.919565439224243,
0.7013148814439774,
4.8534175753593445,
2.977488338947296,
4.293508529663086,
2.085947096347809,
2.4261395633220673,
2.8058210015296936,
2.663775682449341,
2.6834937930107117,
4.466395676136017,
2.3492614924907684,
1.8154487013816833,
2.7046114206314087,
2.589639723300934,
0.6041136011481285,
4.396559298038483,
2.7373483777046204,
4.701695144176483,
3.005932569503784,
2.6736292243003845,
2.779211699962616,
3.5209304094314575,
2.950162887573242,
4.992893040180206,
1.412455439567566,
4.826020896434784,
2.265598028898239,
3.6266618967056274,
3.9893141388893127,
2.630200982093811,
4.0272292494773865,
4.268968403339386,
3.216356039047241,
0.9010929614305496,
0.3545507416129112,
2.8820183873176575,
3.5448145866394043,
4.751976430416107,
2.0137152075767517,
2.2577333450317383,
3.073778450489044,
3.704679012298584,
3.0443015694618225,
1.9695018231868744,
0.0428228173404932,
2.2627177834510803,
3.6469751596450806,
3.5160699486732483,
4.013881981372833,
4.309862554073334,
2.538858950138092,
4.956817626953125,
3.7426963448524475,
4.910405278205872,
1.2861396372318268,
2.4249987304210663,
3.1490498781204224,
2.5642412900924683,
1.4922086894512177,
3.594072461128235,
4.910860657691956,
3.3821168541908264,
3.257609009742737,
2.8818270564079285,
3.1047382950782776,
3.4213298559188843,
4.533153474330902,
4.326755404472351,
1.488478034734726,
2.981366515159607,
2.5747838616371155,
3.4211543202400208,
3.0443015694618225,
2.4079862236976624,
3.2053333520889282,
1.0958099365234375,
3.1180739402770996,
4.285638332366943,
2.713986337184906,
3.6469751596450806,
0.9419118613004684,
2.5642412900924683,
4.912382662296295,
3.071749210357666,
2.639034688472748,
3.644072115421295,
0.7585148513317108,
2.613169252872467,
4.918513596057892,
3.359280228614807,
0.6722699850797653,
1.4316222071647644,
2.589881122112274,
3.965963125228882,
4.095200598239899,
3.5263362526893616,
4.025371074676514,
2.3847436904907227,
2.1690279245376587,
2.934052348136902,
2.4304407835006714,
2.7012643218040466,
3.6373063921928406,
4.368168413639069,
4.603783488273621,
1.526501327753067,
2.2433704137802124,
1.4498290419578552,
4.903498291969299,
3.835318088531494,
4.41040962934494,
2.504679262638092,
2.1126870810985565,
3.9860475063323975,
1.1669251322746277,
3.137006163597107,
0.6522317230701447,
4.1089606285095215,
3.1097635626792908,
2.4998514354228973,
3.5883930325508118,
0.7893901318311691,
2.903478443622589,
0.6066768616437912,
3.140600323677063,
1.363399475812912,
3.7944376468658447,
3.649337589740753,
1.4892829954624176,
3.306190073490143,
3.997548818588257,
0.4206238314509392,
2.213161438703537,
3.6469751596450806,
4.897142648696899,
4.1908615827560425,
2.969030737876892,
3.529024124145508,
0.8173000812530518,
2.332090139389038,
4.013881981372833,
3.594072461128235,
1.2955819070339203,
4.4466012716293335