1.9508056342601776,
3.765919506549835,
1.9995075464248657,
2.2293123602867126,
4.513718783855438,
2.7659377455711365,
4.09772664308548,
4.258626997470856,
4.93495911359787,
2.9803556203842163,
3.8549134135246277,
2.735104560852051,
3.775445520877838,
3.31473708152771,
2.664397954940796,
2.890954911708832,
4.01612788438797,
3.1138697266578674,
3.979322612285614,
3.264756202697754,
4.913526475429535,
4.716065526008606,
2.232583165168762,
4.913526475429535,
2.8506797552108765,
3.1392639875411987,
4.871649146080017,
4.974105656147003,
3.054187297821045,
4.682969152927399,
3.8074377179145813,
3.6280974745750427,
4.306503534317017,
2.4145175516605377,
3.8760024309158325,
3.347412943840027,
4.83491986989975,
2.5987419486045837,
2.883974611759186,
1.192498803138733,
4.8871007561683655,
2.947467267513275,
2.7276012301445007,
3.3220279216766357,
2.981550395488739,
3.061840534210205,
1.3657839596271515,
4.901736378669739,
1.9926276803016663,
2.3094864189624786,
2.420569807291031,
3.9713624119758606,
2.7748414874076843,
1.6425849497318268,
4.349799156188965,
4.620321094989777,
1.4353469014167786,
2.4229899048805237,
3.9650991559028625,
3.1857195496559143,
2.4707287549972534,
4.018734991550446,
2.997404932975769,
4.287506341934204,
3.30096572637558,
0.05699777044355869,
4.663501977920532,
3.859943449497223,
1.7808198928833008,
2.9931041598320007,
2.1412669122219086,
1.9367706775665283,
2.9290440678596497,
2.0524178445339203,
3.6910316348075867,
3.1064453721046448,
3.951962888240814,
1.5699474513530731,
2.3176082968711853,
3.8471609354019165,
4.532561004161835,
4.292146861553192,
4.869947135448456,
4.235023558139801,
4.809394180774689,
1.9358788430690765,
4.83491986989975,
3.4881114959716797,
2.8429007530212402,
3.0382663011550903,
0.49517713487148285,
4.333012700080872,
3.3400997519493103,
2.035301625728607,
4.147789776325226,
2.8354761004447937,
3.5039538145065308,
3.647013306617737,
2.9718440771102905,
4.370260536670685,
4.254398047924042,
1.4264306426048279,
1.7684149742126465,
2.87542462348938,
4.193865656852722,
4.181248247623444,
2.7465009689331055,
4.348825216293335,
3.7511801719665527,
2.045067697763443,
2.592780590057373,
1.5185566246509552,
3.7401998043060303,
2.7993541955947876,
1.5572211146354675,
3.31473708152771,
4.416183531284332,
4.071010053157806,
4.213264882564545,
4.501810967922211,
3.1447595357894897,
3.537687063217163,
4.067056775093079,
2.3601680994033813,
2.5537773966789246,
0.9995176643133163,
2.8629234433174133,
4.828314781188965,
4.533283114433289,
1.7384494841098785,
3.8224205374717712,
3.62924724817276,
4.102965593338013,
4.792664051055908,
4.325995743274689,
2.7189332246780396,
2.4080555140972137,
4.4905829429626465,
4.074352979660034,
2.686166763305664,
2.4979063868522644,
4.913526475429535,
3.8183116912841797,
1.835438758134842,
1.5956264734268188,
2.535257935523987,
4.901799857616425,
2.5999513268470764,
4.855514764785767,
3.1968435645103455,
3.3400997519493103,
3.162982761859894,
4.805845618247986,
3.8706043362617493,
4.92912083864212,
2.882946729660034,
1.8460606038570404,
2.703898549079895,
4.926343262195587,
4.305596053600311,
2.515566349029541,
3.852495551109314,
0.8506402373313904,
4.527563154697418,
1.9926276803016663,
4.9609702825546265,
4.774540066719055,
4.746773540973663,
1.8677429854869843,
2.549935281276703,
2.2712352871894836,
2.3205526173114777,
3.30096572637558,
4.174106121063232,
4.7034671902656555,
4.338287711143494,
1.2110240012407303,
1.799035221338272,
4.5788344740867615,
4.018734991550446,
2.4263089895248413,
4.439256489276886,
1.7471148073673248,
4.018734991550446,
4.869947135448456,
4.867983758449554,
3.510855734348297,
0.8807606250047684,
3.2273322343826294,
3.0176344513893127,
3.405170440673828,
1.4717420935630798,
4.51380580663681,
2.528683841228485,
4.892939031124115,
4.556304514408112,
3.1139394640922546,
3.5948756337165833,
4.118858277797699,
1.2897083163261414,
3.6699947714805603,
4.216683506965637,
1.9382095336914062,
4.809394180774689,
4.521701335906982,
3.5122454166412354,
2.5009608268737793,
4.285109043121338,
3.9169803261756897,
4.2522671818733215,
2.658773958683014,
0.7947126030921936,
3.479836583137512,
4.0907129645347595,
4.959858655929565,
1.921723484992981,
4.765587747097015,
2.2594381868839264,
3.7396809458732605,
4.722934365272522,
3.191313147544861,
0.32197728753089905,
4.714260101318359,
2.33908012509346,
3.741918206214905,
4.45570707321167,
4.403153955936432,
3.439953029155731,
3.467167317867279,
3.396463096141815,
2.6349323987960815,
1.9172486662864685,
3.358185887336731,
4.917656481266022,
4.918370544910431,
0.9696078300476074,
2.811690866947174,
1.7558415234088898,
2.2280389070510864,
4.3944016098976135,
2.722160220146179,
4.971575438976288,
2.272171676158905,
1.3297156989574432,
4.585143327713013,
4.328298568725586,
2.389407157897949,
3.6219173669815063,
3.7093961238861084,
4.954257607460022,
3.9658543467521667,
4.3329668045043945,
1.691013127565384,
4.847034811973572,
1.9413882493972778,
4.340771734714508,
3.097783327102661,
4.199737906455994,
1.7147333920001984,
1.6190211474895477,
4.412640333175659,
4.81563925743103,
2.5783321261405945,
3.3757075667381287,
4.182313084602356,
0.9995834529399872,
3.1877174973487854,
0.9363871812820435,
4.6050697565078735,
0.7603085041046143,
4.716522991657257,
4.886060059070587,
4.381202459335327,
0.9473758190870285,
3.122115135192871,
3.4511536359786987,
4.56541121006012,
3.8346409797668457,
2.232583165168762,
2.259998470544815,
3.4782275557518005,
1.848762333393097,
3.4753045439720154,
1.7268505692481995,
4.121564030647278,
2.800229787826538,
4.610743522644043,
2.9511353373527527,
3.205207586288452,
2.482965737581253,
1.9283770024776459,
2.9760754108428955,
3.3220279216766357,
3.741918206214905,
2.9614129662513733,
4.111227095127106,
1.5234003961086273,
2.1412669122219086,
2.4772189557552338,
2.9846003651618958,
2.690332531929016,
4.233487248420715,
4.403706789016724,
2.227575182914734,
4.981389343738556,
4.276668727397919,
3.9975333213806152,
2.6726967096328735,
1.4806468784809113,
2.05236092209816,
2.5153151154518127,
2.9277560114860535,
4.464884102344513,
3.3478137850761414,
4.902786314487457,
3.798338770866394,
2.008032202720642,
1.8452747166156769,
4.620321094989777,
2.7748414874076843,
1.3114772737026215,
1.3297435641288757,
4.658288657665253,
3.3867427706718445,
4.3079522252082825,
1.7623284459114075,
1.3933536410331726,
1.7911601066589355,
3.364114463329315,
3.5193052887916565,
3.2021287083625793,
1.9433221220970154,
2.648034989833832,
3.2826530933380127,
1.8547962605953217,
4.597141444683075,
1.873573362827301,
4.069580137729645,
2.8873232007026672,
2.2383613884449005,
3.8760024309158325,
3.4881114959716797,
2.5410792231559753,
4.248923361301422,
4.855514764785767,
3.9581331610679626,
3.6473625898361206,
3.6495959758758545,
3.1368595361709595,
3.81678968667984,
1.5052379667758942,
1.7798332870006561,
4.913526475429535,
1.7161935567855835,
0.7931269705295563,
3.260619640350342,
3.7511801719665527,
1.548999398946762,
4.867629408836365,
2.0774222910404205,
4.913526475429535,
3.2567617297172546,
4.234309792518616,
2.049444168806076,
1.643456369638443,
3.820553421974182,
4.913526475429535,
1.7822712659835815,
4.879230260848999,
1.7888835072517395,
3.861331045627594,
4.109067916870117,
4.354144930839539,
2.0315006375312805,
1.0493917018175125,
1.4363764226436615,
3.3337965607643127,
3.886142671108246,
1.9171501696109772,
4.898018538951874,
4.855999052524567,
3.0108842253684998,
4.837666451931,
2.9802390933036804,
2.501857578754425,
3.8172462582588196,
3.3697491884231567,
3.721204400062561,
4.539715945720673,
1.9104421138763428,
3.5948756337165833,
2.044326663017273,
3.209366202354431,
1.604258418083191,
4.19266551733017,
1.6527986526489258,
3.608904480934143,
1.1255831271409988,
2.081514149904251,
0.7292121648788452,
2.705830931663513,
3.480399250984192,
4.802691042423248,
4.683195650577545,
1.062561720609665,
2.589687705039978,
4.306503534317017,
4.174106121063232,
2.5153151154518127,
4.245133101940155,
2.9801851511001587,
3.194575309753418,
4.936729967594147,
2.804974913597107,
1.1571884155273438,
2.2712352871894836,
3.248814642429352,
2.5333037972450256,
3.460363447666168,
3.461012542247772,
3.886142671108246,
4.657957851886749,
2.2331562638282776,
4.604526460170746,
4.737425744533539,
4.813527166843414,
0.8931733667850494,
2.7448564767837524,
4.685920476913452,
3.5485276579856873,
3.5656100511550903,
3.049415349960327,
2.0440322160720825,
2.599778175354004,
2.234322279691696,
3.9664947986602783,
1.4784614741802216,
3.080246150493622,
0.6629911810159683,
2.105007767677307,
3.8471609354019165,
1.8687845766544342,
2.9529792070388794,
3.8694459199905396,
4.3014028668403625,
0.8297133445739746,
2.564428150653839,
1.522146314382553,
3.0127888917922974,
4.855999052524567,
3.8268381357192993,
4.551373720169067,
4.476777017116547,
2.8365156054496765,
4.706351161003113,
3.7097206711769104,
1.3328388333320618,
1.680177003145218,
2.4404123425483704,
4.88149106502533,
2.7515706419944763,
4.109067916870117,
3.988487124443054,
1.8082627654075623,
4.727544784545898,
4.135963320732117,
2.356541007757187,
4.356476962566376,
3.598391115665436,
0.26796258985996246,
4.48060005903244,
2.789531648159027,
4.299598932266235,
2.6336029171943665,
4.183507263660431,
3.9344429969787598,
3.5500815510749817,
3.041849732398987,
3.7658601999282837,
2.6247280836105347,
2.704837918281555,
2.9537373781204224,
3.465292453765869,
3.4269043803215027,
2.654731571674347,
1.7457792162895203,
1.8838827311992645,
3.6000782251358032,
2.2011731564998627,
4.25263375043869,
2.3264427483081818,
-0.24652305990457535,
3.72697651386261,
4.029996991157532,
4.245133101940155,
2.0154058933258057,
4.245951771736145,
2.8574717044830322,
3.968634009361267,
2.871570885181427,
3.9344429969787598,
2.059747576713562,
1.9700887799263,
4.625630974769592,
2.6891741156578064,
3.908187747001648,
2.671610414981842,
2.553577721118927,
3.181264102458954,
4.370708465576172,
3.5106417536735535,
0.7940393686294556,
3.9417457580566406,
2.2149045765399933,
2.9266825318336487,
0.6206732243299484,
4.996050596237183,
1.7545664310455322,
4.722045958042145,
4.403706789016724,
3.4217745065689087,
4.451322257518768,
2.80997633934021,
3.4979665279388428,
3.0277854204177856,
4.306401908397675,
4.399327039718628,
4.657607674598694,
4.746524393558502,
2.4484731256961823,
3.7165775895118713,
3.968634009361267,
4.3704769015312195,
4.209167063236237,
2.752099335193634,
3.7880614399909973,
4.071010053157806,
4.981389343738556,
1.884482204914093,
4.136013984680176,
2.72212415933609,
3.528102934360504,
1.6678284108638763,
4.8946812748909,
4.505877196788788,
4.448513388633728,
0.2956880070269108,
2.8565967082977295,
3.707018196582794,
1.804908812046051,
1.77217498421669,
4.01612788438797,
3.7466466426849365,
4.00413304567337,
4.956054389476776,
0.5639950186014175,
1.5917366743087769,
3.5517558455467224,
1.443517655134201,
4.913526475429535,
1.6352556645870209,
2.2294174134731293,
1.322222352027893,
3.537687063217163,
3.11602920293808,
2.197369486093521,
1.080763190984726,
1.9608455896377563,
1.6295985877513885,
2.1197377145290375,
3.0277854204177856,
2.088412791490555,
2.952871322631836,
4.620014429092407,
4.108330011367798,
1.8132372200489044,
3.7928327918052673,
1.5956264734268188,
2.1464329957962036,
4.247386455535889,
4.6584877371788025,
2.543277144432068,
4.93495911359787,
1.7048144340515137,
4.7723588347435,
1.6892290115356445,
1.700817346572876,
1.848762333393097,
3.1392639875411987,
4.974887371063232,
4.527563154697418,
4.103334844112396,
3.966768980026245,
1.411621868610382,
2.515566349029541,
4.962707757949829,
3.7093961238861084,
3.1315377354621887,
4.04617965221405,
2.0691674947738647,
1.545093059539795,
4.109067916870117,
1.692812740802765,
3.550601005554199,
4.241268336772919,
1.9230005145072937,
4.879182577133179,
4.439256489276886,
2.7421993017196655,
1.9346654415130615,
2.7936720848083496,
3.5443711280822754,
4.195786118507385,
2.8365156054496765,
2.5611749291419983,
3.9344429969787598,
2.6526522636413574,
4.328105449676514,
4.88528311252594,
3.4919804334640503,
2.605922520160675,
3.4623047709465027,
3.7082722783088684,
1.8203550577163696,
3.4972986578941345,
2.3546022176742554,
1.9608455896377563,
1.8248450756072998,
2.983885705471039,
3.8206878304481506,
2.5333037972450256,
3.509511649608612,
2.7805793285369873,
1.600451022386551,
4.157571792602539,
3.7070170044898987,
3.562837243080139,
1.1125370860099792,
1.9991843402385712,
3.385908603668213,
3.3390888571739197,
2.818232476711273,
1.5831594169139862,
3.8809898495674133,
2.7428504824638367,
4.01612788438797,
3.31473708152771,
3.646136522293091,
3.9047613739967346,
4.461697041988373,
0.16751578077673912,
3.69414359331131,
1.1148003488779068,
4.51380580663681,
2.3141033947467804,
4.876075983047485,
2.0527763664722443,
2.771274149417877,
4.529829025268555,
0.909985676407814,
2.9954296350479126,
1.2628810107707977,
2.484418898820877,
4.205930531024933,
1.3238175213336945,
3.9344429969787598,
2.3063652217388153,
2.6649969816207886,
4.07505989074707,
4.404037594795227,
2.12127223610878,
3.205207586288452,
2.657898962497711,
4.046275317668915,
3.758035898208618,
2.397932708263397,
3.385908603668213,
4.488017559051514,
0.8986368030309677,
1.4540933072566986,
3.31473708152771,
4.802691042423248,
3.7097206711769104,
1.6424494981765747,
2.7337834239006042,
4.409103691577911,
3.6354947090148926,
4.394695460796356,
4.182313084602356,
3.5798507928848267,
4.886060059070587,
2.9555556178092957,
1.7445042729377747,
4.816544353961945,
2.859577238559723,
4.029996991157532,
2.8184881806373596,
4.277484118938446,
4.737425744533539,
3.2378405332565308,
4.285109043121338,
2.5198882818222046,
2.8546226024627686,
1.2660856544971466,
3.576887845993042,
3.8520994782447815,
4.933374524116516,
3.595615327358246,
2.410508245229721,
3.2378405332565308,
4.720543026924133,
1.6084668040275574,
4.6900153160095215,
3.320091962814331,
4.715038239955902,
2.199915051460266,
3.0285650491714478,
4.551373720169067,
3.939915895462036,
1.7863143980503082,
2.93910950422287,
3.3096086978912354,
4.368444979190826,
4.406157732009888,
3.8756218552589417,
3.0382663011550903,
4.482280015945435,
1.9446846842765808,
4.600440263748169,
4.766129553318024,
1.55143141746521,
3.9390620589256287,
2.384694367647171,
2.737538516521454,
1.8033620715141296,
4.104698002338409,
3.351292908191681,
2.6429107785224915,
1.5234003961086273,
0.9243573993444443,
4.345534145832062,
3.001840114593506,
4.22000378370285,
3.4619635343551636,
0.6805597245693207,
1.4645439386367798,
1.169527992606163,
1.6344928741455078,
2.8608402609825134,
0.6422964483499527,
1.4844538271427155,
4.9396902322769165,
2.5028035044670105,
4.54611599445343,
3.30096572637558,
4.620014429092407,
-0.13110844418406487,
4.752683043479919,
4.660849571228027,
4.237510561943054,
1.5570878982543945,
2.5108033418655396,
2.613229751586914,
4.1889312863349915,
3.961958885192871,
2.893023192882538,
4.442542493343353,
3.951962888240814,
3.8756218552589417,
4.933374524116516,
3.0225884914398193,
2.350512444972992,
0.978223979473114,
2.6960724592208862,
2.27939635515213,
4.826978147029877,
4.913526475429535,
2.163156419992447,
2.931130528450012,
2.6101794838905334,
4.521701335906982,
4.471976459026337,
2.498323619365692,
4.650005400180817,
3.505273163318634,
4.843696355819702,
4.501810967922211,
4.046275317668915,
3.820553421974182,
1.1341549456119537,
3.989119827747345,
3.294430375099182,
4.913526475429535,
3.681270480155945,
2.1856699883937836,
1.983126550912857,
1.8493998050689697,
3.7008246779441833,
1.3521555066108704,
4.686199426651001,
0.8607112616300583,
1.1988399922847748,
3.8801249861717224,
4.913526475429535,
2.2028398513793945,
2.9120880365371704,
3.3624419569969177,
2.664746940135956,
3.961958885192871,
2.711188495159149,
1.5084050595760345,
2.504657804965973,
1.9381755590438843,
4.8849621415138245,
4.331952929496765,
2.5898361206054688,
4.3014028668403625,
2.9219961166381836,
2.6526522636413574,
4.857566952705383,
4.604526460170746,
1.917853057384491,
1.794377714395523,
2.4939368665218353,
0.8543837815523148,
3.979322612285614,
4.209167063236237,
2.6085004210472107,
3.226059377193451,
2.0013341307640076,
2.9064589738845825,
3.991726040840149,
2.5455185770988464,
3.4117642045021057,
3.3177199959754944,
2.93946236371994,
3.7122148275375366,
2.226700931787491,
3.56858491897583,
4.6084195375442505,
3.968758285045624,
2.872570753097534,
3.7165775895118713,
4.067056775093079,
2.019759565591812,
4.902786314487457,
3.1637993454933167,
4.05569314956665,
3.9103126525878906,
2.9074323177337646,
1.9800963997840881,
2.8133556246757507,
1.7663133144378662,
1.6939467191696167,
3.490346372127533,
4.135963320732117,
3.4462574124336243,
2.7271729707717896,
0.5362058058381081,
4.805845618247986,
3.30096572637558,
1.5078374743461609,
4.17125940322876,
3.385908603668213,
4.50168639421463,
1.9158363342285156,
1.5995067358016968,
1.2675191462039948,
3.6442241072654724,
3.7095510959625244,
1.5769033133983612,
0.6205713748931885,
2.112911343574524,
4.148021340370178,
4.029996991157532,
1.5414837002754211,
2.2167085111141205,
2.8905120491981506,
2.519771158695221,
4.913526475429535,
3.530454635620117,
3.374001979827881,
0.7272347807884216,
3.0341550707817078,
3.6996448040008545,
4.8419976234436035,
1.5095661580562592,
4.106236696243286,
3.5050079226493835,
4.37295138835907,
3.4884867072105408,
2.178650349378586,
4.081286787986755,
3.2616716623306274,
4.080744683742523,
3.1386473774909973,
2.710060477256775,
2.9156896471977234,
3.5116884112358093,
2.210972160100937,
3.523772656917572,
2.0363153517246246,
4.954257607460022,
4.26768571138382,
1.9276686012744904,
2.759348154067993,
2.7693501114845276,
3.5386937856674194,
2.679140567779541,
2.457650899887085,
0.974433645606041,
0.6298641860485077,
2.7993541955947876,
1.1250334978103638,
2.049444168806076,
3.0692830681800842,
2.470630705356598,
2.624656558036804,
4.092749059200287,
4.019404351711273,
4.22354131937027,
2.1951407194137573,
3.066377639770508,
4.412640333175659,
1.63399338722229,
4.00413304567337,
4.439060091972351,
2.2544142603874207,
1.9991843402385712,
3.6720019578933716,
2.0674417912960052,
4.37295138835907,
2.4799445271492004,
4.357471466064453,
4.2522671818733215,
4.074352979660034,
3.466328978538513,
1.1000028997659683,
2.798248529434204,
2.0062053203582764,
2.1244992315769196,
3.8094881176948547,
3.4972986578941345,
2.7101722359657288,
2.1361732482910156,
4.069219529628754,
3.861331045627594,
4.05931293964386,
0.7842957973480225,
1.6999559104442596,
2.9454097151756287,
4.524029493331909,
1.5689025819301605,
1.6007526218891144,
4.763865768909454,
4.902786314487457,
4.765587747097015,
2.8846392035484314,
4.186058342456818,
2.716645300388336,
3.385908603668213,
4.476777017116547,
1.7569269239902496,
1.4185908436775208,
4.211778342723846,
3.8760024309158325,
1.8924207985401154,
3.564627766609192,
2.7659377455711365,
1.1422070860862732,
4.482280015945435,
3.023865818977356,
4.362249076366425,
3.358185887336731,
1.7540943622589111,
4.81563925743103,
4.124724566936493,
4.773423075675964,
2.902810275554657,
1.9194808602333069,
2.578344941139221,
1.1545751243829727,
2.970532774925232,
1.6387175023555756,
4.451322257518768,
3.8608700037002563,
3.0793744325637817,
2.9805749654769897,
3.39984267950058,
1.3483628630638123,
1.095079630613327,
2.3203232884407043,
4.660849571228027,
4.141394793987274,
4.01612788438797,
2.679038345813751,
4.843651056289673,
2.107604295015335,
4.00413304567337,
3.5431665182113647,
1.0781359672546387,
2.521897852420807,
1.0958043485879898,
2.272171676158905,
2.6368406414985657,
1.1169611662626266,
1.5129414200782776,
2.1058426797389984,
2.3930449783802032,
2.2011731564998627,
2.748413383960724,
1.3070648908615112,
3.879569172859192,
2.5123974680900574,
2.232583165168762,
2.1412669122219086,
4.905456006526947,
4.8419976234436035,
3.347918391227722,
1.97153702378273,
4.0204918384552,
4.855999052524567,
2.592989504337311,
4.476588666439056,
3.9975333213806152,
4.6473753452301025,
2.3287469148635864,
4.3238237500190735,
1.471989005804062,
4.091256558895111,
3.038649260997772,
4.852855205535889,
0.847674235701561,
2.3631319403648376,
2.800651490688324,
3.405170440673828,
2.1943891048431396,
2.410508245229721,
2.9266825318336487,
2.197369486093521,
1.206567957997322,
2.5487762689590454,
2.982144057750702,
4.99699741601944,
3.8729476928710938,
1.8489107489585876,
3.1857195496559143,
3.2297497987747192,
2.664397954940796,
2.2490642964839935,
2.6779434084892273,
2.350512444972992,
2.574124336242676,
1.3983207941055298,
4.018734991550446,
2.3651352524757385,
2.8213918209075928,
0.9471402317285538,
3.604670464992523,
3.2573753595352173,
4.747813045978546,
2.432597428560257,
2.5783321261405945,
1.5718953311443329,
2.515994906425476,
0.11544683016836643,
3.9533954858779907,
2.2712352871894836,
2.2325527667999268,
4.690280854701996,
3.4908106923103333,
2.9195746779441833,
3.4661275148391724,
1.6808603703975677,
1.9694720208644867,
2.3651352524757385,
1.6380362212657928,
2.608511447906494,
4.019404351711273,
1.954149603843689,
1.4247794449329376,
1.3243578374385834,
4.648063480854034,
2.728620171546936,
3.3504167199134827,
2.767692804336548,
2.8629234433174133,
3.6077329516410828,
4.6900153160095215,
3.302663564682007,
3.4690141677856445,
1.4600127935409546,
2.0273683965206146,
0.3844587504863739,
2.3203976452350616,
3.9417457580566406,
2.6188939809799194,
2.6165634393692017,
4.19266551733017,
2.583759129047394,
2.9488566517829895,
2.6404884457588196,
1.4900778234004974,
3.2217273116111755,
2.9068785905838013,
4.338287711143494,
2.470630705356598,
2.3612238466739655,
4.2297568917274475,
4.913526475429535,
3.9103126525878906,
4.524029493331909,
3.608904480934143,
0.46377450227737427,
4.509207308292389,
2.5591981410980225,
3.2836639881134033,
3.5107415914535522,
2.1543288230895996,
2.1930380165576935,
2.8608402609825134,
3.250005543231964,
4.123344719409943,
2.3800182342529297,
2.5917455554008484,
2.5792399048805237,
0.810311958193779,
4.722045958042145,
2.7249866724014282,
4.45570707321167,
3.6042916774749756,
2.2298112511634827,
2.9527467489242554,
2.3398762941360474,
1.7564696073532104,
4.111227095127106,
2.2533799707889557,
2.481452226638794,
2.362119108438492,
2.2011731564998627,
1.2084679305553436,
3.3708402514457703,
2.5254282355308533,
4.136013984680176,
3.345462381839752,
2.8589263558387756,
1.954149603843689,
3.2276546955108643,
2.504657804965973,
4.996050596237183,
-0.15928184613585472,
4.349799156188965,
2.79249370098114,
2.9064589738845825,
3.8074055314064026,
1.9276686012744904,
3.7082722783088684,
3.5517558455467224,
1.1255831271409988,
0.5327150598168373,
1.9727087020874023,
1.9367706775665283,
3.916916847229004,
4.213325083255768,
2.457447499036789,
0.4312647506594658,
2.032275050878525,
4.600440263748169,
2.779051959514618,
1.6648803651332855,
1.009264960885048,
1.959717869758606,
3.951962888240814,
3.6315178871154785,
3.8373836874961853,
4.439256489276886,
2.5939342379570007,
4.826978147029877,
4.186058342456818,
4.715038239955902,
2.6726090908050537,
2.671610414981842,
1.998482346534729,
2.2712352871894836,
1.7605704069137573,
2.7655988931655884,
4.956054389476776,
2.682642936706543,
3.0311763286590576,
4.00413304567337,
2.9536792635917664,
3.6098861694335938,
4.509207308292389,
3.745149075984955,
1.4434212446212769,
2.127848118543625,
2.4177640676498413,
3.30096572637558,
2.779051959514618,
1.8474854528903961,
2.7273499965667725,
2.1276676654815674,
1.9281005859375,
4.02375191450119,
2.6101794838905334,
3.951962888240814,
2.0864401757717133,
2.2712352871894836,
4.913526475429535,
1.9769150018692017,
2.2166065871715546,
3.775888681411743,
0.5589048564434052,
2.160090357065201,
4.879182577133179,
2.338779866695404,
0.6450089812278748,
0.5288241058588028,
2.5783872604370117,
3.3012384176254272,
3.7273722887039185,
3.1186112761497498,
3.9181125164031982,
2.760585844516754,
2.160986065864563,
2.5487762689590454,
2.6085004210472107,
2.9074323177337646,
3.2805198431015015,
3.6219173669815063,
3.523772656917572,
0.3123011253774166,
1.8697938323020935,
1.1274301260709763,
4.505877196788788,
3.832923471927643,
3.8172462582588196,
3.0545514822006226,
1.6565603017807007,
3.8971099257469177,
0.5035470798611641,
2.004532516002655,
1.8851235508918762,
4.464884102344513,
3.3840087056159973,
2.553577721118927,
3.9344429969787598,
1.622529774904251,
2.3737874627113342,
1.349494308233261,
2.0986515283584595,
1.3652552664279938,
3.5122454166412354,
3.8809898495674133,
2.2849375009536743,
3.160165250301361,
1.7349360883235931,
0.936259999871254,
0.7040086388587952,
3.951962888240814,
4.50168639421463,
4.015912413597107,
2.484418898820877,
2.927541136741638,
1.2761904299259186,
2.325979322195053,
3.8373836874961853,
2.7655988931655884,
0.5603573471307755,
3.128279745578766