2.5006967782974243,
4.573294222354889,
2.635263502597809,
1.865079551935196,
4.76899266242981,
3.042626976966858,
4.429100751876831,
4.289515316486359,
4.934639036655426,
3.1101104617118835,
4.1534313559532166,
2.2858984768390656,
4.132817089557648,
3.8804131746292114,
3.205236792564392,
2.905440330505371,
4.2126792669296265,
3.688383996486664,
3.798127770423889,
4.048228859901428,
4.915791153907776,
4.621376097202301,
2.384255826473236,
4.915791153907776,
2.643100321292877,
4.134747684001923,
4.9341365694999695,
4.99332070350647,
4.016164243221283,
4.461769163608551,
3.8796281814575195,
3.473387062549591,
4.586126804351807,
3.6388522386550903,
3.9743661880493164,
2.6416239142417908,
4.882382750511169,
3.4310930967330933,
3.44318687915802,
2.1274830400943756,
4.936424791812897,
3.9573773741722107,
3.7313058972358704,
2.8309905529022217,
3.2343855500221252,
3.002108335494995,
1.433606594800949,
4.893636107444763,
3.1723368167877197,
2.4479220807552338,
2.698136270046234,
3.975841701030731,
3.252423107624054,
2.7568668127059937,
4.72814679145813,
4.798386096954346,
1.8243588507175446,
3.252057135105133,
3.8341477513313293,
3.869495391845703,
3.6383387446403503,
4.331581294536591,
3.307415544986725,
4.790710508823395,
4.027218818664551,
0.7905326038599014,
4.8699504137039185,
4.33195561170578,
2.4342764914035797,
3.825847804546356,
2.437848001718521,
3.1189224123954773,
3.724462389945984,
3.3721688389778137,
4.3843019008636475,
3.784394860267639,
4.266575276851654,
1.4262743294239044,
3.5589537024497986,
4.285449683666229,
4.701888263225555,
4.227235317230225,
4.872438311576843,
4.485836923122406,
4.802579879760742,
2.1173007786273956,
4.882382750511169,
3.9752358198165894,
3.2681241631507874,
3.505464792251587,
1.1209466308355331,
4.513721466064453,
3.799736797809601,
3.5301056504249573,
4.26466166973114,
2.1173974871635437,
4.402166903018951,
3.9939114451408386,
3.8143637776374817,
4.718709290027618,
4.545502066612244,
2.5127124786376953,
2.4640031158924103,
3.1314346194267273,
4.437861144542694,
4.2348650097846985,
2.6950904726982117,
4.387828707695007,
4.166108965873718,
3.0438685417175293,
2.4467530846595764,
1.6054604947566986,
4.295903444290161,
3.2854989171028137,
1.4683766663074493,
3.8804131746292114,
4.538086652755737,
4.104614853858948,
4.420097768306732,
4.748874008655548,
3.5746344923973083,
3.4196144342422485,
4.261003732681274,
3.2771113514900208,
2.678019404411316,
1.424725204706192,
3.558618724346161,
4.83595997095108,
4.410078823566437,
1.925702691078186,
4.21896368265152,
4.2273324728012085,
4.227290451526642,
4.908411800861359,
4.419132471084595,
3.122621774673462,
3.110359311103821,
4.654865264892578,
4.320741593837738,
1.7687004804611206,
2.419634163379669,
4.915791153907776,
4.074788987636566,
2.771185338497162,
3.0803346633911133,
2.6508688926696777,
4.961179792881012,
3.0736613273620605,
4.8767149448394775,
2.5956645607948303,
3.799736797809601,
3.0905315279960632,
4.758840501308441,
3.9586374163627625,
4.721813797950745,
3.881533145904541,
2.8238660097122192,
3.749496042728424,
4.707823097705841,
4.641165137290955,
2.791741192340851,
4.257408976554871,
1.620202362537384,
4.792227745056152,
3.1723368167877197,
4.841737449169159,
4.90423858165741,
4.599535167217255,
1.481214463710785,
3.1576773524284363,
2.75632381439209,
3.38470458984375,
4.027218818664551,
4.027121067047119,
4.705519080162048,
4.646334946155548,
0.5385390296578407,
1.0883767157793045,
4.363157749176025,
4.331581294536591,
2.729765474796295,
4.613229036331177,
2.159045785665512,
4.331581294536591,
4.872438311576843,
4.904557466506958,
3.1607770919799805,
0.8283846825361252,
3.34559828042984,
3.5512810945510864,
3.42676043510437,
1.7057643830776215,
4.588099122047424,
3.044644594192505,
4.875890016555786,
4.541750848293304,
4.19690728187561,
3.0165180563926697,
3.9263859391212463,
2.7662870287895203,
4.447095990180969,
4.691717624664307,
2.7644896507263184,
4.802579879760742,
4.510942101478577,
4.363940060138702,
3.3793240785598755,
4.824840724468231,
3.961789309978485,
3.7098145484924316,
2.0964016020298004,
0.8255963772535324,
3.8554224371910095,
4.539181590080261,
4.901004433631897,
0.6919337064027786,
4.909860193729401,
3.168148398399353,
4.2607685923576355,
4.64846670627594,
4.028105437755585,
0.6204159930348396,
4.752357006072998,
3.4183579683303833,
3.5937434434890747,
4.334055781364441,
4.574942588806152,
3.7936314940452576,
3.4485071897506714,
2.8998324275016785,
3.482186198234558,
2.4104855954647064,
3.881033957004547,
4.893563091754913,
4.898115396499634,
1.6218790411949158,
3.584974706172943,
1.7111237347126007,
3.308546245098114,
4.669156968593597,
2.2615160048007965,
4.983861446380615,
2.3998641967773438,
2.668904960155487,
4.446286559104919,
4.3556830286979675,
2.507672607898712,
4.203997254371643,
4.165193140506744,
4.9616435170173645,
4.434624910354614,
3.848297894001007,
2.4765221774578094,
4.929932653903961,
2.1004830300807953,
4.711706638336182,
4.1939762234687805,
4.640909433364868,
1.2220489233732224,
2.2041022777557373,
4.3282246589660645,
4.581728577613831,
2.553541660308838,
3.6523178219795227,
4.057449698448181,
0.6447776407003403,
3.5759153962135315,
0.703069344162941,
4.291156530380249,
1.535239964723587,
4.900472164154053,
4.932633638381958,
4.555018842220306,
0.8811285346746445,
4.042791724205017,
3.190199136734009,
4.95036244392395,
3.1847286224365234,
2.384255826473236,
3.2839691638946533,
2.7119258046150208,
3.1752488017082214,
4.00824099779129,
3.134235143661499,
4.809682667255402,
2.4103204905986786,
4.458725154399872,
3.3830267190933228,
4.432697594165802,
3.1881579756736755,
2.69721657037735,
3.711595833301544,
2.8309905529022217,
3.5937434434890747,
3.352714478969574,
4.526444375514984,
2.7437952160835266,
2.437848001718521,
3.0749639868736267,
3.314114809036255,
3.1345486640930176,
4.001353681087494,
4.362357258796692,
2.240523397922516,
4.989992678165436,
4.267542362213135,
3.2924342155456543,
3.2790493965148926,
1.8572750687599182,
3.572326898574829,
3.4998315572738647,
2.8547659516334534,
4.741152822971344,
3.125006854534149,
4.905134439468384,
4.460876286029816,
1.0066793113946915,
0.8923503011465073,
4.798386096954346,
3.252423107624054,
1.3676168024539948,
1.911786049604416,
4.702900052070618,
3.6589157581329346,
4.520645439624786,
1.9344335794448853,
0.7080952078104019,
1.450023353099823,
2.8970161080360413,
4.007305800914764,
3.7356767058372498,
4.12268728017807,
2.853219211101532,
2.8204837441444397,
1.2406352907419205,
3.996099829673767,
2.2570420801639557,
4.753250181674957,
2.8774017095565796,
2.767408788204193,
3.9743661880493164,
3.9752358198165894,
2.6390308141708374,
4.484656751155853,
4.8767149448394775,
4.735191762447357,
3.1510990858078003,
4.066486954689026,
3.3214515447616577,
4.221276640892029,
2.67758309841156,
1.7926274240016937,
4.915791153907776,
3.1205320358276367,
0.6995805352926254,
4.14194643497467,
4.166108965873718,
1.8993012607097626,
4.8122140765190125,
2.013554573059082,
4.915791153907776,
4.161471724510193,
4.275866150856018,
3.1963855028152466,
2.3884879052639008,
4.146645367145538,
4.915791153907776,
2.9912549257278442,
4.950507283210754,
2.291809469461441,
4.342453181743622,
4.358431398868561,
4.539380967617035,
4.372450411319733,
0.8741100132465363,
2.4350331723690033,
3.817729353904724,
4.32610958814621,
2.732347548007965,
4.942918121814728,
4.85737144947052,
2.5408154726028442,
4.978915452957153,
3.672761023044586,
2.4076125025749207,
4.436693489551544,
4.2410847544670105,
4.160354733467102,
4.798409938812256,
1.717970222234726,
3.0165180563926697,
3.0856692790985107,
3.94400417804718,
3.012095093727112,
4.773006737232208,
2.313018888235092,
4.296680688858032,
2.362023890018463,
3.455304503440857,
0.8834114670753479,
3.555550277233124,
3.649827539920807,
4.826914668083191,
4.459556043148041,
0.9685391187667847,
3.9284083247184753,
4.586126804351807,
4.027121067047119,
3.4998315572738647,
4.769723415374756,
3.2828468084335327,
3.5679376125335693,
4.873513579368591,
4.311458468437195,
0.7910410314798355,
2.75632381439209,
3.3691248297691345,
2.2231943905353546,
4.149780869483948,
4.0397438406944275,
4.32610958814621,
4.925058484077454,
3.7236326932907104,
4.544968008995056,
4.967440068721771,
4.924787878990173,
2.248189151287079,
3.0040159821510315,
4.624946713447571,
3.9929357171058655,
4.466076195240021,
3.373095691204071,
2.3974019289016724,
3.481414318084717,
2.869724929332733,
3.997706174850464,
2.536870837211609,
2.623937726020813,
0.09076016023755074,
2.3172909021377563,
4.285449683666229,
2.447897046804428,
3.300078809261322,
4.375000894069672,
4.309515058994293,
1.6971011459827423,
3.242008090019226,
-0.31463623046875,
2.652016580104828,
4.85737144947052,
3.9193621277809143,
4.3024104833602905,
4.868661463260651,
3.6488714814186096,
4.651662111282349,
3.755539655685425,
2.4901366233825684,
1.3433365523815155,
2.477607876062393,
4.9588218331336975,
3.01395982503891,
4.358431398868561,
3.9969047904014587,
2.8049901127815247,
4.74396675825119,
4.315317869186401,
3.2927092909812927,
4.785422682762146,
4.2342692613601685,
1.245591640472412,
4.79409784078598,
2.937946319580078,
3.743351697921753,
2.9229307174682617,
4.499779939651489,
4.240690171718597,
3.7273135781288147,
3.9749038219451904,
4.125701189041138,
2.949419915676117,
3.6054494976997375,
3.7285667657852173,
3.9273440837860107,
4.102317988872528,
2.7274826169013977,
2.131911963224411,
2.5760307908058167,
3.276245892047882,
2.868158519268036,
4.173972904682159,
3.3549106121063232,
0.28460126370191574,
4.682537019252777,
4.309855401515961,
4.769723415374756,
2.7972984313964844,
4.2200228571891785,
3.3838123083114624,
3.8386428356170654,
3.1976503133773804,
4.240690171718597,
3.3950290083885193,
1.5222012996673584,
4.5998165011405945,
2.4336716532707214,
4.003792405128479,
2.2847597301006317,
3.3567366003990173,
3.747926652431488,
4.672908186912537,
4.360371232032776,
1.3838177919387817,
4.01491105556488,
3.4050253033638,
2.956286668777466,
1.4642202854156494,
4.997225105762482,
1.8277156352996826,
4.831719398498535,
4.362357258796692,
3.7178266048431396,
4.509625732898712,
3.3574584126472473,
4.145722985267639,
3.7303951382637024,
4.132785499095917,
4.6503326296806335,
4.778231978416443,
4.834105670452118,
3.127892315387726,
3.3593979477882385,
3.8386428356170654,
4.661356806755066,
4.515983462333679,
3.2629743218421936,
4.661528468132019,
4.104614853858948,
4.989992678165436,
2.3197515308856964,
4.74422425031662,
3.933388590812683,
3.6010846495628357,
2.3913757503032684,
4.883376359939575,
4.923982322216034,
4.3890380859375,
0.7443428784608841,
3.1845811009407043,
4.047963619232178,
3.6093786358833313,
2.4952608346939087,
4.2126792669296265,
4.386451840400696,
4.281848073005676,
4.949016869068146,
1.5645644068717957,
3.1125789880752563,
4.517190158367157,
1.4469042420387268,
4.915791153907776,
1.4708980917930603,
3.0830663442611694,
0.8069705963134766,
3.4196144342422485,
3.6110830307006836,
2.458944320678711,
2.8160741925239563,
3.2293808460235596,
2.534058690071106,
2.2735877335071564,
3.7303951382637024,
2.8039923310279846,
3.4387078881263733,
4.637669920921326,
4.382880926132202,
1.4786487817764282,
4.399431943893433,
3.0803346633911133,
2.865135669708252,
4.437851011753082,
4.686629772186279,
3.2593992352485657,
4.934639036655426,
1.834275871515274,
4.749240875244141,
3.179408013820648,
1.052740141749382,
3.1752488017082214,
4.134747684001923,
4.9491965770721436,
4.792227745056152,
4.374933838844299,
3.3299362659454346,
1.8802034854888916,
2.791741192340851,
4.945726990699768,
4.165193140506744,
3.555588126182556,
4.786808490753174,
4.088614583015442,
2.102552652359009,
4.358431398868561,
1.3299548625946045,
3.1874406337738037,
4.51756477355957,
1.4859695732593536,
4.862069487571716,
4.613229036331177,
2.845887243747711,
0.9890967607498169,
3.919021785259247,
4.176487028598785,
4.390156865119934,
3.6488714814186096,
2.670709192752838,
4.240690171718597,
3.204270601272583,
4.557947814464569,
4.943841397762299,
3.8412418961524963,
2.4471691250801086,
3.4504902362823486,
4.282521307468414,
3.010619878768921,
3.4208062291145325,
1.7377474904060364,
3.2293808460235596,
0.5616617947816849,
2.7352750301361084,
3.748069703578949,
2.2231943905353546,
3.2507488131523132,
3.4465622901916504,
2.4943071603775024,
4.498150944709778,
3.926055133342743,
4.289478063583374,
0.9433804452419281,
4.041241109371185,
3.8237151503562927,
3.9733675122261047,
3.3013126254081726,
1.6576649248600006,
3.4033992886543274,
1.7147886753082275,
4.2126792669296265,
3.8804131746292114,
4.514369964599609,
3.846714198589325,
4.629340767860413,
1.262553483247757,
3.9636707305908203,
2.125893384218216,
4.588099122047424,
2.98745334148407,
4.696139991283417,
1.6031807661056519,
2.99096941947937,
4.758450388908386,
0.30082114040851593,
3.784768581390381,
2.5954845547676086,
3.5666844248771667,
4.659799635410309,
0.9570436924695969,
4.240690171718597,
2.2835983335971832,
1.908862143754959,
3.946521282196045,
4.365508854389191,
2.198953479528427,
4.432697594165802,
3.1905943155288696,
4.522563815116882,
3.4420767426490784,
2.790842056274414,
3.8237151503562927,
4.551400542259216,
0.8787737041711807,
1.5467864274978638,
3.8804131746292114,
4.826914668083191,
3.755539655685425,
3.5421177744865417,
3.216114342212677,
4.527503252029419,
4.474403560161591,
4.238566160202026,
4.057449698448181,
4.029615223407745,
4.932633638381958,
2.0437459647655487,
0.7929976284503937,
4.719183146953583,
2.732248902320862,
4.309855401515961,
2.7866044640541077,
4.126959145069122,
4.967440068721771,
3.2635483145713806,
4.824840724468231,
2.812897264957428,
2.6497313380241394,
1.3391827046871185,
3.833368718624115,
4.426195025444031,
4.975394308567047,
3.924877345561981,
4.3419259786605835,
3.2635483145713806,
4.881006479263306,
1.2601016461849213,
4.678665101528168,
4.273479878902435,
4.858483076095581,
3.8242241740226746,
4.273470938205719,
4.3024104833602905,
4.471083283424377,
2.9845499992370605,
3.2681265473365784,
3.4470030665397644,
4.318797588348389,
4.515851736068726,
4.041147232055664,
3.505464792251587,
4.416528344154358,
1.2949605286121368,
4.083031415939331,
4.754491746425629,
3.3031320571899414,
3.985678553581238,
1.8067286908626556,
2.9900509119033813,
1.5674039721488953,
3.995284140110016,
3.9896658062934875,
3.262222409248352,
2.7437952160835266,
1.1793751269578934,
4.237389862537384,
2.9760995507240295,
4.550006985664368,
3.2685455679893494,
0.9646154195070267,
1.147300899028778,
0.6362821906805038,
0.8415760844945908,
3.2936182618141174,
0.4404465854167938,
1.4592872560024261,
4.952256679534912,
2.1879328787326813,
4.819929301738739,
4.027218818664551,
4.637669920921326,
0.34507252275943756,
4.885818958282471,
4.697366952896118,
4.6640729904174805,
1.9840729236602783,
3.349291980266571,
2.506040036678314,
4.093564450740814,
4.037538468837738,
3.1985989212989807,
4.78274792432785,
4.266575276851654,
4.041147232055664,
4.975394308567047,
3.435351848602295,
3.120373785495758,
-0.015823347494006157,
3.1952890753746033,
3.7353622913360596,
4.9434879422187805,
4.915791153907776,
2.4788427352905273,
3.0287814140319824,
3.003109395503998,
4.510942101478577,
4.753283858299255,
3.378283679485321,
4.920630753040314,
3.4016191959381104,
4.745806455612183,
4.748874008655548,
4.522563815116882,
4.146645367145538,
1.9958354532718658,
4.3656522035598755,
4.0626877546310425,
4.915791153907776,
3.3865126967430115,
2.543085515499115,
3.6338016390800476,
2.2913864254951477,
3.0563178658485413,
1.4104840159416199,
4.690243303775787,
1.6927053034305573,
1.7948168516159058,
4.136500358581543,
4.915791153907776,
1.6598263382911682,
2.9312744736671448,
3.3329686522483826,
3.619115948677063,
4.037538468837738,
4.308156073093414,
2.6073575019836426,
3.5280641913414,
1.1358236521482468,
4.954144358634949,
4.548095166683197,
3.231724798679352,
4.309515058994293,
2.5673043727874756,
3.204270601272583,
4.674603343009949,
4.544968008995056,
2.594934403896332,
2.860288918018341,
2.271149158477783,
1.5102070569992065,
3.798127770423889,
4.515983462333679,
3.085845708847046,
3.413121998310089,
2.9644814133644104,
2.1658144891262054,
4.240767955780029,
3.3742979168891907,
3.762536644935608,
3.565894663333893,
3.6075878143310547,
3.0053532123565674,
2.278826981782913,
3.8699302077293396,
4.81207549571991,
4.426557421684265,
3.6453792452812195,
3.3593979477882385,
4.261003732681274,
1.2736572325229645,
4.905134439468384,
4.052779376506805,
4.595730006694794,
4.022594690322876,
3.2927927374839783,
2.644006907939911,
3.192826807498932,
2.5543752312660217,
2.746173143386841,
3.313875198364258,
4.315317869186401,
2.7381598949432373,
0.876283124089241,
1.60026416182518,
4.758840501308441,
4.027218818664551,
1.9116337597370148,
4.612160325050354,
3.8237151503562927,
4.78424072265625,
0.9532896429300308,
2.39299476146698,
1.6617919504642487,
3.748280704021454,
3.8259157538414,
2.6724088191986084,
0.8921066671609879,
2.6622870564460754,
4.100698232650757,
4.309855401515961,
2.237382233142853,
3.997088372707367,
2.1238312125205994,
2.8511732816696167,
4.915791153907776,
3.1465166807174683,
3.784794509410858,
1.5959453582763672,
3.84229838848114,
3.2446518540382385,
4.826331734657288,
1.375749111175537,
3.3707797527313232,
3.6532267928123474,
4.822326898574829,
4.361080229282379,
1.97580948472023,
4.467967450618744,
3.7496405839920044,
3.777815103530884,
3.0902445316314697,
3.6968961358070374,
2.185744494199753,
3.4043914079666138,
1.912626326084137,
4.373512268066406,
3.072245419025421,
4.9616435170173645,
4.599019885063171,
3.201778531074524,
3.332442343235016,
3.2239213585853577,
2.6550161838531494,
3.965965509414673,
3.814138174057007,
1.4514051377773285,
1.8804572522640228,
3.2854989171028137,
1.0334213823080063,
3.1963855028152466,
3.8613778352737427,
3.7610572576522827,
2.812376916408539,
4.785809516906738,
4.645633697509766,
4.029884338378906,
3.1031963229179382,
2.982955276966095,
4.3282246589660645,
0.8919163793325424,
4.281848073005676,
4.752719402313232,
2.9575997591018677,
4.041241109371185,
3.6653289198875427,
2.146833688020706,
4.822326898574829,
3.0900898575782776,
3.943893313407898,
3.7098145484924316,
4.320741593837738,
4.416324496269226,
1.2258362025022507,
3.701009750366211,
2.6995548605918884,
3.2713398337364197,
3.8588833808898926,
3.4208062291145325,
3.354739248752594,
2.996726334095001,
4.496520459651947,
4.342453181743622,
4.2129674553871155,
1.3957008719444275,
2.0998723804950714,
3.2987311482429504,
4.796638488769531,
2.550320029258728,
1.2239006161689758,
4.920739829540253,
4.905134439468384,
4.909860193729401,
3.380640745162964,
4.377293586730957,
3.416457176208496,
3.8237151503562927,
4.868661463260651,
0.792405977845192,
1.645222008228302,
4.2599183320999146,
3.9743661880493164,
2.5630074739456177,
3.9078909158706665,
3.042626976966858,
1.0994626581668854,
4.416528344154358,
3.187103569507599,
4.776706695556641,
3.881033957004547,
2.3205208778381348,
4.581728577613831,
4.407708644866943,
4.871635437011719,
1.9857528805732727,
2.674565017223358,
4.314728379249573,
1.0944728553295135,
3.5534384846687317,
3.0321484804153442,
4.509625732898712,
4.513509273529053,
2.450612336397171,
3.813799023628235,
2.565767765045166,
1.2107060849666595,
0.49297213554382324,
3.0029377341270447,
4.697366952896118,
3.9896342158317566,
4.2126792669296265,
2.0343388617038727,
4.888328015804291,
1.589220017194748,
4.281848073005676,
3.850012719631195,
1.5344512462615967,
3.0863600969314575,
1.3798202574253082,
2.3998641967773438,
3.030422329902649,
1.356210708618164,
1.7936903238296509,
3.3379265666007996,
3.4673532843589783,
2.868158519268036,
2.2838015854358673,
1.3533161580562592,
4.125088751316071,
3.7581053376197815,
2.384255826473236,
2.437848001718521,
4.924956262111664,
4.826331734657288,
2.851811945438385,
2.4975641071796417,
4.725082814693451,
4.85737144947052,
2.5250983238220215,
4.729287028312683,
3.2924342155456543,
4.474319219589233,
1.8158124387264252,
4.193779528141022,
0.9219544380903244,
4.473392367362976,
3.2331591844558716,
4.855581820011139,
2.539675235748291,
2.862483263015747,
3.3550813794136047,
3.42676043510437,
4.086647629737854,
4.3419259786605835,
2.956286668777466,
2.458944320678711,
3.506120443344116,
2.7622365951538086,
3.9792433381080627,
4.995720684528351,
4.3101707100868225,
2.4710331857204437,
3.869495391845703,
3.9682433009147644,
3.205236792564392,
2.64159232378006,
3.455354869365692,
3.120373785495758,
3.1223031878471375,
0.39467398077249527,
4.331581294536591,
2.2166943550109863,
2.15632900595665,
1.1974911391735077,
4.008942246437073,
3.4394606947898865,
4.902233183383942,
4.33791846036911,
2.553541660308838,
2.205728441476822,
3.303629457950592,
1.316949874162674,
4.59682822227478,
2.75632381439209,
3.141135275363922,
4.663791656494141,
3.945346772670746,
3.3498775959014893,
3.371255397796631,
1.3106851279735565,
2.630903720855713,
2.2166943550109863,
2.0681777596473694,
2.807917296886444,
4.645633697509766,
3.214041292667389,
1.3072620332241058,
1.037861406803131,
4.788224697113037,
2.9172107577323914,
3.247218132019043,
4.0804290771484375,
3.558618724346161,
3.24038028717041,
4.678665101528168,
4.187580943107605,
3.716283142566681,
2.162053734064102,
3.2518526911735535,
1.391918659210205,
3.271288275718689,
4.01491105556488,
3.410903215408325,
3.122359812259674,
4.773006737232208,
2.3570269346237183,
1.9294233620166779,
2.9276415705680847,
2.2289246320724487,
4.042961299419403,
3.2239243388175964,
4.646334946155548,
3.7610572576522827,
2.3809295892715454,
4.6732497215271,
4.915791153907776,
4.022594690322876,
4.796638488769531,
4.296680688858032,
0.33187977969646454,
4.787214994430542,
3.24089378118515,
3.9992868900299072,
3.628801107406616,
3.0815929174423218,
2.936655580997467,
3.2936182618141174,
3.1628933548927307,
4.144214391708374,
0.22277237847447395,
2.823663055896759,
2.871980667114258,
1.3309122622013092,
4.831719398498535,
3.1420645117759705,
4.334055781364441,
3.1211623549461365,
3.1458422541618347,
3.1160303950309753,
2.881045639514923,
2.8041815757751465,
4.526444375514984,
3.137693405151367,
1.2117411196231842,
2.903951108455658,
2.868158519268036,
1.518293172121048,
3.994494080543518,
2.924174666404724,
4.74422425031662,
3.352879285812378,
3.246757686138153,
3.214041292667389,
3.260214328765869,
3.5280641913414,
4.997225105762482,
0.08402067236602306,
4.72814679145813,
2.5269046425819397,
2.1658144891262054,
4.116454720497131,
3.201778531074524,
4.282521307468414,
4.517190158367157,
2.362023890018463,
1.4562439918518066,
1.5803632140159607,
3.1189224123954773,
3.624418079853058,
4.058278203010559,
2.3497529327869415,
1.460852026939392,
3.020196855068207,
4.083031415939331,
3.2085999846458435,
2.3021723330020905,
1.142256185412407,
2.9722604155540466,
4.266575276851654,
2.961864471435547,
4.124871492385864,
4.613229036331177,
2.5170576572418213,
4.9434879422187805,
4.377293586730957,
4.858483076095581,
2.8019851446151733,
2.2847597301006317,
3.356908857822418,
2.75632381439209,
1.589195430278778,
2.9098090529441833,
4.949016869068146,
2.977868914604187,
3.3577314019203186,
4.281848073005676,
3.0235522985458374,
3.225589692592621,
4.787214994430542,
2.963513135910034,
2.1633921563625336,
2.61348158121109,
2.946942150592804,
4.027218818664551,
3.2085999846458435,
2.508442997932434,
2.597557008266449,
2.118654102087021,
1.8513986468315125,
4.009233117103577,
3.003109395503998,
4.266575276851654,
1.5892648696899414,
2.75632381439209,
4.915791153907776,
3.0563780665397644,
3.1422975659370422,
4.078657627105713,
0.5108252912759781,
2.739529311656952,
4.862069487571716,
3.2715189456939697,
1.009223312139511,
0.44045180082321167,
2.8960976004600525,
3.513329029083252,
3.925171196460724,
4.1750600934028625,
3.7180939316749573,
3.4924396872520447,
2.5566262006759644,
2.7622365951538086,
3.085845708847046,
3.2927927374839783,
4.154878556728363,
4.203997254371643,
4.373512268066406,
1.4748984575271606,
2.2070083022117615,
0.5083661526441574,
4.923982322216034,
4.196434915065765,
4.436693489551544,
3.2690411806106567,
2.6011675596237183,
4.128654897212982,
0.3700624778866768,
2.294495701789856,
1.686512976884842,
4.741152822971344,
3.652378022670746,
3.3567366003990173,
4.240690171718597,
1.1038799583911896,
1.671275645494461,
1.5529567003250122,
2.6580408215522766,
1.9921016693115234,
4.363940060138702,
3.4033992886543274,
1.6735945641994476,
4.2043691873550415,
2.497166246175766,
1.1977215856313705,
1.2720134854316711,
4.266575276851654,
4.78424072265625,
4.471004903316498,
3.5666844248771667,
3.9291608333587646,
0.9208168089389801,
2.756856083869934,
4.124871492385864,
2.9098090529441833,
0.2708263695240021,
3.110480010509491