2.5140827894210815,
3.8993263244628906,
2.6465967297554016,
2.1511560678482056,
4.80897068977356,
2.7971121668815613,
3.4672123193740845,
3.1946828961372375,
4.774588942527771,
3.3264636993408203,
3.4639638662338257,
2.925451695919037,
3.639678955078125,
3.656403124332428,
2.5224676728248596,
2.423889935016632,
3.302161693572998,
2.6276499032974243,
4.195577502250671,
4.050233364105225,
4.604715704917908,
3.957628011703491,
2.4051667749881744,
4.604715704917908,
0.8243028819561005,
3.07582825422287,
4.822501242160797,
4.929637014865875,
3.7401771545410156,
3.7277156114578247,
3.057965040206909,
3.01322340965271,
3.855370879173279,
2.716035842895508,
2.8853824734687805,
2.9467815160751343,
4.498320817947388,
2.573050558567047,
2.8364887833595276,
1.2179818749427795,
4.353264272212982,
2.233557552099228,
2.6132813096046448,
2.911727726459503,
2.872714400291443,
2.8420358896255493,
2.1069297194480896,
4.82184112071991,
2.5649839639663696,
2.2741350531578064,
2.064617872238159,
3.3737704157829285,
2.5044965744018555,
2.5743597745895386,
4.765685498714447,
3.7649744749069214,
1.78860142827034,
3.1991571187973022,
3.2354414463043213,
3.3138197660446167,
2.565917670726776,
3.8299936056137085,
2.6866012811660767,
4.262513518333435,
3.8244402408599854,
1.0271162539720535,
4.432515501976013,
3.5000354051589966,
2.3986296355724335,
3.373810350894928,
2.3924821615219116,
2.487223446369171,
2.953402101993561,
3.0631956458091736,
3.5784876346588135,
3.0954694747924805,
3.756841719150543,
0.8579324185848236,
2.300330698490143,
3.3276987075805664,
4.052264988422394,
3.692769408226013,
4.376662969589233,
4.240691065788269,
4.260023534297943,
1.6944918036460876,
4.498320817947388,
2.27586030960083,
3.3463892340660095,
2.949778437614441,
1.0838790237903595,
4.771263897418976,
2.9082462191581726,
2.4027229845523834,
3.261595070362091,
1.7103494703769684,
4.324939250946045,
3.5649165511131287,
2.3947103321552277,
4.752174913883209,
4.275874495506287,
1.1177219450473785,
2.234875410795212,
3.214433193206787,
4.342587888240814,
4.5893049240112305,
1.848629117012024,
3.6365336179733276,
2.971588373184204,
3.1416872143745422,
2.702500820159912,
1.090271919965744,
3.559146225452423,
2.6775479316711426,
0.754343718290329,
3.656403124332428,
4.160886704921722,
3.5927125811576843,
4.227290749549866,
4.422350227832794,
2.220391035079956,
2.8212350606918335,
3.4734338521957397,
2.6462388038635254,
2.505587935447693,
0.7590845227241516,
3.6451315879821777,
4.264854788780212,
4.69749391078949,
2.3830005526542664,
3.6317983269691467,
3.484652042388916,
3.097946345806122,
4.454805254936218,
3.9674407243728638,
3.6891835927963257,
2.575794756412506,
3.9825797080993652,
3.4910577535629272,
2.7513614296913147,
2.127150595188141,
4.604715704917908,
3.2481545209884644,
2.201315462589264,
2.362293004989624,
1.892583966255188,
4.784702360630035,
3.6767813563346863,
4.559572339057922,
2.511812150478363,
2.9082462191581726,
3.4095197916030884,
4.500932097434998,
2.9440543055534363,
4.378686547279358,
2.340448647737503,
1.6804252564907074,
2.5339028239250183,
4.460035562515259,
4.165701866149902,
3.1013041734695435,
3.3400627970695496,
0.6304723769426346,
4.2576974630355835,
2.5649839639663696,
4.528937637805939,
4.565086364746094,
4.172773361206055,
1.334575116634369,
1.8752166628837585,
2.769951820373535,
2.710602879524231,
3.8244402408599854,
3.1518059968948364,
4.699714779853821,
3.8164791464805603,
0.19158761948347092,
0.2517629601061344,
4.4784411787986755,
3.8299936056137085,
2.158992886543274,
4.349865913391113,
1.6400259733200073,
3.8299936056137085,
4.376662969589233,
4.6204447746276855,
3.5180625319480896,
0.7588808983564377,
2.697940766811371,
2.8169381618499756,
2.549060881137848,
1.9690421223640442,
3.964136838912964,
3.150162696838379,
4.565637707710266,
3.941717743873596,
3.1508418917655945,
3.5590681433677673,
3.2275786995887756,
2.5725463032722473,
3.584757149219513,
4.149763286113739,
1.3871081173419952,
4.260023534297943,
3.4629669785499573,
3.4583035111427307,
2.741265594959259,
4.626295268535614,
2.937436103820801,
3.7463772296905518,
1.7844349145889282,
1.0645219683647156,
3.492191433906555,
3.3567142486572266,
4.635616838932037,
0.5368340015411377,
4.766101837158203,
2.566298544406891,
2.475927770137787,
4.474409520626068,
3.988882303237915,
0.2993767149746418,
4.102293252944946,
2.627909779548645,
3.695273697376251,
3.314618766307831,
4.8502615094184875,
2.584284245967865,
3.568771183490753,
1.9683125615119934,
3.081749975681305,
3.095751702785492,
2.415306866168976,
4.675430953502655,
4.698643684387207,
1.197442188858986,
3.114628493785858,
1.2160055339336395,
2.622010111808777,
4.3258339166641235,
2.7548792958259583,
4.854506552219391,
2.172645628452301,
2.2832511365413666,
3.837236166000366,
3.5695496201515198,
1.319805383682251,
3.4516867995262146,
3.02168607711792,
4.746463298797607,
3.362930715084076,
3.445517420768738,
1.186181753873825,
4.457230567932129,
1.1505427956581116,
4.0276893973350525,
3.431449830532074,
3.5964736342430115,
0.7626001536846161,
0.7715851068496704,
4.496250748634338,
4.691019356250763,
2.1492312848567963,
2.6663118600845337,
3.3521631360054016,
0.6482104957103729,
2.2806283831596375,
0.12946170754730701,
4.226589202880859,
1.1755521595478058,
4.787607192993164,
4.611020386219025,
4.242566227912903,
1.3127496838569641,
3.735840320587158,
3.1352248787879944,
4.8513489961624146,
3.3225151896476746,
2.4051667749881744,
2.213452160358429,
2.51166433095932,
2.6768940687179565,
2.5803491473197937,
3.1287288665771484,
4.623590707778931,
1.5739701688289642,
3.99198055267334,
3.0183693766593933,
3.214424252510071,
3.0018076300621033,
1.0258730500936508,
2.6696380972862244,
2.911727726459503,
3.695273697376251,
2.364274561405182,
4.111382365226746,
2.904593348503113,
2.3924821615219116,
1.201215535402298,
2.6838132739067078,
3.051513433456421,
3.219013512134552,
3.8460683822631836,
2.621179223060608,
4.852879643440247,
4.381866455078125,
3.639567792415619,
2.984992265701294,
0.9731428325176239,
2.1768254041671753,
3.908379375934601,
3.083733022212982,
4.181528687477112,
2.984180450439453,
4.5543694496154785,
4.5050132274627686,
0.456402450799942,
0.36471154540777206,
3.7649744749069214,
2.5044965744018555,
0.857168510556221,
0.42634889483451843,
4.474729597568512,
4.012765884399414,
4.723925888538361,
0.8500067889690399,
1.4273707568645477,
0.7633952796459198,
3.3696341514587402,
3.825197219848633,
2.8824424743652344,
3.6774486303329468,
2.1386127173900604,
2.6715782284736633,
0.7819780707359314,
3.683651387691498,
1.2950733304023743,
4.122820496559143,
2.009713053703308,
1.7249394953250885,
2.8853824734687805,
2.27586030960083,
1.8906810879707336,
3.606349527835846,
4.559572339057922,
4.240858256816864,
2.9232993721961975,
3.390452563762665,
1.9904863834381104,
2.619258463382721,
2.022014409303665,
2.064621150493622,
4.604715704917908,
2.472216933965683,
0.36985546350479126,
2.8215792775154114,
2.971588373184204,
1.6385841369628906,
4.255058169364929,
2.162754386663437,
4.604715704917908,
3.8357478380203247,
3.5990437865257263,
2.53191739320755,
1.602928787469864,
3.3617544174194336,
4.604715704917908,
2.2150370478630066,
4.782910645008087,
1.8153361976146698,
3.270997405052185,
3.317999839782715,
3.9232027530670166,
3.429703116416931,
0.5120719969272614,
1.8893693387508392,
3.245195746421814,
2.922014892101288,
2.8181669116020203,
4.535535573959351,
4.791280031204224,
3.612198829650879,
4.838588833808899,
1.4978103339672089,
1.6315463185310364,
4.051638245582581,
3.761952519416809,
2.767776846885681,
4.757140278816223,
1.6320428252220154,
3.5590681433677673,
2.700991630554199,
2.914060950279236,
1.7427529394626617,
4.1617751121521,
1.737334281206131,
3.7217694520950317,
2.632310390472412,
3.2227975130081177,
0.4042842611670494,
3.3590298891067505,
2.861686646938324,
4.262124598026276,
4.619775414466858,
1.082947999238968,
3.660980761051178,
3.855370879173279,
3.1518059968948364,
3.908379375934601,
4.297763705253601,
2.7951595187187195,
2.541138231754303,
4.60272490978241,
3.436397612094879,
-0.16222193837165833,
2.769951820373535,
2.799062132835388,
2.408696711063385,
3.126206398010254,
3.8099098205566406,
2.922014892101288,
4.410122036933899,
3.1370502710342407,
3.9398986101150513,
4.7517165541648865,
4.744722247123718,
1.2370607256889343,
3.541412651538849,
4.136268794536591,
3.959788680076599,
3.758073151111603,
2.2658997774124146,
1.7284698784351349,
3.3053606748580933,
2.2143959999084473,
3.3058395981788635,
1.7872488498687744,
1.1952969431877136,
-0.11593339033424854,
2.7835536003112793,
3.3276987075805664,
2.250819206237793,
2.2849923372268677,
3.4314393997192383,
4.171011745929718,
1.240178495645523,
3.030252158641815,
0.6674445420503616,
3.606468439102173,
4.791280031204224,
3.405318558216095,
3.8824689388275146,
4.6462082862854,
2.717474102973938,
4.255506694316864,
3.598441183567047,
2.6310887932777405,
1.1896514147520065,
1.4785778522491455,
4.25577849149704,
3.519914448261261,
3.317999839782715,
3.887302875518799,
2.589487135410309,
4.839709103107452,
2.8421369194984436,
2.578185200691223,
4.494907259941101,
3.832031786441803,
0.8074671775102615,
4.581122100353241,
2.4058252573013306,
3.7316113710403442,
1.8839362263679504,
4.094867706298828,
3.3628851175308228,
3.264247179031372,
3.55593204498291,
4.218805432319641,
2.5821340084075928,
2.663182318210602,
3.05417001247406,
2.755456566810608,
3.740224540233612,
2.0230628550052643,
0.851503536105156,
1.6023589670658112,
3.1557664275169373,
2.96015202999115,
3.8986551761627197,
2.891320586204529,
0.4258708283305168,
4.193677604198456,
3.5110044479370117,
4.297763705253601,
2.034795433282852,
3.649972081184387,
2.4492202699184418,
3.303796947002411,
2.949754297733307,
3.3628851175308228,
2.610739767551422,
0.7366032898426056,
4.209140837192535,
2.1428242325782776,
4.284918010234833,
2.7682876586914062,
2.0971645414829254,
3.6033040285110474,
4.020194411277771,
4.2769235372543335,
0.7023805379867554,
3.9812088012695312,
3.048238158226013,
3.716265857219696,
2.0876048505306244,
4.9694183468818665,
2.837131917476654,
4.715273678302765,
3.8460683822631836,
2.6557564735412598,
3.3519446849823,
2.8760728240013123,
3.7678974866867065,
2.805168926715851,
3.7598490715026855,
4.226931929588318,
4.384474158287048,
4.548331797122955,
2.209661453962326,
2.360963821411133,
3.303796947002411,
4.324052929878235,
3.4608423709869385,
3.200782537460327,
3.7697944045066833,
3.5927125811576843,
4.852879643440247,
1.8017807602882385,
3.8319897651672363,
2.8961002826690674,
2.322663962841034,
1.9548648595809937,
4.925466477870941,
4.7544437646865845,
4.245689809322357,
0.7694908231496811,
2.2963041067123413,
2.8154191374778748,
3.130212128162384,
1.9769707322120667,
3.302161693572998,
3.4440267086029053,
3.369709849357605,
4.556591808795929,
1.4008918404579163,
2.5576654076576233,
3.925592005252838,
0.8185234665870667,
4.604715704917908,
1.7479224503040314,
1.8382608890533447,
0.4318022355437279,
2.8212350606918335,
1.6651740670204163,
2.037646621465683,
1.4532266557216644,
2.8858065605163574,
2.725132703781128,
2.0842090249061584,
2.805168926715851,
2.0678433775901794,
2.945770025253296,
3.680666983127594,
3.4154143929481506,
0.600297600030899,
3.6333608627319336,
2.362293004989624,
2.8006285429000854,
4.04132217168808,
4.718998670578003,
1.9142234325408936,
4.774588942527771,
1.319981962442398,
4.208018779754639,
2.703310549259186,
1.147424429655075,
2.6768940687179565,
3.07582825422287,
4.5167553424835205,
4.2576974630355835,
3.7733757495880127,
3.612854778766632,
0.9563499689102173,
3.1013041734695435,
4.813096225261688,
3.02168607711792,
2.427740842103958,
4.451020061969757,
4.297103583812714,
1.7512643337249756,
3.317999839782715,
1.2049975991249084,
3.537145256996155,
4.2249733209609985,
1.782468855381012,
4.4361186027526855,
4.349865913391113,
2.2829335927963257,
1.5686941146850586,
3.2663026452064514,
3.4782132506370544,
4.054548144340515,
2.717474102973938,
2.2641022503376007,
3.3628851175308228,
2.776487171649933,
3.7508681416511536,
4.799680709838867,
3.128909170627594,
0.566202700138092,
3.6393725872039795,
3.49107563495636,
2.9728609323501587,
2.829098105430603,
1.0661864280700684,
2.8858065605163574,
0.2075553871691227,
2.5481602549552917,
3.206590414047241,
2.408696711063385,
3.292257785797119,
2.9153814911842346,
0.8767202496528625,
3.837616741657257,
3.757820725440979,
3.465707302093506,
1.0072369128465652,
3.597477376461029,
2.7353399991989136,
2.9900941252708435,
2.2900626063346863,
1.2858088314533234,
2.894603908061981,
2.7259817719459534,
3.302161693572998,
3.656403124332428,
3.500085175037384,
2.9980871081352234,
3.9959806203842163,
1.381351798772812,
3.290609121322632,
0.40767643600702286,
3.964136838912964,
2.584482431411743,
4.275738596916199,
1.6027896106243134,
2.6844513416290283,
4.068865180015564,
0.43663840740919113,
2.654752731323242,
2.5475552678108215,
2.572658658027649,
4.348553717136383,
0.5187132954597473,
3.3628851175308228,
2.617065906524658,
3.461647629737854,
3.4437432885169983,
3.8125109672546387,
1.2110202014446259,
3.214424252510071,
3.4597235918045044,
4.757093787193298,
2.9224175214767456,
2.2450117766857147,
2.7353399991989136,
3.935309648513794,
0.4683662950992584,
0.5465810000896454,
3.656403124332428,
4.262124598026276,
3.598441183567047,
2.840699851512909,
2.4844680726528168,
3.936677575111389,
4.564060866832733,
4.16382759809494,
3.3521631360054016,
3.8133543729782104,
4.611020386219025,
1.159197837114334,
0.9732916951179504,
4.7791969776153564,
2.5644084811210632,
3.5110044479370117,
3.4789812564849854,
4.24884557723999,
4.7517165541648865,
3.206474184989929,
4.626295268535614,
2.6000231504440308,
2.9247748851776123,
1.7582353949546814,
2.823130488395691,
3.5879018902778625,
4.597506523132324,
3.1998157501220703,
3.7286630272865295,
3.206474184989929,
4.510687291622162,
2.9242289066314697,
4.355008602142334,
3.24631005525589,
4.579557180404663,
3.3120089769363403,
2.727757692337036,
3.8824689388275146,
3.5223281383514404,
0.8916035294532776,
2.778978943824768,
2.322729080915451,
3.9680305123329163,
3.7362799048423767,
3.3164486289024353,
2.949778437614441,
4.207316040992737,
1.4262722432613373,
3.8357028365135193,
4.511631727218628,
2.4954040348529816,
3.2378458976745605,
0.6237133964896202,
3.3969008922576904,
1.1961186677217484,
3.6869701743125916,
3.8117918372154236,
2.709868550300598,
2.904593348503113,
0.6285181641578674,
4.168063104152679,
2.6543617248535156,
4.10923957824707,
2.6944810152053833,
1.417381763458252,
1.1142148077487946,
1.0226546227931976,
1.6602517664432526,
2.9770493507385254,
0.7062920928001404,
0.5230015516281128,
4.722131192684174,
2.8960198163986206,
4.138198494911194,
3.8244402408599854,
3.680666983127594,
1.1719559878110886,
4.394822120666504,
4.073208570480347,
3.9035868644714355,
2.4797847867012024,
2.553635835647583,
2.2783586382865906,
2.6673799753189087,
3.8129305839538574,
2.659929394721985,
4.5023733377456665,
3.756841719150543,
3.3164486289024353,
4.597506523132324,
3.2023319602012634,
2.221110761165619,
0.15267305076122284,
3.228698968887329,
2.2867871820926666,
4.738181531429291,
4.604715704917908,
1.3795535266399384,
3.162517547607422,
2.6072758436203003,
3.4629669785499573,
4.17740523815155,
3.0688655376434326,
4.558424949645996,
3.617256283760071,
4.050632119178772,
4.422350227832794,
4.757093787193298,
3.3617544174194336,
1.4719215035438538,
3.5215386748313904,
3.45578670501709,
4.604715704917908,
2.4405723810195923,
0.9916956722736359,
2.9522064328193665,
2.0952123403549194,
3.602747619152069,
1.4759701490402222,
3.391495645046234,
1.2933018803596497,
1.963479071855545,
3.110833764076233,
4.604715704917908,
1.8250131607055664,
2.2326049208641052,
2.927536964416504,
2.274145781993866,
3.8129305839538574,
3.196237087249756,
2.6416820287704468,
3.213750422000885,
0.7636432349681854,
4.315484166145325,
3.848545551300049,
3.0041909217834473,
4.171011745929718,
3.428512215614319,
2.776487171649933,
4.2490363121032715,
3.9398986101150513,
1.7232787609100342,
2.2301025688648224,
1.4737485349178314,
0.8241074532270432,
4.195577502250671,
3.4608423709869385,
2.4763163924217224,
2.2388646006584167,
2.2007930278778076,
2.8369110822677612,
2.6228100061416626,
3.1219860911369324,
2.4929089844226837,
1.8523548543453217,
2.3360350728034973,
3.6511102318763733,
1.769479662179947,
2.944920063018799,
4.580458104610443,
3.6819979548454285,
2.9960277676582336,
2.360963821411133,
3.4734338521957397,
1.1612730473279953,
4.5543694496154785,
3.6681145429611206,
4.129808247089386,
3.564019203186035,
2.4818891286849976,
1.5604884922504425,
2.70624577999115,
1.5274642407894135,
1.716444194316864,
2.0056381821632385,
2.8421369194984436,
3.6543938517570496,
0.7406523823738098,
0.8122993260622025,
4.500932097434998,
3.8244402408599854,
0.6929692625999451,
4.2891526222229,
2.7353399991989136,
4.369637072086334,
0.26710696518421173,
2.0515435934066772,
0.41305702179670334,
2.528170645236969,
3.6392053961753845,
2.5104278326034546,
0.05003649741411209,
2.5348466634750366,
2.630762457847595,
3.5110044479370117,
1.9250747561454773,
4.03393417596817,
1.769450306892395,
2.4612516164779663,
4.604715704917908,
2.7623045444488525,
2.787528336048126,
0.956907644867897,
3.8218683004379272,
3.1775864958763123,
4.148575067520142,
0.4999689757823944,
3.746362030506134,
2.227146178483963,
4.494847655296326,
3.7940174341201782,
1.4976580440998077,
3.3783191442489624,
2.880174219608307,
2.949743866920471,
2.9874640703201294,
3.435037136077881,
2.487803101539612,
3.673657476902008,
2.1674807369709015,
3.9791110157966614,
2.511284351348877,
4.746463298797607,
3.899231255054474,
2.6644596457481384,
3.328539729118347,
2.7549895644187927,
2.579207718372345,
3.5043370723724365,
3.4698623418807983,
1.150566041469574,
1.871332973241806,
2.6775479316711426,
1.1570660769939423,
2.53191739320755,
3.865317702293396,
2.8528007864952087,
2.359953820705414,
4.102252721786499,
3.8474464416503906,
3.4689250588417053,
2.9709041118621826,
3.171427547931671,
4.496250748634338,
0.8646825700998306,
3.369709849357605,
4.125358760356903,
2.43700310587883,
3.597477376461029,
2.9428163170814514,
1.6349110007286072,
4.494847655296326,
1.6125382483005524,
3.712407946586609,
3.7463772296905518,
3.4910577535629272,
3.307962417602539,
1.7747566103935242,
2.917638123035431,
2.9925477504730225,
3.0838358402252197,
3.7693339586257935,
2.829098105430603,
2.267182767391205,
3.3167192339897156,
3.4262248873710632,
3.270997405052185,
3.2939156889915466,
0.6770949065685272,
2.16341570019722,
2.3641514778137207,
4.477056860923767,
2.5628438591957092,
1.0059922188520432,
4.501802921295166,
4.5543694496154785,
4.766101837158203,
2.2246551513671875,
3.2919713854789734,
3.1349891424179077,
2.7353399991989136,
4.6462082862854,
0.6677740812301636,
1.1955151706933975,
4.289761781692505,
2.8853824734687805,
1.7185032367706299,
3.7294021248817444,
2.7971121668815613,
0.33606164157390594,
4.207316040992737,
2.8122863173484802,
4.247165322303772,
2.415306866168976,
1.065419763326645,
4.691019356250763,
4.134791791439056,
4.137557744979858,
3.3833271265029907,
1.5002739429473877,
3.2623854279518127,
1.4784809947013855,
3.2830721139907837,
2.8685685992240906,
3.3519446849823,
4.386973977088928,
2.295958697795868,
3.4743940830230713,
3.7857502698898315,
1.1409667134284973,
0.8635047823190689,
2.528333067893982,
4.073208570480347,
3.2411575317382812,
3.302161693572998,
2.4128660559654236,
4.410668611526489,
0.8963920176029205,
3.369709849357605,
3.104185461997986,
0.9115153551101685,
2.612729072570801,
1.3870777189731598,
2.172645628452301,
2.59053111076355,
1.5290281176567078,
2.663818895816803,
2.571597695350647,
2.8821593523025513,
2.96015202999115,
1.124332919716835,
0.7318016141653061,
2.5174877047538757,
2.5154781341552734,
2.4051667749881744,
2.3924821615219116,
4.321592450141907,
4.148575067520142,
2.4357643723487854,
2.7858859300613403,
4.320974051952362,
4.791280031204224,
2.6495328545570374,
3.9909058809280396,
3.639567792415619,
4.5145583152771,
2.340577244758606,
3.1946998834609985,
1.198030412197113,
3.4779849648475647,
2.078777998685837,
4.444720149040222,
0.7761597633361816,
3.0614030361175537,
2.2987930476665497,
2.549060881137848,
3.419945240020752,
3.7286630272865295,
3.716265857219696,
2.037646621465683,
3.063082993030548,
2.4274080991744995,
2.7541303634643555,
4.943532347679138,
3.307855725288391,
2.200278490781784,
3.3138197660446167,
3.489706516265869,
2.5224676728248596,
1.4526721835136414,
3.1767070293426514,
2.221110761165619,
2.6727837324142456,
0.5977503955364227,
3.8299936056137085,
3.1620287895202637,
1.9439239799976349,
0.7929559797048569,
3.5101017355918884,
2.4313941597938538,
4.789474308490753,
3.8908183574676514,
2.1492312848567963,
2.500465214252472,
2.1980008482933044,
0.2778446301817894,
3.8375133275985718,
2.769951820373535,
1.9706222414970398,
4.5104944705963135,
2.462293803691864,
2.455047369003296,
2.716761529445648,
1.534649133682251,
1.9280877709388733,
3.1620287895202637,
1.709200143814087,
2.2166207432746887,
3.8474464416503906,
2.6023128628730774,
2.1291182935237885,
2.2525906562805176,
4.588013291358948,
1.9839051365852356,
3.4748923778533936,
2.932644784450531,
3.6451315879821777,
2.1160057187080383,
4.355008602142334,
2.808288335800171,
2.3574189841747284,
1.1254899948835373,
2.7780842781066895,
0.7990097254514694,
3.0953243374824524,
3.9812088012695312,
3.1295478343963623,
2.3249778151512146,
4.1617751121521,
2.546253204345703,
2.0699432492256165,
1.5939043462276459,
1.4055976271629333,
2.8445017337799072,
3.5994520783424377,
3.8164791464805603,
2.8528007864952087,
3.1343623995780945,
3.9591842889785767,
4.604715704917908,
3.564019203186035,
4.477056860923767,
3.7217694520950317,
1.1658033728599548,
4.647514522075653,
1.9640818238258362,
3.9032137393951416,
2.78390109539032,
2.525481879711151,
2.0589743554592133,
2.9770493507385254,
2.2627300024032593,
2.924814522266388,
1.1425279080867767,
2.571587860584259,
1.9405649602413177,
0.3894161805510521,
4.715273678302765,
3.659071922302246,
3.314618766307831,
1.9233721494674683,
2.253875434398651,
2.4089406430721283,
2.2147879004478455,
1.6792486608028412,
4.111382365226746,
2.0904000103473663,
1.0263550281524658,
2.444697469472885,
2.96015202999115,
1.2302538752555847,
3.7276971340179443,
2.2381363809108734,
3.8319897651672363,
2.803244888782501,
2.292243242263794,
2.6023128628730774,
3.509964942932129,
3.213750422000885,
4.9694183468818665,
1.3811899721622467,
4.765685498714447,
2.2157572209835052,
2.8369110822677612,
3.249182105064392,
2.6644596457481384,
3.49107563495636,
3.925592005252838,
2.632310390472412,
1.2968309223651886,
0.3874475508928299,
2.487223446369171,
3.5679513216018677,
4.050496220588684,
2.122405916452408,
1.6601388156414032,
2.5109362602233887,
3.8357028365135193,
2.451893985271454,
1.7321348190307617,
1.4973929524421692,
2.1327023208141327,
3.756841719150543,
3.834875226020813,
3.604629933834076,
4.349865913391113,
2.722277343273163,
4.738181531429291,
3.2919713854789734,
4.579557180404663,
1.0984355956315994,
2.7682876586914062,
3.169381320476532,
2.769951820373535,
0.7199954986572266,
3.7703999876976013,
4.556591808795929,
2.082033157348633,
2.346024811267853,
3.369709849357605,
3.505135476589203,
3.365386128425598,
4.647514522075653,
2.3835469782352448,
0.4971197620034218,
3.090047240257263,
2.568882703781128,
3.8244402408599854,
2.451893985271454,
2.9289206862449646,
3.622864782810211,
1.2642765045166016,
2.837842106819153,
3.4796303510665894,
2.6072758436203003,
3.756841719150543,
0.8700311183929443,
2.769951820373535,
4.604715704917908,
2.7090877294540405,
2.8674516081809998,
3.6166411638259888,
0.30780360102653503,
2.1199916303157806,
4.4361186027526855,
2.9381531476974487,
0.7013774663209915,
0.7664959132671356,
1.828685700893402,
2.999451160430908,
3.213230073451996,
2.820800244808197,
3.2502850890159607,
2.2790417075157166,
1.0729215294122696,
2.4274080991744995,
2.4763163924217224,
2.4818891286849976,
3.6150503158569336,
3.4516867995262146,
3.9791110157966614,
1.327296793460846,
2.2689759731292725,
1.4277832210063934,
4.7544437646865845,
4.061123430728912,
4.051638245582581,
2.681800425052643,
1.7531675100326538,
2.544606924057007,
0.8973506093025208,
2.470230907201767,
0.9998852014541626,
4.181528687477112,
3.1918495893478394,
2.0971645414829254,
3.3628851175308228,
0.4709279164671898,
2.8810128569602966,
1.3542081415653229,
2.8533244132995605,
0.6791767477989197,
3.4583035111427307,
2.894603908061981,
1.3611206412315369,
3.0330264568328857,
2.2083571553230286,
0.9862538427114487,
0.907893180847168,
3.756841719150543,
4.369637072086334,
3.8890713453292847,
2.572658658027649,
2.458690255880356,
0.8491739630699158,
2.3700404167175293,
3.604629933834076,
3.7703999876976013,
1.1994050443172455,
2.9209545254707336