0.8080829,
0.9191329,
0.8629831,
0.9567221,
0.9431054,
0.8545066,
0.98343706,
0.93026704,
0.97725224,
0.9595062,
0.9757337,
0.9692095,
0.98321265,
0.94909215,
0.9269816,
0.8409998,
0.9381582,
0.9695343,
0.9582878,
0.9906687,
0.9617957,
0.8810209,
0.9283487,
0.96726525,
0.98530763,
0.9828572,
0.97863036,
0.93639886,
0.93122864,
0.94430894,
0.9768405,
0.89129907,
0.96298116,
0.9200254,
0.93241394,
0.9869537,
0.9271906,
0.9501035,
0.95303106,
0.85135406,
0.87909836,
0.9306778,
0.9548098,
0.9360363,
0.84154284,
0.9770856,
0.90850556,
0.9597338,
0.97294784,
0.9529894,
0.95386183,
0.94192433,
0.93131995,
0.85037315,
0.86814654,
0.8773116,
0.96869904,
0.870861,
0.9631334,
0.87740415,
0.9560223,
0.9512485,
0.93000245,
0.93885,
0.90956074,
0.9317764,
0.96532005,
0.9679966,
0.9416131,
0.88669646,
0.8542048,
0.94208294,
0.9471621,
0.9299864,
0.8718545,
0.93889356,
0.9242478,
0.9737007,
0.8712838,
0.9507946,
0.9501892,
0.9539833,
0.96094793,
0.96109164,
0.8660382,
0.9720769,
0.95920163,
0.92751634,
0.93156964,
0.9591144,
0.97054374,
0.8874518,
0.9199596,
0.9325283,
0.9427702,
0.9117256,
0.9469915,
0.973718,
0.9739534,
0.95588094,
0.88380784,
0.9485497,
0.971224,
0.97718185,
0.9096258,
0.9258881,
0.9256137,
0.94473356,
0.9272783,
0.93892395,
0.95217437,
0.97460985,
0.956378,
0.932067,
0.9284342,
1.0000001,
0.94481754,
0.9511607,
0.951753,
0.8899769,
0.9121068,
0.98493195,
0.9322491,
0.95168954,
0.9063799,
0.93435764,
0.94211906,
0.9142977,
0.95950735,
0.91970557,
0.96391785,
0.92890894,
0.9351054,
0.97641355,
0.95177585,
0.9477306,
0.8586665,
0.9479209,
0.9508704,
0.9467359,
0.9560078,
0.8737359,
0.93845487,
0.9431331,
0.9016101,
0.90903604,
0.970847,
0.91153026,
0.92452914,
0.94455266,
0.88432777,
0.90294033,
0.8499788,
0.95593256,
0.96150136,
0.9391094,
0.9453861,
0.9525142,
0.9266522,
0.9571664,
0.90307826,
0.9322139,
0.9254061,
0.95132166,
0.96154207,
0.89644086,
0.8848214,
0.9298814,
0.966356,
0.95606786,
0.94523895,
0.9426794,
0.9388011,
0.9505763,
0.9217975,
0.9219348,
0.9351109,
0.8039841,
0.95846134,
0.97155696,
0.9524582,
0.9293169,
0.9905411,
0.9701024,
0.93005586,
0.95200956,
0.87332594,
0.9489311,
0.9466552,
0.9336361,
0.8962062,
0.94251174,
0.85623074,
0.94128454,
0.9177283,
0.9650134,
0.88364226,
0.9496452,
0.89370525,
0.9636577,
0.9506391,
0.8784048,
0.94013375,
0.88756865,
0.901978,
0.9631933,
0.90392995,
0.9372173,
0.9268407,
0.89241576,
0.91156465,
0.8460468,
0.8987035,
0.89283633,
0.92879325,
0.93700516,
0.9233713,
0.9077697,
0.89083564,
0.9280434,
0.8857175,
0.9551454,
0.83047587,
0.951753,
0.96761775,
0.8939955,
0.87201893,
0.9485473,
0.8196086,
0.9698478,
0.94364095,
0.8862324,
0.9036045,
0.9543473,
0.87512994,
0.9272869,
0.82995486,
0.9031902,
0.9547631,
0.8920682,
0.9492912,
0.9770065,
0.8680205,
0.8697198,
0.94493616,
0.88799596,
0.94508266,
0.885816,
0.8823335,
0.94664437,
0.92461324,
0.96381974,
0.94968325,
0.8924241,
0.8297901,
0.8839294,
0.8260798,
0.92460495,
0.82609093,
0.9586045,
0.916949,
0.9477895,
0.90793836,
0.94240165,
0.9291824,
0.86438787,
0.88499415,
0.8836459,
0.8909036,
0.9141188,
0.9382995,
0.9511047,
0.9492609,
0.91186816,
0.91311246,
0.85539603,
0.9015394,
0.8921423,
0.91255254,
0.9491865,
0.9279852,
0.90652114,
0.8208354,
0.9018584,
0.86771506,
0.90698665,
0.95082754,
0.8511849,
0.8600968,
0.75436646,
0.89332634,
0.9190414,
0.88751686,
0.90439105,
0.88413864,
0.91124725,
0.8727191,
0.89639163,
0.80131286,
0.9082723,
0.90166354,
0.9228652,
0.85054666,
0.88214153,
0.9141464,
0.87728393,
0.9139269,
0.8478096,
0.818717,
0.8781302,
0.92570615,
0.8467349,
0.8607416,
0.9187805,
0.8895045,
0.9409302,
0.88284296,
0.89399904,
0.86599725,
0.82317847,
0.91034615,
0.9045521,
0.94251275,
0.7686267,
0.8268166,
0.8196968,
0.9090596,
0.9674407,
0.9331372,
0.9615912,
0.9484439,
0.90955997,
0.91611886,
0.8994304,
0.7650851,
0.8713935,
0.9638197,
0.89834017,
0.9401779,
0.9517564,
0.8543448,
0.87863356,
0.8287332,
0.8407257,
0.926568,
0.90879697,
0.8876619,
0.91456264,
0.7762807,
0.93327856,
0.8645189,
0.85082793,
0.8383743,
0.9020415,
0.86106116,
0.9172008,
0.9183543,
0.9264603,
0.79027057,
0.9153123,
0.91080105,
0.82207674,
0.8448765,
0.8712375,
0.85569215,
0.89806783,
0.89063317,
0.79129976,
0.93538904,
0.86756855,
0.8483939,
0.85431176,
0.85362625,
0.94188356,
0.8668063,
0.8402277,
0.89076424,
0.9023413,
0.8880365,
0.85796297,
0.94527346,
0.89711744,
0.8792887,
0.9521641,
0.90287983,
0.90616155,
0.8038256,
0.95079005,
0.90936714,
0.91955054,
0.9362272,
0.895127,
0.93511623,
0.95531964,
0.9103528,
0.8536521,
0.93932164,
0.8409752,
0.8413091,
0.85946935,
0.8554514,
0.9022446,
0.93060327,
0.84043276,
0.81507343,
0.9509651,
0.8580487,
0.8904969,
0.85333776,
0.9177693,
0.91971326,
0.89829457,
0.8393508,
0.85774803,
0.84676105,
0.8897267,
0.9110797,
0.8635742,
0.90599734,
0.89136505,
0.8770646,
0.8757793,
0.8574034,
0.90657955,
0.893421,
0.89087474,
0.8366708,
0.8677302,
0.87115824,
0.8683961,
0.81977123,
0.9237842,
0.91894263,
0.857584,
0.874645,
0.9253911,
0.8328218,
0.8668422,
0.85158974,
0.9336559,
0.8685704,
0.94393045,
0.90156686,
0.84060764,
0.8764674,
0.8495756,
0.86819166,
0.84233433,
0.86983144,
0.89559513,
0.88917965,
0.941113,
0.8331845,
0.91358894,
0.9064509,
0.9063123,
0.87974554,
0.8865785,
0.7711736,
0.8617241,
0.87983,
0.86541003,
0.8430512,
0.8590561,
0.86402094,
0.91489714,
0.83693546,
0.8916809,
0.89708155,
0.945834,
0.86170787,
0.9082665,
0.9179136,
0.8762702,
0.8505925,
0.7964521,
0.8709036,
0.9263658,
0.909654,
0.8463716,
0.7784739,
0.8665219,
0.88044333,
0.8687003,
0.860008,
0.89842844,
0.86980116,
0.8915628,
0.91368294,
0.9175976,
0.8885188,
0.8953606,
0.92853487,
0.79851,
0.8886632,
0.8023596,
0.8247141,
0.8924891,
0.94599456,
0.8417943,
0.8535463,
0.8707974,
0.72304505,
0.85703486,
0.83859956,
0.89126855,
0.851071,
0.86784613,
0.8379356,
0.912,
0.81995434,
0.90073514,
0.8857719,
0.779147,
0.9251035,
0.9472981,
0.8408416,
0.9375174,
0.9029862,
0.8961591,
0.88238496,
0.86001045,
0.8653821,
0.91272104,
0.8674663,
0.87858367,
0.8225031,
0.83320093,
0.92921233,
0.92902285,
0.87527174,
0.8906478,
0.83079267,
0.89418346,
0.8082066,
0.89176875,
0.91235787,
0.79602164,
0.8821676,
0.79165447,
0.8868067,
0.85268533,
0.85662806,
0.87152153,
0.8929359,
0.8293597,
0.86413574,
0.92295814,
0.7219613,
0.8558817,
0.90245885,
0.85685027,
0.94082004,
0.86704105,
0.89894986,
0.83343697,
0.87343,
0.8852241,
0.9456177,
0.74265677,
0.8291707,
0.8572725,
0.88125825,
0.92058027,
0.8592507,
0.9062681,
0.89648217,
0.9224875,
0.80070305,
0.8939289,
0.7907456,
0.83079743,
0.8471893,
0.87508124,
0.901129,
0.87512386,
0.88810056,
0.88595665,
0.8428989,
0.825838,
0.79106855,
0.9068046,
0.87566525,
0.84226805,
0.8123315,
0.8831007,
0.92921144,
0.9026888,
0.9013744,
0.85577834,
0.8022919,
0.821508,
0.895924,
0.8728689,
0.84165597,
0.8023026,
0.85693175,
0.8409505,
0.783173,
0.83643055,
0.8902707,
0.8534802,
0.79291767,
0.79028577,
0.87887335,
0.7962079,
0.8032329,
0.909189,
0.8835714,
0.892493,
0.8134351,
0.8438692,
0.7225216,
0.8930643,
0.90488815,
0.87636167,
0.87442786,
0.87737364,
0.8949704,
0.8410186,
0.7877167,
0.7378908,
0.8751027,
0.88979405,
0.7983176,
0.8763196,
0.82074136,
0.90485066,
0.888022,
0.81601316,
0.91026413,
0.77679867,
0.8521919,
0.8242955,
0.802584,
0.86178595,
0.793139,
0.7614739,
0.87195206,
0.87395805,
0.7830233,
0.88498276,
0.8826549,
0.7838225,
0.9096233,
0.8437602,
0.82324314,
0.89907706,
0.84080976,
0.7374008,
0.86770797,
0.90770596,
0.9184511,
0.8587504,
0.8546949,
0.78555226,
0.76419777,
0.823722,
0.8647403,
0.7432658,
0.8863479,
0.9299029,
0.8234717,
0.86881196,
0.750894,
0.8771439,
0.8839247,
0.8580803,
0.857243,
0.813266,
0.8625498,
0.90433776,
0.77305293,
0.795137,
0.75628626,
0.8905796,
0.83549446,
0.8291593,
0.8147597,
0.8271394,
0.82238066,
0.8162786,
0.841705,
0.8057015,
0.8485999,
0.78253037,
0.8787204,
0.91478693,
0.7961774,
0.88483864,
0.70895606,
0.6878113,
0.8353408,
0.8930074,
0.8962452,
0.8420419,
0.78879625,
0.8699818,
0.84258795,
0.87639683,
0.78526616,
0.85202384,
0.8152384,
0.8901919,
0.8733561,
0.8049156,
0.80419785,
0.7800414,
0.8406339,
0.78478205,
0.8476132,
0.84846,
0.8927398,
0.76832813,
0.79477566,
0.80862945,
0.8629079,
0.84309095,
0.8852887,
0.85806006,
0.78834677,
0.83342916,
0.90346235,
0.80088425,
0.8724504,
0.8527722,
0.7966078,
0.8932989,
0.6765813,
0.8701026,
0.7971147,
0.89100426,
0.8558631,
0.8234312,
0.7556784,
0.8711945,
0.76451296,
0.91741586,
0.8064187,
0.80837715,
0.829698,
0.7775712,
0.8404962,
0.83660555,
0.81330436,
0.90638554,
0.862203,
0.7804389,
0.85854644,
0.8841099,
0.81560814,
0.87862617,
0.8023051,
0.8375362,
0.85491884,
0.80798036,
0.8384647,
0.7397853,
0.8538211,
0.854026,
0.79418725,
0.89096767,
0.7567559,
0.8195758,
0.8806592,
0.85588557,
0.8159976,
0.8666603,
0.791436,
0.7801178,
0.86928505,
0.7396493,
0.8755956,
0.8310339,
0.84715235,
0.75258154,
0.8150277,
0.7574901,
0.8745033,
0.8347214,
0.8583837,
0.78127515,
0.87617254,
0.82603484,
0.8822369,
0.84757096,
0.8690072,
0.8143029,
0.82460064,
0.87802047,
0.8407254,
0.84483266,
0.8110828,
0.84380037,
0.7962336,
0.88789374,
0.97508204,
0.97504896,
0.96442086,
0.9546714,
0.96663123,
0.9538382,
0.96981186,
0.97819287,
0.9782663,
0.9388473,
0.9847261,
1.0,
0.98266464,
0.9392904,
0.978313,
0.8132599,
0.93386185,
0.9841512,
0.90516984,
0.9311737,
0.9634653,
0.96486276,
0.9784161,
0.9627145,
0.96169335,
0.871542,
0.90554255,
0.9780035,
0.89473224,
0.9595397,
0.97708315,
0.96921265,
0.93034804,
0.9568169,
0.9861492,
0.97464526,
0.94713646,
0.99539196,
0.98357254,
0.984352,
0.879836,
0.928554,
0.9264461,
0.91061115,
0.9561909,
0.9960105,
0.9457278,
0.9563149,
0.94793737,
0.86879736,
0.97379416,
0.9823365,
0.9839049,
0.97191125,
0.97351503,
0.9146349,
0.92355704,
0.98458844,
0.9148957,
0.88635635,
0.8773636,
0.9582696,
0.9553376,
0.97864014,
0.9588785,
0.8755806,
0.8848664,
0.964079,
0.96677214,
0.97274584,
0.9670503,
0.9693255,
0.94924927,
0.92476445,
0.9251752,
0.82628417,
0.93587244,
0.9679352,
0.8890149,
0.97216105,
0.9271861,
0.8098048,
0.96359694,
0.9661825,
0.9760622,
0.96336603,
0.9634192,
0.96520364,
0.9639497,
0.9606538,
0.9595844,
0.9560023,
0.9424572,
0.93931293,
0.96066487,
0.8785953,
0.9590737,
0.869601,
0.8604057,
0.90680575,
0.99270576,
0.9316162,
0.9730482,
0.95407486,
0.8748274,
0.8912506,
0.8584887,
0.9687226,
0.86019665,
0.9588431,
0.89508426,
0.9540943,
0.9174984,
0.95614505,
0.9487863,
0.9339087,
0.9231461,
0.89698917,
0.93059224,
0.8805697,
0.9493515,
0.93217915,
0.9116528,
0.88130176,
0.97541165,
0.8838519,
0.898327,
0.92149055,
0.90889555,
0.91888386,
0.9168948,
0.9321758,
0.8121014,
0.8967528,
0.9444293,
0.94648767,
0.9042274,
0.91158277,
0.9640752,
0.88057804,
0.89762425,
0.87078935,
0.9482954,
0.9002831,
0.9024045,
0.8589946,
0.8676242,
0.94700503,
0.8837952,
0.8919838,
0.93720824,
0.8681952,
0.88802034,
0.92223185,
0.8922554,
0.887078,
0.8142984,
0.9593449,
0.91832596,
0.9178196,
0.92860293,
0.93222487,
0.90129066,
0.961029,
0.9554856,
0.9630208,
0.8565246,
0.9582704,
0.9339854,
0.8779463,
0.85698664,
0.9278436,
0.81220657,
0.9374742,
0.87888193,
0.90443546,
0.84947807,
0.9186568,
0.94028014,
0.94194055,
0.9548337,
0.88650966,
0.94846046,
0.87582046,
0.92220855,
0.9476061,
0.9369996,
0.9438297,
0.9096424,
0.90009207,
0.85123074,
0.9773984,
0.86890906,
0.95766705,
0.92358077,
0.8325296,
0.88034713,
0.96430737,
0.87885004,
0.8759973,
0.81855106,
0.9206592,
0.8890038,
0.9507495,
0.9181939,
0.9228886,
0.94857943,
0.93221116,
0.9148496,
0.82303685,
0.88945323,
0.96002066,
0.9191326,
0.8824088,
0.9109628,
0.8307045,
0.9078915,
0.9287219,
0.9072514,
0.8756391,
0.8520321,
0.95688266,
0.88903844,
0.7746484,
0.9016501,
0.891321,
0.9469077,
0.9415804,
0.94298816,
0.8242256,
0.90663296,
0.80416906,
0.8984483,
0.86375487,
0.9053522,
0.9015713,
0.9285026,
0.9293259,
0.8428587,
0.96976286,
0.86362815,
0.90925974,
0.7598324,
0.8118344,
0.9053803,
0.835037,
0.94658333,
0.8820786,
0.88821435,
0.8265104,
0.9485033,
0.92039406,
0.8541555,
0.92187613,
0.8664556,
0.9160127,
0.7911304,
0.8461767,
0.913511,
0.9326141,
0.8460937,
0.91405666,
0.7806612,
0.8191379,
0.9039837,
0.8176349,
0.832546,
0.92334783,
0.91739875,
0.89042854,
0.93738717,
0.9348386,
0.877164,
0.9354781,
0.9344179,
0.9135696,
0.82843703,
0.8625474,
0.8632116,
0.84243476,
0.8587526,
0.97029686,
0.8453042,
0.9571714,
0.75359845,
0.83792543,
0.91666645,
0.9405387,
0.8462127,
0.88540226,
0.82475126,
0.95491815,
0.8848618,
0.87885475,
0.80286825,
0.8903304,
0.9120595,
0.81393003,
0.9140094,
0.85933715,
0.9077035,
0.84457463,
0.8474277,
0.9333961,
0.80872935,
0.76935434,
0.854843,
0.86904645,
0.876533,
0.9035476,
0.91228795,
0.73707664,
0.6679982,
0.8895357,
0.88409114,
0.940088,
0.7493078,
0.80483603,
0.8907788,
0.93569136,
0.8899028,
0.8289203,
0.9145079,
0.85549504,
0.90708673,
0.75687957,
0.8992729,
0.8741483,
0.8498965,
0.8203263,
0.92375475,
0.9123617,
0.8046301,
0.859776,
0.88020086,
0.88654226,
0.81854403,
0.89789283,
0.8635702,
0.91542256,
0.8373646,
0.77822244,
0.90407586,
0.88181347,
0.7776529,
0.92323387,
0.8807533,
0.8744833,
0.85420096,
0.8897543,
0.81118,
0.8770407,
0.87130535,
0.82631993,
0.8342231,
0.87379164,
0.8897874,
0.8558519,
0.87134844,
0.8704581,
0.9041455,
0.9220256,
0.8539887,
0.86607546,
0.84510344,
0.85440433,
0.82590234,
0.89287317,
0.8957586,
0.79626,
0.79418075,
0.88210326,
0.9224908,
0.83337873,
0.723876,
0.8480509,
0.92426574,
0.8677595,
0.809569,
0.92184794,
0.8641897,
0.80500114,
0.8809076,
0.89423734,
0.8808835,
0.80735844,
0.8502322,
0.82596064,
0.90878254,
0.9106283,
0.87074393,
0.84494364,
0.8257995,
0.8909284,
0.7831662,
0.8274,
0.89977926,
0.87363744,
0.93254006,
0.75015223,
0.89149153,
0.9226294,
0.8816714,
0.7963099,
0.9127853,
0.8213202,
0.86396015,
0.9319498,
0.85205424,
0.8578455,
0.92783785,
0.8702554,
0.8566418,
0.7986628,
0.85975397,
0.792285,
0.8378078,
0.8899708,
0.8242843,
0.90512764,
0.91925997,
0.8728366,
0.9384533,
0.92591774,
0.7392693,
0.88351727,
0.6662765,
0.86246353,
0.8639919,
0.8686374,
0.8369868,
0.8085572,
0.94398725,
0.86450106,
0.87172014,
0.7886505,
0.70815367,
0.87922466,
0.8389935,
0.83975375,
0.8379895,
0.8051486,
0.77418983,
0.78746694,
0.8539201,
0.86447936,
0.9085074,
0.8774182,
0.70917696,
0.84726155,
0.86802393,
0.8049155,
0.9073809,
0.9165813,
0.74864125,
0.84555304,
0.7602801,
0.8631534,
0.8262435,
0.8051228,
0.86439943,
0.8774907,
0.8851773,
0.89963233,
0.7955265,
0.8458907,
0.8936603,
0.7574891,
0.8684903,
0.8258694,
0.8114238,
0.876121,
0.7860861,
0.703397,
0.7507546,
0.89107704,
0.90067667,
0.8055778,
0.85050493,
0.76246697,
0.84687895,
0.79143244,
0.87863994,
0.85052705,
0.88071156,
0.8169345,
0.82326114,
0.89620715,
0.7584348,
0.7968198,
0.7458175,
0.8799358,
0.8261607,
0.89313287,
0.9008867,
0.86769164,
0.8686853,
0.8425112,
0.76998746,
0.8448602,
0.8949256,
0.8497463,
0.8560359,
0.7106629,
0.80699486,
0.85850924,
0.7927034,
0.6940679,
0.85105866,
0.6519677,
0.85805124,
0.76689273,
0.8076127,
0.77735615,
0.7604549,
0.74203753,
0.78978914,
0.88937414,
0.60220236,
0.83606994,
0.8538803,
0.8165094,
0.71394545,
0.8607885,
0.8911052,
0.86277777,
0.8799289,
0.80472404,
0.78723335,
0.84126085,
0.83915913,
0.83376795,
0.7520368,
0.82120746,
0.86558944,
0.7670591,
0.8007844,
0.7680796,
0.8032182,
0.7614384,
0.8512097,
0.85378134,
0.8344132,
0.7090704,
0.89782214,
0.6807471,
0.7637416,
0.8101096,
0.76388156,
0.82650626,
0.83234835,
0.799795,
0.8929817,
0.839663,
0.85331476,
0.669774,
0.8496055,
0.83492225,
0.7577883,
0.8297223,
0.7984283,
0.7832913,
0.7030146,
0.82749486,
0.8162351,
0.76910126,
0.7714234,
0.8062128,
0.8089448,
0.71207017,
0.8818604,
0.76101106,
0.8161103,
0.83606595,
0.78606385,
0.7562652,
0.80349636,
0.7528626,
0.81800944,
0.7800384,
0.76747173,
0.71071684,
0.8430122,
0.8398288,
0.8314756,
0.7890496,
0.7964719,
0.640657,
0.74613106,
0.74384993,
0.7646787,
0.8480955,
0.76512015,
0.84660727,
0.75228244,
0.6817755,
0.6925395,
0.79154557,
0.8212774,
0.82175905,
0.81208813,
0.8524676,
0.8061533,
0.8507399,
0.7960377,
0.8332334,
0.71549565,
0.80191433,
0.8174568,
0.8366253,
0.79910755,
0.77198493,
0.78027457,
0.8022015,
0.7309046,
0.8089382,
0.8664016,
0.7851704,
0.8102106,
0.8650528,
0.777741,
0.86927867,
0.80552,
0.74306077,
0.82372576,
0.77802324,
0.84541416,
0.7035802,
0.7888609,
0.7037278,
0.7370764,
0.7956099,
0.8076929,
0.83834296,
0.73707473,
0.8476908,
0.8427222,
0.8028318,
0.8030725,
0.76837426,
0.8205283,
0.6899703,
0.7750723,
0.8512723,
0.8310651,
0.8302265,
0.83254784,
0.8117261,
0.7401881,
0.8501873,
0.813779,
0.8352833,
0.85022205,
0.768323,
0.76681983,
0.748205,
0.7515309,
0.87486404,
0.7421032,
0.71307576,
0.63883483,
0.783055,
0.7016294,
0.7910967,
0.76479924,
0.6799589,
0.78065145,
0.7842603,
0.83246076,
0.81533915,
0.7743713,
0.70773494,
0.8191741,
0.73255265,
0.73974,
0.686828,
0.7493923,
0.83800274,
0.6117938,
0.7726541,
0.78347135,
0.82739806,
0.8403088,
0.78455293,
0.7303439,
0.78334665,
0.81317675,
0.79111516,
0.72513336,
0.8079987,
0.82063234,
0.8274153,
0.67354053,
0.7187671,
0.85955334,
0.86526465,
0.65537095,
0.82635516,
0.767252,
0.86440235,
0.84289354