4.884296953678131,
4.165888428688049,
4.778013825416565,
4.75575864315033,
4.42924290895462,
4.785659909248352,
4.505099654197693,
4.430441856384277,
4.870853424072266,
4.937425255775452,
4.868454039096832,
4.047513902187347,
4.651224911212921,
4.733194410800934,
4.788883328437805,
5.000000596046448,
4.7791531682014465,
4.63874876499176,
4.505533576011658,
4.53804224729538,
4.801892638206482,
4.545047581195831,
4.469736218452454,
4.41021054983139,
4.878654778003693,
4.8944103717803955,
4.715315103530884,
4.6416521072387695,
4.831368029117584,
4.610209763050079,
4.856457412242889,
5.0,
4.521920084953308,
4.142169952392578,
4.565057158470154,
4.5632582902908325,
4.788146018981934,
4.606457948684692,
4.0990957617759705,
4.756498634815216,
4.489789009094238,
4.845856130123138,
4.650998115539551,
4.5056334137916565,
4.5668622851371765,
3.9561867713928223,
5.0,
4.899808764457703,
4.762929677963257,
4.018191993236542,
4.775663316249847,
4.736017286777496,
4.596193730831146,
4.983627796173096,
4.706049263477325,
4.937038719654083,
4.589921236038208,
5.000000596046448,
4.903084635734558,
4.419138729572296,
4.721171855926514,
4.546293318271637,
4.742133617401123,
4.664874374866486,
4.310593903064728,
4.471676349639893,
4.363450109958649,
4.691847264766693,
4.911546409130096,
4.995905756950378,
5.0,
4.693861305713654,
4.697337746620178,
4.828028082847595,
4.522143602371216,
4.656853079795837,
4.84743058681488,
4.709402918815613,
4.648129343986511,
4.865973889827728,
4.733954071998596,
4.750909209251404,
4.861457347869873,
4.6766674518585205,
5.0,
4.635203182697296,
4.7155991196632385,
4.53102707862854,
4.085657596588135,
4.501244127750397,
4.245038330554962,
4.889005124568939,
4.566995203495026,
4.217798709869385,
4.100694060325623,
4.986310303211212,
4.359699189662933,
4.1001251339912415,
4.856997728347778,
4.493345618247986,
4.36150997877121,
4.809971749782562,
4.588119983673096,
4.738542437553406,
4.496550559997559,
4.67376172542572,
4.581677615642548,
4.679635465145111,
4.3224745988845825,
4.786796569824219,
4.7249239683151245,
4.582466185092926,
4.455015957355499,
4.432630240917206,
4.850373566150665,
5.0,
4.565652906894684,
4.031856954097748,
3.7079760432243347,
4.592789113521576,
4.875873625278473,
4.975323379039764,
4.854999482631683,
4.501830637454987,
4.021999537944794,
4.007719159126282,
4.705738723278046,
4.749726057052612,
4.606814086437225,
4.482105076313019,
4.4658151268959045,
4.194060862064362,
4.827125072479248,
4.579969346523285,
4.4303178787231445,
3.4828385710716248,
3.2934975624084473,
4.412246346473694,
4.701521396636963,
4.582764208316803,
4.218371510505676,
3.8836684823036194,
4.409132897853851,
3.7339434027671814,
4.494120478630066,
4.801265597343445,
4.545153975486755,
4.453427493572235,
4.665976464748383,
4.884890019893646,
3.2442298531532288,
4.4245445728302,
4.926043748855591,
4.468774199485779,
4.7466689348220825,
4.114176630973816,
4.596019983291626,
4.433572590351105,
4.747930467128754,
4.864971339702606,
4.552075266838074,
4.676196277141571,
4.193559288978577,
4.039399027824402,
4.654389321804047,
4.586956202983856,
4.863227307796478,
4.815696477890015,
4.687100052833557,
4.177639484405518,
4.493175446987152,
4.922052621841431,
4.738026261329651,
4.415518045425415,
4.466917514801025,
4.333553910255432,
4.823394417762756,
4.047748446464539,
4.875751435756683,
4.713140428066254,
4.266586899757385,
4.30341511964798,
4.780212044715881,
4.228922426700592,
4.375073611736298,
4.617578685283661,
3.6468443274497986,
4.004465937614441,
4.088769257068634,
4.412848949432373,
3.9928147196769714,
4.672883152961731,
4.623742997646332,
4.825744330883026,
3.4331798553466797,
4.607144892215729,
4.364921748638153,
4.5511239767074585,
4.925408661365509,
4.1754356026649475,
4.4381943345069885,
4.526461958885193,
4.203725755214691,
3.4329834580421448,
4.236398637294769,
4.903740584850311,
4.29168701171875,
3.665669858455658,
4.180498123168945,
4.164106845855713,
4.170213043689728,
4.019978046417236,
4.23975944519043,
4.656440615653992,
4.613575339317322,
4.681492447853088,
4.2057836055755615,
4.175463914871216,
4.764238893985748,
4.364615082740784,
4.619646668434143,
4.460406601428986,
3.4234601259231567,
3.7079760432243347,
4.807893931865692,
4.75251704454422,
4.531528949737549,
4.555738866329193,
3.73959481716156,
4.878036081790924,
4.745163321495056,
4.519885182380676,
4.117014706134796,
4.044235944747925,
4.948760569095612,
4.128212332725525,
4.009840488433838,
4.356673061847687,
4.4773948192596436,
4.184667468070984,
4.21716034412384,
4.695685803890228,
4.799446165561676,
4.101927280426025,
4.6660298109054565,
3.7178748846054077,
4.2951700091362,
2.9041507840156555,
3.6966025829315186,
4.8218488693237305,
4.505656957626343,
4.610386788845062,
4.471861124038696,
4.80425089597702,
4.148927927017212,
4.003653526306152,
4.156852662563324,
3.6142325401306152,
2.767941653728485,
3.813711106777191,
3.7367048859596252,
4.8477703332901,
3.9345782995224,
4.4047194719314575,
4.336918592453003,
4.718633592128754,
4.553055465221405,
4.314732253551483,
4.477049708366394,
3.565088212490082,
3.654617965221405,
4.70559298992157,
3.9152544736862183,
4.099676012992859,
4.55845981836319,
4.295903742313385,
4.225848913192749,
3.5367751121520996,
4.101106524467468,
4.251681566238403,
3.6552897095680237,
4.324293732643127,
4.629751741886139,
3.958314061164856,
4.670009613037109,
4.682654142379761,
4.264405369758606,
4.330036640167236,
4.095014035701752,
3.8368549942970276,
3.994181752204895,
3.6268335580825806,
4.072621464729309,
3.9793968200683594,
4.1933757066726685,
4.550231397151947,
4.086063802242279,
4.263652563095093,
4.059438705444336,
3.8938015699386597,
3.6407187581062317,
3.242420256137848,
4.562308490276337,
4.672837853431702,
4.478072822093964,
4.4835397601127625,
3.4358087182044983,
3.592781126499176,
4.245567321777344,
4.264551401138306,
4.745026528835297,
4.8653945326805115,
3.806985914707184,
4.015481472015381,
3.6523225903511047,
3.9367038011550903,
3.7949541211128235,
4.2067646980285645,
2.283207029104233,
4.436127543449402,
4.27541583776474,
3.6968883872032166,
4.72722202539444,
4.512068331241608,
4.290024042129517,
3.179056942462921,
3.964020609855652,
3.9525920152664185,
4.520808458328247,
4.691636264324188,
4.538816213607788,
4.909645915031433,
4.549813866615295,
4.5393335819244385,
4.474237561225891,
3.823332190513611,
4.8021262884140015,
4.647133052349091,
4.3623751401901245,
4.398015737533569,
4.692481160163879,
3.496047854423523,
4.27384078502655,
4.277913570404053,
4.665255546569824,
4.521389603614807,
3.7030231952667236,
3.9979013800621033,
3.7673401832580566,
3.9103692770004272,
4.440019428730011,
4.469670653343201,
4.752354323863983,
4.160691797733307,
3.9901012182235718,
4.122273027896881,
4.715459644794464,
4.3152958154678345,
3.7255969643592834,
4.382947683334351,
3.7592318654060364,
3.687659502029419,
4.248829185962677,
4.187123477458954,
2.209276705980301,
4.106952250003815,
3.9634492993354797,
3.5114213824272156,
4.480250775814056,
4.027185440063477,
3.918085992336273,
3.393893539905548,
2.7511537075042725,
4.7208282351493835,
4.619962573051453,
4.684891700744629,
4.946484267711639,
4.556979835033417,
3.5475701093673706,
3.8563892245292664,
3.6753806471824646,
4.751307368278503,
4.475536644458771,
4.560312032699585,
4.326673150062561,
3.9553529024124146,
2.9542899131774902,
4.284874796867371,
4.561227560043335,
4.178856909275055,
4.365076720714569,
4.308918714523315,
4.044638276100159,
4.925203025341034,
4.138587117195129,
4.355107843875885,
4.358532428741455,
2.9664191603660583,
3.6631307005882263,
4.494520723819733,
3.8847720623016357,
2.6175421476364136,
3.451000154018402,
4.502831399440765,
4.644071161746979,
4.372290074825287,
4.309440553188324,
3.9897674322128296,
4.517846405506134,
4.59922730922699,
4.577333927154541,
3.6221498250961304,
3.8899892568588257,
3.11275452375412,
3.4222981333732605,
4.367392957210541,
4.191833138465881,
3.2118934392929077,
4.170379638671875,
3.4239131212234497,
4.23532634973526,
3.668891489505768,
3.336835205554962,
2.8853222727775574,
3.8466930389404297,
3.8854992389678955,
3.788357675075531,
4.261399805545807,
4.604961574077606,
2.752212882041931,
4.0860068798065186,
4.017521142959595,
4.469124376773834,
3.35127592086792,
3.901658058166504,
3.59324187040329,
3.2508325576782227,
3.8797956705093384,
3.7729132175445557,
4.341235160827637,
3.2447966933250427,
4.649604558944702,
3.9884978532791138,
4.146905243396759,
3.9447814226150513,
3.627607524394989,
3.8924825191497803,
4.10094290971756,
4.61887925863266,
2.8426745533943176,
4.563349783420563,
4.739407598972321,
3.5447371006011963,
4.045900404453278,
4.130971133708954,
4.677530825138092,
4.069137871265411,
3.3807066082954407,
2.631312906742096,
3.5763773322105408,
3.813861906528473,
3.0080488324165344,
3.8778090476989746,
1.5804481506347656,
4.173667728900909,
4.020025730133057,
3.310929238796234,
3.7308743596076965,
4.897190630435944,
3.9192184805870056,
3.8195666670799255,
4.107686877250671,
4.465340077877045,
4.734506011009216,
3.873133063316345,
2.2744090855121613,
4.515193998813629,
3.822092115879059,
3.427072763442993,
3.6093565821647644,
2.8387650847434998,
3.7719300389289856,
4.834567904472351,
3.208759129047394,
2.8386959433555603,
3.726271390914917,
3.928448259830475,
3.684704005718231,
4.167333543300629,
3.559008538722992,
3.8098564743995667,
3.326621949672699,
3.685079514980316,
3.379850685596466,
3.673730492591858,
4.333668947219849,
3.6587223410606384,
4.338412582874298,
4.458511769771576,
3.700287938117981,
2.654949128627777,
3.23827862739563,
1.7393800616264343,
4.430264830589294,
3.491734564304352,
3.8062041997909546,
3.576691150665283,
3.2102015614509583,
3.719472289085388,
4.475450217723846,
4.164648950099945,
4.697023034095764,
3.6172401905059814,
3.5154351592063904,
4.006030559539795,
4.0672484040260315,
4.139326810836792,
4.261186420917511,
3.1767988204956055,
3.6745554208755493,
3.9563214778900146,
2.8872236609458923,
4.41239595413208,
4.228604733943939,
4.522035121917725,
3.2895299792289734,
2.8291115164756775,
3.7524232268333435,
3.480122685432434,
3.429270386695862,
2.6867976784706116,
3.885483741760254,
3.02493155002594,
3.657275438308716,
2.52024382352829,
4.136214852333069,
4.498626887798309,
4.595780372619629,
3.6253347992897034,
4.73595529794693,
3.0344972014427185,
3.415305018424988,
2.7016520500183105,
2.5329774618148804,
3.3022156357765198,
4.393380880355835,
3.2932353019714355,
2.5339263677597046,
4.0326762199401855,
4.047805666923523,
4.242125749588013,
3.476906716823578,
4.716815948486328,
3.831004798412323,
4.408590197563171,
4.5206961035728455,
3.968982994556427,
3.703858256340027,
4.786157608032227,
3.848671615123749,
3.6941558122634888,
4.562298059463501,
3.730495572090149,
4.277934432029724,
3.984067738056183,
4.525081813335419,
3.203592896461487,
3.942166268825531,
3.484257161617279,
3.911699056625366,
2.6326802372932434,
3.4581977128982544,
2.280256897211075,
3.5797247290611267,
4.315899312496185,
3.882473111152649,
2.8450781106948853,
4.437170028686523,
3.5305696725845337,
3.398336172103882,
3.7240582704544067,
3.564325273036957,
4.515098333358765,
3.601973056793213,
3.868546485900879,
3.165883719921112,
4.032218158245087,
3.465341329574585,
3.651804029941559,
4.186326563358307,
4.073416590690613,
3.8594982028007507,
3.630020022392273,
4.01946097612381,
3.468506336212158,
2.7155905961990356,
2.0823709666728973,
2.0311203598976135,
3.736732602119446,
2.575598955154419,
3.378763496875763,
2.8273001313209534,
3.318668007850647,
3.217502534389496,
3.8197162747383118,
2.8463509678840637,
3.94547700881958,
2.641400992870331,
3.8017812371253967,
3.7445884943008423,
1.7444254457950592,
3.161407709121704,
2.5037065148353577,
4.166351854801178,
3.8068917393684387,
3.3852633833885193,
3.631572425365448,
2.9889503121376038,
4.240347146987915,
2.5007417798042297,
3.1367233395576477,
1.5720610320568085,
3.4688344597816467,
4.4032493233680725,
2.3019899427890778,
4.1322460770606995,
1.906493753194809,
4.087022244930267,
3.9628973603248596,
2.7193450927734375,
4.607724547386169,
2.5729644298553467,
3.3168914914131165,
2.847345769405365,
2.0090261101722717,
4.074060022830963,
2.5406745076179504,
2.5162306427955627,
3.0260050296783447,
3.2118117809295654,
3.6868274211883545,
3.9722847938537598,
3.5785287618637085,
3.142058849334717,
3.822793662548065,
2.48536080121994,
4.021008908748627,
3.9736008644104004,
3.239973485469818,
3.3850830793380737,
3.43754380941391,
3.780357241630554,
3.4881985187530518,
4.3232661485672,
2.1261410415172577,
4.22089695930481,
1.7493391036987305,
2.4213747680187225,
4.48637455701828,
2.281181812286377,
3.255123198032379,
4.666297137737274,
2.8668418526649475,
4.080887138843536,
2.862304449081421,
3.789137899875641,
4.543067216873169,
2.076907753944397,
3.463389575481415,
2.6723095774650574,
3.554077446460724,
3.3553507924079895,
3.0020391941070557,
3.739466965198517,
3.237326145172119,
3.931133449077606,
3.2140907645225525,
3.8664424419403076,
4.218774437904358,
2.621873617172241,
3.01260769367218,
3.4183743596076965,
2.647114098072052,
3.3807307481765747,
3.287743330001831,
4.412997364997864,
2.761121392250061,
3.628116548061371,
3.2965919375419617,
2.791600525379181,
2.5852233171463013,
2.0052000880241394,
2.3576270043849945,
4.6467626094818115,
3.5862934589385986,
3.1740662455558777,
3.3511340618133545,
3.7763774394989014,
3.3820584416389465,
2.1057917177677155,
1.9674232602119446,
3.433476686477661,
3.17614883184433,
2.03973650932312,
4.775213599205017,
1.6258595883846283,
3.5869580507278442,
3.196011185646057,
3.032642900943756,
0.9565170109272003,
3.7607842683792114,
3.7477275729179382,
4.236288070678711,
2.8955158591270447,
4.067043364048004,
2.5089162588119507,
3.6129698157310486,
2.37480029463768,
4.488099217414856,
2.731713652610779,
2.230765074491501,
3.6021241545677185,
4.149062633514404,
2.778145968914032,
3.75430166721344,
2.98028826713562,
2.4749855697155,
2.5648492574691772,
2.733490765094757,
2.3902417719364166,
3.446919023990631,
4.228573441505432,
2.0809784531593323,
2.9657581448554993,
2.5873342156410217,
4.061578214168549,
1.4117667078971863,
3.4050077199935913,
3.6275866627693176,
3.758150339126587,
4.51496422290802,
3.275061547756195,
3.626488745212555,
2.9780253767967224,
3.940030038356781,
4.154638946056366,
3.6932846903800964,
2.6841670274734497,
2.8559014201164246,
3.3412858843803406,
3.444030284881592,
3.6334845423698425,
2.9882976412773132,
2.1348288655281067,
2.944701611995697,
2.4663081765174866,
3.5445451736450195,
3.4407958388328552,
3.0867674946784973,
3.3423298597335815,
3.1061574816703796,
2.6038357615470886,
2.3167556524276733,
2.9119986295700073,
2.9142090678215027,
2.1898815035820007,
2.2599828243255615,
3.9550161361694336,
3.8565823435783386,
1.9588302075862885,
3.2592907547950745,
0.4160020500421524,
3.652198016643524,
2.747008800506592,
2.9598191380500793,
1.6217772662639618,
3.9011994004249573,
3.254750967025757,
3.6159297823905945,
3.048991858959198,
2.810438573360443,
1.4744064211845398,
2.6054856181144714,
2.6168060302734375,
3.805209994316101,
2.919982075691223,
4.379231929779053,
1.8520516157150269,
2.684694230556488,
3.155743181705475,
3.0366426706314087,
3.7643134593963623,
3.0069515109062195,
2.5033101439476013,
3.9055579900741577,
4.742943644523621,
4.832172691822052,
4.595370292663574,
4.541895389556885,
3.887810707092285,
4.4352298974990845,
4.530082046985626,
4.968113005161285,
4.823767244815826,
4.841558933258057,
4.754289388656616,
4.6930477023124695,
5.0,
4.728009104728699,
4.373143911361694,
3.2633158564567566,
5.000000596046448,
4.8239752650260925,
3.949698507785797,
4.533511698246002,
4.880419075489044,
4.238234162330627,
4.564737975597382,
4.946179389953613,
4.83407586812973,
3.402421474456787,
4.850493669509888,
4.571308493614197,
4.617741107940674,
4.862390160560608,
4.47526216506958,
4.924576580524445,
3.916271924972534,
4.387840032577515,
3.2831352949142456,
3.9735403656959534,
4.408597648143768,
3.5152292251586914,
4.948755204677582,
4.686358571052551,
4.883524477481842,
4.628020226955414,
4.446080327033997,
2.9735514521598816,
4.716051518917084,
4.4870588183403015,
4.596460461616516,
3.2364746928215027,
4.4401973485946655,
3.190452754497528,
4.533455967903137,
4.783456027507782,
4.671915769577026,
4.758876264095306,
4.728207290172577,
4.735229909420013,
4.6729519963264465,
4.460963010787964,
4.7942885756492615,
4.340868890285492,
4.611830413341522,
4.341949820518494,
4.755034446716309,
4.766916334629059,
4.670548439025879,
4.82722133398056,
2.1223005652427673,
3.0788323283195496,
4.070845544338226,
4.468021392822266,
4.67453271150589,
4.679466485977173,
3.4862014651298523,
4.04874324798584,
4.362764656543732,
2.7554383873939514,
4.265614151954651,
4.847384691238403,
4.466054141521454,
4.780558943748474,
4.320068657398224,
3.702867329120636,
3.8979488611221313,
3.7321192026138306,
4.753811061382294,
4.69707190990448,
4.6225351095199585,
4.681443274021149,
4.711567461490631,
4.703359305858612,
3.3439573645591736,
3.1784364581108093,
3.363806903362274,
4.136450886726379,
4.803151190280914,
3.340020179748535,
2.2266194224357605,
2.787047028541565,
4.557417035102844,
4.400021135807037,
3.0416911840438843,
4.77746456861496,
4.467832148075104,
3.2971814274787903,
4.547547698020935,
4.698674976825714,
4.2454299330711365,
4.421631097793579,
4.850837588310242,
4.492725729942322,
4.683880507946014,
4.685907661914825,
4.025520980358124,
4.356751441955566,
3.7955769896507263,
3.321804404258728,
4.048739075660706,
2.1230095624923706,
4.162558913230896,
4.397993087768555,
3.490939140319824,
3.9030426740646362,
4.6385252475738525,
3.945365846157074,
3.831355571746826,
3.6831533908843994,
2.8088900446891785,
4.176522195339203,
3.2578250765800476,
4.2052483558654785,
3.3764469623565674,
4.060935378074646,
3.8812723755836487,
3.8126376271247864,
4.602382481098175,
4.5392608642578125,
4.498349726200104,
4.178760647773743,
4.090891778469086,
4.2693644762039185,
3.3840733766555786,
3.4042376279830933,
3.827665150165558,
3.4849244356155396,
4.534496963024139,
3.2786741852760315,
1.9079622626304626,
3.8267573714256287,
2.8405922651290894,
3.793446719646454,
4.064372181892395,
4.227488040924072,
2.9675960540771484,
2.9075318574905396,
3.4771811962127686,
3.879784643650055,
3.8898149132728577,
3.576473295688629,
4.412801265716553,
3.975834846496582,
3.7422090768814087,
4.577073752880096,
3.4514659643173218,
1.9530628621578217,
4.671298265457153,
3.5636794567108154,
4.464565813541412,
4.340259432792664,
4.4210174679756165,
4.775787889957428,
3.3749160170555115,
3.446657359600067,
3.106297552585602,
2.035301774740219,
4.400235116481781,
3.1858929991722107,
3.8705044984817505,
4.440487027168274,
2.6174792647361755,
4.658212959766388,
4.02984619140625,
4.665630459785461,
4.29794043302536,
4.025234282016754,
3.1307172775268555,
3.6143475770950317,
3.506593108177185,
3.8201504945755005,
4.201682507991791,
4.035135805606842,
2.4466319382190704,
3.143312931060791,
4.295946359634399,
3.9734265208244324,
3.6114659905433655,
3.953705132007599,
3.4039610624313354,
4.7433412075042725,
3.4562087059020996,
1.5124931931495667,
3.879839777946472,
3.928336501121521,
2.8012382984161377,
2.8391417860984802,
3.961518108844757,
3.1273898482322693,
3.7752142548561096,
4.68050479888916,
2.6148635149002075,
3.0309784412384033,
2.619924247264862,
4.150795638561249,
4.388478994369507,
3.987419009208679,
3.556065261363983,
2.265533059835434,
3.5567542910575867,
4.200230538845062,
4.1306376457214355,
3.9310377836227417,
3.481411039829254,
3.413527011871338,
3.6435770988464355,
3.6718162894248962,
3.666374981403351,
3.5863888263702393,
3.8833731412887573,
4.691873490810394,
3.279808759689331,
3.4725961089134216,
1.907837688922882,
3.7355974316596985,
3.251182734966278,
3.381538987159729,
2.4555206298828125,
2.7209678292274475,
3.7976711988449097,
4.7366684675216675,
3.4706610441207886,
3.6508288979530334,
4.0797582268714905,
3.3412575721740723,
3.0952560901641846,
1.5675945580005646,
1.1959577351808548,
4.7943174839019775,
2.6322782039642334,
4.127914905548096,
2.4983417987823486,
3.3664506673812866,
4.06931072473526,
2.78571754693985,
3.589200973510742,
2.146022766828537,
3.3975642919540405,
4.04179722070694,
4.260840713977814,
2.490650862455368,
3.0701881647109985,
3.524053990840912,
3.206886053085327,
2.438865453004837,
2.9745790362358093,
3.966868221759796,
2.5261765718460083,
3.974940776824951,
3.3532071113586426,
2.287856787443161,
3.2165679335594177,
4.455009698867798,
2.3213501274585724,
3.6329099535942078,
4.1715943813323975,
2.676866054534912,
4.383446276187897,
3.2971227169036865,
3.1504538655281067,
3.554297983646393,
4.726511240005493,
2.9775023460388184,
1.6476789116859436,
1.7267635464668274,
4.801357984542847,
3.7790778279304504,
3.144599497318268,
1.8214774131774902,
2.9575133323669434,
4.353669285774231,
4.809148609638214,
2.557400166988373,
4.491804242134094,
3.4605664014816284,
2.7700185775756836,
3.052420914173126,
3.296547532081604,
2.6655539870262146,
3.531915843486786,
2.7072295546531677,
3.6389777064323425,
3.726488947868347,
4.359179437160492,
3.537045121192932,
2.880578935146332,
2.9211843013763428,
3.4914427995681763,
2.6044824719429016,
3.968799114227295,
2.5798216462135315,
4.571983814239502,
4.269828200340271,
3.1145519018173218,
3.994933068752289,
1.8944954872131348,
2.0327575504779816,
3.1256386637687683,
2.182442992925644,
4.497285783290863,
1.5045003592967987,
1.5384005010128021,
2.513100802898407,
3.1276288628578186,
3.5487356781959534,
2.6242071390151978,
3.774530291557312,
2.955470383167267,
3.430463671684265,
2.161708325147629,
3.205876648426056,
2.091415822505951,
2.636244297027588,
4.128214120864868,
3.4321388602256775,
3.6185213923454285,
2.979978024959564,
4.040277898311615,
3.6753621697425842,
2.3683542013168335,
2.471449226140976,
3.110095262527466,
3.1619849801063538,
4.245726466178894,
2.607184052467346,
3.5280144214630127,
2.8078612685203552,
3.187507688999176,
2.91202574968338,
4.011367559432983,
3.7338975071907043,
3.520738184452057,
3.246467709541321,
3.1090691685676575,
2.630981206893921,
3.5451188683509827,
2.151555120944977,
2.9849690198898315,
4.07623827457428,
1.9993788003921509,
3.5906121134757996,
2.0961089432239532,
2.9645052552223206,
3.230685591697693,
3.432752788066864,
3.2775405049324036,
3.1206807494163513,
2.7472904324531555,
3.5133230686187744,
2.7667537331581116,
1.7329216003417969,
3.5017630457878113,
2.691299021244049,
2.096962630748749,
1.296873390674591,
2.447519898414612,
1.7605528235435486,
2.6767298579216003,
0.8633486926555634,
2.776634991168976,
3.1717565655708313,
2.8780734539031982,
3.361189067363739,
2.9388073086738586,
2.4120090901851654,
1.7892317473888397,
2.6478925347328186,
2.0918580889701843,
2.62162983417511,
1.5165747702121735,
3.362523913383484,
3.2181930541992188,
2.3265759646892548,
4.513334035873413,
3.486761450767517,
3.7400013208389282,
1.3697993755340576,
1.6765044629573822,
3.221331834793091,
2.183401435613632,
2.4306102097034454,
2.975984811782837,
3.4350404143333435,
2.34833300113678,
3.0990737676620483,
3.8427376747131348,
3.036530017852783,
1.0625899583101273,
3.103150427341461,
4.016991853713989,
2.902284264564514,
2.8880825638771057,
4.073733985424042,
2.285362333059311,
3.3930930495262146,
2.4777445197105408,
1.9772803783416748,
3.1720176339149475,
3.7999090552330017,
2.12197482585907,
3.2807564735412598,
3.3851447701454163,
2.4686214327812195,
3.455709218978882,
4.088869690895081,
3.0677786469459534,
4.329008162021637,
2.6300612092018127,
2.136027216911316,
3.6743181943893433,
1.3232138752937317,
4.476481676101685,
4.023640751838684,
2.346275895833969,
2.9019615054130554,
2.5816306471824646,
2.81956285238266,
1.834435611963272,
3.177655339241028,
1.7470897734165192,
2.770077884197235,
2.593258321285248,
2.895348370075226,
1.8647868931293488,
2.2518840432167053,
2.132105827331543,
2.952333092689514,
1.779666393995285,
3.046000301837921,
2.28370800614357,
3.4659117460250854,
2.3340994119644165,
1.5110723674297333,
1.7206695675849915,
2.1242281794548035,
1.0814651846885681,
2.599136531352997,
2.8683942556381226,
1.7709173262119293,
2.31472909450531,
1.769237071275711,
2.6532283425331116,
3.237195611000061,
3.80890816450119,
2.76419997215271,
3.33342045545578,
2.6236310601234436,
2.5055789947509766,
0.8225478976964951,
2.4122166633605957,
2.65842467546463,
2.181803584098816,
2.694327235221863,
2.6672056317329407,
0.8442898094654083,
2.8857779502868652,
1.808198094367981,
1.481187343597412,
3.1083399057388306,
2.9928985238075256,
2.6645711064338684,
3.0069565773010254,
2.451631873846054,
1.4456860721111298,
2.4973908066749573,
0.811462327837944,
2.4965961277484894,
2.1337473392486572,
2.5860366225242615,
2.299385368824005,
2.813495695590973,
4.387970864772797,
3.385973572731018,
1.55600905418396,
3.087994158267975,
2.401575446128845,
2.704876661300659,
3.621416389942169,
1.612701416015625,
3.4293097257614136,
1.5277211368083954,
2.5528639554977417,
0.48705093562602997,
1.6135412454605103,
3.6174970865249634,
4.225623607635498,
3.9474672079086304,
-0.07338276132941246,
1.097235232591629,
2.4495838582515717,
1.251152902841568,
-0.16613556072115898,
1.4182135462760925,
0.2914630249142647,
2.8029727935791016,
1.7847658693790436,
0.9040272235870361,
1.2589195370674133,
1.2740328907966614,
1.2594637274742126,
1.397637128829956,
3.0261731147766113,
0.21715184673666954,
1.1747736483812332,
2.59770005941391,
1.611703336238861,
1.057371348142624,
2.886025309562683,
2.948054075241089,
2.0319145917892456,
3.1560134887695312,
2.2885215282440186,
0.42532946914434433,
1.9817285239696503,
2.630768120288849,
2.593439519405365,
1.011543646454811,
2.7772513031959534,
2.709895372390747,
1.3636685907840729,
1.45821213722229,
1.0906493663787842,
1.2657634913921356,
2.316775321960449,
2.4077825248241425,
2.0673319697380066,
2.4929457902908325,
2.04678475856781,
2.763296663761139,
-0.2101258933544159,
0.9020720422267914,
0.9002116322517395,
0.6705572456121445,
2.15928316116333,
2.1934035420417786,
0.7899270951747894,
3.5024452209472656,
1.919521689414978,
3.1838572025299072,
1.5231046080589294,
3.1857091188430786,
2.7714186906814575,
1.3818779587745667,
3.2195627689361572,
1.6852444410324097,
1.4147339761257172,
0.4898945987224579,
1.1938223242759705,
2.13551864027977,
1.8350233137607574,
0.781957283616066,
1.6413649916648865,
0.681222528219223,
0.4717658832669258,
2.7241191267967224,
1.5343078970909119,
2.4863897264003754,
2.841276526451111,
1.9553245604038239,
2.2291775047779083,
2.971213161945343,
0.7638384401798248,
2.397371530532837,
1.6766270995140076,
1.725475937128067,
0.7553007453680038,
1.6866156458854675,
1.4218482375144958,
1.990031898021698,
2.2635912895202637,
1.867520660161972,
0.09206254035234451,
1.6618694365024567,
1.2323766946792603,
0.21601220592856407,
2.9688164591789246,
0.9365732222795486,
2.5297540426254272,
1.1856970936059952,
0.37195127457380295,
0.6468283385038376,
2.126196026802063,
1.283823549747467,
2.8576871752738953,
1.899850219488144,
3.4817588329315186,
2.574094831943512,
1.9653740525245667,
2.3062069714069366,
2.2805459797382355,
0.10028524324297905,
0.5171350762248039,
2.0892807841300964,
1.1029080301523209,
1.3298925757408142,
1.8022090196609497,
0.8046779036521912,
1.0606542229652405,
0.02309245988726616,
1.7152678966522217,
1.1990280449390411,
1.9819343090057373,
1.5371322631835938,
2.7581244707107544,
2.874383330345154,
2.547754645347595,
0.43192535638809204,
0.4623129218816757,
0.6653130799531937,
0.5350778251886368,
2.307872921228409,
0.18154915422201157,
1.5563668310642242,
0.6757955998182297,
1.3934661448001862,
0.9895186126232147,
0.3389270231127739,
1.8880994617938995,
1.844153255224228,
2.3879003524780273,
1.5833672881126404,
1.0312005877494812,
1.3721506297588348,
1.73672154545784,
1.7028570175170898,
0.24375081062316895,
0.7130332291126251,
2.477371245622635,
2.379888594150543,
1.225586086511612,
1.339857131242752,
1.4811111986637115,
1.0827431827783585,
1.5642060339450836,
1.7743630707263947,
1.9638153910636902,
1.794736087322235,
2.64422208070755,
2.299661934375763,
1.9175121188163757,
0.548766627907753,
1.8565744161605835,
0.8851855248212814,
0.2074350230395794,
0.3096863627433777,
2.0715059340000153,
-0.04964717663824558,
-0.15095515176653862,
1.06593556702137,
0.1889524608850479,
2.7535632252693176,
1.5727035701274872,
0.9414848685264587,
1.7529869079589844,
0.5641555041074753,
1.1008569598197937,
1.5076221525669098,
0.6500212103128433,
1.1699910461902618,
0.7949410378932953,
2.1182608604431152,
1.113259494304657,
1.5628506243228912,
1.7279516160488129,
0.072620646096766,
1.1330850422382355,
1.1070756614208221,
1.3031384348869324,
1.2176107615232468,
1.3077639043331146,
3.1859564781188965,
1.8353012204170227,
-0.3394461050629616,
-0.06281759589910507,
3.351036310195923,
0.5210747569799423,
0.1395062915980816,
0.5905120447278023,
3.4335726499557495,
2.672452926635742,
-0.31778834760189056,
1.235671266913414,
0.4099583625793457,
1.8727338314056396,
3.3631551265716553