4.190285503864288,
4.15596216917038,
4.722006618976593,
4.779910147190094,
4.263182878494263,
4.80190634727478,
4.640259146690369,
4.442735910415649,
4.839992523193359,
4.957653284072876,
4.5804667472839355,
4.462402760982513,
4.572151601314545,
4.493225514888763,
4.532428979873657,
4.868403673171997,
4.6700990200042725,
4.779874384403229,
4.355929791927338,
4.873093664646149,
4.372894763946533,
4.343808889389038,
4.6107688546180725,
3.902072310447693,
4.806292653083801,
4.928001761436462,
4.6496206521987915,
4.756186902523041,
4.930957555770874,
4.481416344642639,
4.2299652099609375,
4.728132784366608,
4.596863389015198,
4.531985223293304,
3.9705443382263184,
4.837771058082581,
4.897151291370392,
4.2424386739730835,
4.16581392288208,
4.510875940322876,
3.4964370727539062,
4.615380167961121,
4.869946241378784,
4.656760990619659,
4.583346247673035,
4.0083229541778564,
4.734942018985748,
3.9403286576271057,
4.436903595924377,
4.419185817241669,
4.674879014492035,
4.55698549747467,
4.9116867780685425,
4.768357574939728,
3.08674156665802,
4.651797413825989,
4.472601413726807,
4.82431173324585,
4.794033467769623,
4.563180208206177,
4.593569338321686,
4.1597554087638855,
4.469820559024811,
3.9732253551483154,
3.0182525515556335,
4.665355682373047,
4.8089757561683655,
4.739808142185211,
4.839668869972229,
4.736512005329132,
4.585397839546204,
4.871332943439484,
4.85366553068161,
4.658441543579102,
4.450511038303375,
4.6603575348854065,
4.650917649269104,
4.738927185535431,
4.4059619307518005,
4.681300222873688,
4.904763698577881,
4.861264526844025,
4.7524696588516235,
4.821574687957764,
4.520126581192017,
4.759892225265503,
4.613199234008789,
3.83287250995636,
3.6363261938095093,
4.537836909294128,
3.151428997516632,
4.5424699783325195,
4.30484265089035,
3.988822102546692,
3.9449480175971985,
4.929744899272919,
4.6502485871315,
4.35905396938324,
4.040954411029816,
4.319872558116913,
4.130985140800476,
4.704328179359436,
4.7355881333351135,
4.956334233283997,
4.3152472376823425,
4.35802698135376,
4.117462337017059,
4.7852665185928345,
4.453712105751038,
4.570398032665253,
4.746272265911102,
4.2093974351882935,
4.262109100818634,
4.725942015647888,
4.696773588657379,
5.0,
4.608941674232483,
4.751139283180237,
3.6764484643936157,
4.670155048370361,
4.541874825954437,
4.96760755777359,
4.75197434425354,
4.7721973061561584,
3.3892661333084106,
3.241645097732544,
2.891697585582733,
4.57855761051178,
4.76023256778717,
3.5544490814208984,
4.2296746373176575,
4.2705583572387695,
4.883696138858795,
4.784823954105377,
4.28903341293335,
2.300420254468918,
4.268210530281067,
4.586571455001831,
4.225768744945526,
4.846381843090057,
4.468964636325836,
4.592641890048981,
4.384041726589203,
3.6365562677383423,
3.7350642681121826,
4.805298447608948,
4.820718765258789,
4.065136611461639,
4.376543760299683,
4.9392324686050415,
3.1377020478248596,
4.308646321296692,
4.236979782581329,
4.559321105480194,
4.928507208824158,
4.387463331222534,
4.301982820034027,
4.696681797504425,
4.7313180565834045,
4.467801749706268,
4.490914046764374,
4.56864207983017,
4.410271048545837,
3.3709153532981873,
4.6850889921188354,
4.621645212173462,
4.374733567237854,
4.622408449649811,
4.716368913650513,
4.394817054271698,
4.615727663040161,
4.909277856349945,
4.845678806304932,
4.582466781139374,
4.188350439071655,
4.587462544441223,
4.881422221660614,
4.509247541427612,
4.583325982093811,
4.515004456043243,
4.116646647453308,
3.5312607884407043,
4.350792467594147,
3.8973253965377808,
4.413638114929199,
4.4928377866744995,
3.199387788772583,
4.703274071216583,
3.8502663373947144,
4.577937722206116,
3.461262881755829,
4.824020564556122,
4.337085485458374,
4.797343015670776,
3.1876525282859802,
4.896768033504486,
4.629476070404053,
4.635487794876099,
4.723338484764099,
4.232098460197449,
4.738295674324036,
4.507858753204346,
2.6893723011016846,
3.807915449142456,
2.5294822454452515,
4.664061963558197,
4.43638950586319,
3.1372329592704773,
3.870052695274353,
3.3973756432533264,
4.14283812046051,
3.7899011373519897,
4.026724100112915,
3.6567535996437073,
4.702156186103821,
4.670947194099426,
3.665323555469513,
3.4387439489364624,
4.373307526111603,
2.84705251455307,
4.453789293766022,
4.354729950428009,
3.1522157788276672,
3.6764484643936157,
4.870496988296509,
3.8102832436561584,
4.665292203426361,
4.839089810848236,
3.0436313152313232,
4.734042584896088,
4.657402336597443,
4.351438581943512,
3.2044681906700134,
3.003690540790558,
4.7031572461128235,
4.636862874031067,
3.5623130202293396,
4.222566187381744,
4.658043086528778,
4.369306862354279,
4.363124966621399,
3.2301828265190125,
4.872385263442993,
2.5921353697776794,
4.582238793373108,
3.093445599079132,
4.830785691738129,
3.5661092400550842,
4.282160401344299,
4.481660723686218,
4.093871116638184,
4.1690221428871155,
4.168411493301392,
4.672572612762451,
4.009287655353546,
3.6667510867118835,
4.033782780170441,
3.2377684116363525,
2.0891661942005157,
2.349091023206711,
4.527521729469299,
4.828740060329437,
3.687489628791809,
4.5760321617126465,
3.799174129962921,
4.561671018600464,
4.480239450931549,
2.76917964220047,
4.900877475738525,
4.114980399608612,
4.628939926624298,
4.555446207523346,
3.3687809109687805,
4.297155439853668,
4.684418737888336,
3.7835097312927246,
2.956910729408264,
3.5566505789756775,
4.19050008058548,
4.2498597502708435,
4.208334982395172,
3.8890230655670166,
4.173502326011658,
4.4222453236579895,
4.636538028717041,
4.3521517515182495,
4.128994345664978,
4.251358509063721,
4.1431015729904175,
4.350921809673309,
4.115159213542938,
3.046482801437378,
3.862684965133667,
3.243078291416168,
4.36753123998642,
4.743482768535614,
2.3829568922519684,
4.523414671421051,
3.743085265159607,
3.770531117916107,
2.585764229297638,
2.8213343024253845,
4.149794578552246,
2.7665874361991882,
4.452628195285797,
4.857750833034515,
2.9588493704795837,
3.139048218727112,
3.2439759373664856,
4.302969872951508,
4.388193786144257,
4.408745169639587,
4.116927683353424,
4.5298683643341064,
3.416699469089508,
3.8375073671340942,
2.3226934671401978,
4.163918197154999,
2.237672060728073,
4.549106061458588,
4.167110025882721,
2.137363702058792,
4.267381727695465,
3.6760011315345764,
2.3977315425872803,
3.9594992995262146,
2.6823821663856506,
4.159975647926331,
4.113832414150238,
4.745284616947174,
4.727566838264465,
3.792075514793396,
3.5209476947784424,
3.8397884368896484,
3.4276458621025085,
3.2962754368782043,
4.170566499233246,
4.7279879450798035,
4.350270330905914,
4.663324654102325,
4.569700062274933,
3.9598530530929565,
3.481718599796295,
3.3785974979400635,
4.652460217475891,
4.321631193161011,
2.4463702738285065,
3.8485366106033325,
3.471391499042511,
4.079899191856384,
3.995886445045471,
3.09499055147171,
4.724939465522766,
3.274013102054596,
4.509609341621399,
4.5394352078437805,
4.2688775062561035,
4.142559468746185,
3.617209494113922,
4.048888385295868,
3.1304848194122314,
4.111198782920837,
4.292756915092468,
4.408181309700012,
0.7777188718318939,
3.5265275835990906,
3.3803734183311462,
3.6321604251861572,
4.345674812793732,
3.3614858984947205,
3.4759479761123657,
3.8650113344192505,
1.9886714220046997,
4.8126426339149475,
4.343189597129822,
4.154298305511475,
4.630734026432037,
4.358476102352142,
3.220158815383911,
3.1280696392059326,
3.078916072845459,
4.4329652190208435,
4.054657816886902,
3.898874819278717,
3.8436290621757507,
4.466043412685394,
3.2885828614234924,
4.356122612953186,
4.091157019138336,
3.6148300766944885,
4.725160598754883,
3.542829155921936,
4.145292043685913,
4.922285377979279,
4.293346405029297,
4.050740003585815,
4.588203132152557,
3.193788230419159,
4.114123582839966,
4.444709420204163,
2.8267231583595276,
4.244059324264526,
3.7502220273017883,
4.114561080932617,
4.38481479883194,
4.396258592605591,
4.554066061973572,
2.2334767878055573,
3.4321460127830505,
4.247040152549744,
4.725887477397919,
2.847853899002075,
3.8487765192985535,
3.7708306312561035,
4.04309868812561,
3.253926634788513,
3.400421440601349,
3.5163521766662598,
3.753882944583893,
3.4778720140457153,
4.747985005378723,
3.5197749733924866,
2.6440927386283875,
3.4618496894836426,
3.655559718608856,
3.242570161819458,
3.6265340447425842,
4.411749839782715,
4.449055790901184,
2.5682994723320007,
3.9565300941467285,
3.268861472606659,
4.190702438354492,
3.0061042308807373,
4.459850788116455,
3.103421628475189,
3.5236090421676636,
2.203049510717392,
3.4074383974075317,
4.574428498744965,
2.917449474334717,
4.412120282649994,
3.3477619290351868,
3.740796744823456,
4.352652132511139,
3.1591618061065674,
2.7661824226379395,
3.898778557777405,
4.236344695091248,
2.1456104516983032,
4.156797230243683,
4.622248411178589,
3.815240263938904,
3.9900359511375427,
4.51967716217041,
4.671982526779175,
4.216769635677338,
2.5476929545402527,
3.86130690574646,
3.494741916656494,
3.3919695019721985,
2.3611022531986237,
3.444451689720154,
2.2284072637557983,
2.9834219813346863,
4.2362940311431885,
3.5163047909736633,
3.723387122154236,
4.78565126657486,
2.616468369960785,
3.700794279575348,
3.546711802482605,
4.611080288887024,
4.344542324542999,
4.334096610546112,
1.7496204376220703,
4.24198180437088,
3.223057985305786,
3.025641143321991,
1.920725554227829,
2.5634554028511047,
3.402290642261505,
4.708499312400818,
3.143954277038574,
3.367331027984619,
1.9349277019500732,
3.8353028893470764,
4.111096262931824,
3.691418468952179,
3.283098340034485,
3.8875404000282288,
2.2281810641288757,
3.14850777387619,
3.4263640642166138,
3.8507208228111267,
4.370050132274628,
3.7888577580451965,
3.418639898300171,
3.996257781982422,
2.602108418941498,
1.7389921844005585,
4.046140015125275,
2.5170791149139404,
4.797025620937347,
2.218351811170578,
3.6257490515708923,
2.6377898454666138,
3.2739609479904175,
2.426152229309082,
4.601039886474609,
3.9930209517478943,
4.651424586772919,
2.1945805847644806,
3.6749079823493958,
3.5813716053962708,
3.7881046533584595,
3.6348137259483337,
4.459670782089233,
3.433769643306732,
2.5682049989700317,
3.5645490884780884,
2.341567575931549,
4.793817102909088,
3.661239445209503,
3.0298802256584167,
3.0982568860054016,
2.5047945976257324,
3.674554228782654,
3.8962483406066895,
3.9551693201065063,
1.7325897514820099,
3.8106733560562134,
3.8853368163108826,
3.631778657436371,
1.5085525810718536,
3.8944393396377563,
3.276265859603882,
4.648638069629669,
3.1780561804771423,
4.324421286582947,
2.060813158750534,
1.57553032040596,
1.8139088153839111,
1.0430577397346497,
3.2525652647018433,
4.202223718166351,
2.6038050651550293,
3.357754647731781,
3.473716080188751,
4.19992208480835,
4.137984812259674,
3.5607686638832092,
4.730589389801025,
3.3515292406082153,
3.2298478484153748,
4.293083846569061,
2.462891936302185,
3.346514105796814,
4.631369411945343,
3.5888636112213135,
2.155318558216095,
4.558442234992981,
4.136609733104706,
4.44925993680954,
3.7491142749786377,
3.6751437187194824,
2.5971263647079468,
3.9322200417518616,
3.961118459701538,
3.269239366054535,
2.5750944018363953,
2.9780185222625732,
3.2378655672073364,
3.603507876396179,
3.7971198558807373,
4.043976068496704,
2.584701180458069,
4.2564257979393005,
2.986207604408264,
2.47941255569458,
3.6591634154319763,
3.3923789858818054,
3.6577528715133667,
3.388386368751526,
2.401343137025833,
3.9328938722610474,
4.159548282623291,
1.875973641872406,
3.511349856853485,
3.284749984741211,
2.9421043395996094,
2.906509041786194,
2.977324426174164,
4.54920619726181,
0.4444222152233124,
3.532343804836273,
1.4584432542324066,
1.5709695219993591,
3.9603444933891296,
2.5268909335136414,
2.2623051702976227,
0.7136621326208115,
3.015204668045044,
1.871863454580307,
1.98189377784729,
2.8141459822654724,
3.591347336769104,
2.1853432059288025,
4.109414219856262,
3.7861183285713196,
1.5679939091205597,
3.2089105248451233,
2.7825435996055603,
3.8498038053512573,
3.355644643306732,
2.9704371094703674,
3.8957610726356506,
2.4578721821308136,
3.794541358947754,
2.7203860878944397,
2.7233028411865234,
0.8509835600852966,
4.112385809421539,
4.062330424785614,
1.433843970298767,
4.076805114746094,
1.290973722934723,
2.13459312915802,
3.966253399848938,
2.356245070695877,
4.7345152497291565,
1.941038817167282,
2.9026612639427185,
2.1852707862854004,
0.7419365644454956,
3.0958211421966553,
3.2404249906539917,
2.2573357820510864,
3.134514093399048,
2.3233695328235626,
2.3120827972888947,
4.31803286075592,
3.090914487838745,
2.7673569321632385,
3.4728282690048218,
3.2425373792648315,
3.94054114818573,
3.1367427110671997,
2.9528868198394775,
3.7762802839279175,
3.1282147765159607,
3.3445656299591064,
3.641636371612549,
3.9274954795837402,
2.714371681213379,
2.900379002094269,
0.2612772397696972,
2.1790343523025513,
4.227147996425629,
2.054440677165985,
3.229794502258301,
3.4744447469711304,
2.5422844290733337,
2.864675521850586,
2.973547875881195,
3.9521172642707825,
4.289417564868927,
-0.09698210284113884,
2.9338282346725464,
2.2970041632652283,
3.572084903717041,
2.9721692204475403,
2.9177439212799072,
3.7582814693450928,
2.138172537088394,
3.884267508983612,
3.674253523349762,
3.565817177295685,
3.3841463923454285,
2.7673503756523132,
2.325269877910614,
3.6559319496154785,
2.263050824403763,
2.7089035511016846,
3.7047600746154785,
3.913952112197876,
2.9782038927078247,
4.307464063167572,
2.856578230857849,
1.618960201740265,
2.7162563800811768,
1.1269286274909973,
2.3389832675457,
3.275500535964966,
3.7043222784996033,
3.5501351952552795,
3.6592504382133484,
3.5725194215774536,
2.2824154794216156,
2.1425244212150574,
2.132313847541809,
3.236682116985321,
2.021424025297165,
1.663510501384735,
4.829535782337189,
2.3590348660945892,
4.218439161777496,
3.5299238562583923,
2.4604475498199463,
1.6371478140354156,
2.01181098818779,
2.6102733612060547,
3.988344371318817,
1.992982029914856,
2.5217169523239136,
2.117021679878235,
3.1049540638923645,
0.9225285053253174,
3.7956082820892334,
1.639743596315384,
1.8929986655712128,
2.481895536184311,
4.264174997806549,
2.0513390004634857,
3.534877896308899,
3.22710782289505,
2.1055740118026733,
1.3529598712921143,
3.5653743147850037,
3.2342931628227234,
3.1846818327903748,
4.175006747245789,
0.7553210109472275,
0.8788498491048813,
2.2371745109558105,
2.618834972381592,
0.7421959936618805,
3.0300167202949524,
2.201722115278244,
3.5138356685638428,
4.088689982891083,
3.0159208178520203,
3.4273189306259155,
1.7308849096298218,
1.5271863341331482,
3.5931631922721863,
4.131572246551514,
1.997712254524231,
2.5945764780044556,
3.423009216785431,
3.728480637073517,
3.43583881855011,
2.037663757801056,
1.805243045091629,
1.2348520010709763,
2.8066766262054443,
2.9234248399734497,
1.859571486711502,
2.371584177017212,
3.2850897312164307,
3.7881886959075928,
2.3931139707565308,
2.6919570565223694,
1.285153478384018,
1.7440904676914215,
0.9813599288463593,
1.075434386730194,
2.9763752222061157,
4.681171178817749,
0.23428631946444511,
3.6991631984710693,
-0.018505651969462633,
2.324453741312027,
1.9947652518749237,
2.9445108771324158,
1.542283147573471,
2.1298857033252716,
3.3633029460906982,
2.7444082498550415,
2.4710148572921753,
1.9339993596076965,
0.15771342441439629,
2.5209972262382507,
2.297927588224411,
3.358328342437744,
2.766386866569519,
4.176634252071381,
1.4700688421726227,
2.259143143892288,
1.9729723036289215,
3.2420942187309265,
2.502911686897278,
2.6836347579956055,
1.658339947462082,
2.7077269554138184,
4.614813327789307,
3.066404163837433,
1.6926150023937225,
2.0921090245246887,
1.4610886573791504,
2.3944638669490814,
3.6513447761535645,
4.96022492647171,
3.1934955716133118,
2.9705318808555603,
4.752416610717773,
4.879751801490784,
5.0,
2.148725539445877,
2.7984794974327087,
3.7368541955947876,
4.325957000255585,
3.6805209517478943,
2.5222432613372803,
1.8907669186592102,
4.952218234539032,
4.1846975684165955,
2.573588788509369,
4.796406626701355,
4.734121561050415,
3.079352378845215,
3.557038903236389,
1.5121957659721375,
1.7834241688251495,
4.734652936458588,
1.920626312494278,
3.9213699102401733,
4.103657603263855,
3.3972513675689697,
2.2384770214557648,
2.9953408241271973,
3.2559430599212646,
2.5315403938293457,
3.6291933059692383,
2.5222215056419373,
2.615928053855896,
2.2736316919326782,
2.8700408339500427,
2.3930633068084717,
4.733587801456451,
4.724802672863007,
3.686923384666443,
3.5157114267349243,
3.5303089022636414,
1.6764198243618011,
1.7115283012390137,
3.3096960186958313,
1.5246494114398956,
1.2751154601573944,
2.170298546552658,
2.533484697341919,
4.249999821186066,
2.7159613370895386,
3.345160186290741,
1.8507079780101776,
1.351052075624466,
0.8954805880784988,
4.599852561950684,
4.534632563591003,
4.612888395786285,
3.9315780997276306,
0.7538826763629913,
1.4665013551712036,
2.8879371285438538,
4.675092399120331,
2.0777975022792816,
1.7896956205368042,
3.6726221442222595,
3.4580257534980774,
4.117410778999329,
2.7392876148223877,
3.331235349178314,
4.85072523355484,
4.5259028673172,
4.463566243648529,
3.672126829624176,
3.130885660648346,
4.140150249004364,
2.431630641222,
2.455601841211319,
1.8923228979110718,
2.300034314393997,
1.4798270165920258,
2.0272041857242584,
3.281383216381073,
1.4160531759262085,
0.8544538915157318,
0.5946816504001617,
2.8368517756462097,
4.854048192501068,
2.357463240623474,
2.177056670188904,
1.9181470572948456,
1.7316220700740814,
1.905234456062317,
1.9388219714164734,
3.8872405886650085,
3.917149007320404,
2.2647561132907867,
3.184407651424408,
4.692887663841248,
4.195605218410492,
3.459250032901764,
3.4655502438545227,
3.5135099291801453,
3.7048187851905823,
4.636564254760742,
3.436295986175537,
4.436825215816498,
3.0535873770713806,
0.10363412089645863,
2.429613322019577,
1.4743079245090485,
3.921358585357666,
4.759667813777924,
1.6244883835315704,
1.543479710817337,
4.266236126422882,
3.437040150165558,
3.118148446083069,
2.510405480861664,
2.0256415009498596,
3.458065390586853,
2.3014599084854126,
3.5428500175476074,
3.470793068408966,
3.4121039509773254,
4.2900678515434265,
3.4730035066604614,
4.291973412036896,
2.711877226829529,
3.380632698535919,
3.88418048620224,
3.87697696685791,
2.116752862930298,
3.1698909401893616,
2.8230077028274536,
4.089484810829163,
2.767421007156372,
3.32342267036438,
2.0869365334510803,
0.8099909126758575,
3.2418230175971985,
1.300249695777893,
3.5606789588928223,
4.307011365890503,
4.520149528980255,
0.914541482925415,
1.673119068145752,
4.001023769378662,
2.673153877258301,
2.7948272228240967,
3.977403938770294,
4.219812750816345,
3.7444180250167847,
2.6790624856948853,
3.9735153317451477,
3.186081051826477,
0.9349323809146881,
4.652469754219055,
4.043205976486206,
4.45356547832489,
3.6560195684432983,
4.766108691692352,
4.816030859947205,
2.6478993892669678,
2.8080129623413086,
1.9840945303440094,
1.7411701381206512,
4.629110097885132,
2.587953507900238,
2.695394456386566,
3.0435752868652344,
0.9460350126028061,
4.763913154602051,
3.0944690108299255,
4.500450491905212,
4.1637954115867615,
4.673462510108948,
2.9672005772590637,
3.150339722633362,
1.9833238422870636,
4.055235981941223,
3.3311665058135986,
3.7279388308525085,
1.798734962940216,
2.424439787864685,
2.913404405117035,
2.9490357637405396,
3.0642154812812805,
3.2976990938186646,
3.3493107557296753,
4.426744282245636,
2.3651303350925446,
1.3238590955734253,
3.3063581585884094,
3.3002743124961853,
3.0585110187530518,
2.562412917613983,
2.5215545296669006,
3.54429692029953,
2.718392014503479,
4.51154887676239,
1.7716237902641296,
2.0648379623889923,
0.48135701566934586,
3.0879560112953186,
3.451366126537323,
3.559495210647583,
1.5600651502609253,
1.799316257238388,
2.178230583667755,
3.2131031155586243,
3.7741470336914062,
3.6190488934516907,
3.92185240983963,
3.989754617214203,
3.0086514353752136,
3.702220618724823,
3.071700632572174,
1.7221814393997192,
4.406841993331909,
4.270122051239014,
2.148302048444748,
2.4553412199020386,
1.3355566561222076,
2.962474822998047,
1.8914109468460083,
1.2254614382982254,
1.365322768688202,
0.0729222921654582,
4.086000025272369,
3.7253519892692566,
2.4199485778808594,
3.052251636981964,
3.77665638923645,
1.974707543849945,
1.6758565604686737,
1.737741380929947,
1.1676369607448578,
4.089283347129822,
1.907145231962204,
4.368283748626709,
3.003644645214081,
2.282496392726898,
4.306623935699463,
2.396303415298462,
1.9193461537361145,
0.998062938451767,
2.40242600440979,
3.692830801010132,
3.945205807685852,
1.421683430671692,
3.4870871901512146,
2.9727134108543396,
3.228597939014435,
2.2783030569553375,
2.2927364706993103,
3.951948881149292,
3.9238297939300537,
3.981409966945648,
3.4239020943641663,
2.262144088745117,
2.131277322769165,
3.7232381105422974,
2.4402350187301636,
3.4545695781707764,
3.3086097240448,
3.1562623381614685,
4.429230988025665,
1.0912219434976578,
2.564079463481903,
3.0777841806411743,
3.9087995886802673,
3.129758834838867,
1.0930486768484116,
3.0430757999420166,
3.4451523423194885,
3.453938364982605,
0.608905516564846,
2.138920873403549,
2.142728418111801,
4.235995411872864,
4.274165630340576,
1.1189902573823929,
4.4323524832725525,
1.4393289387226105,
1.3570313155651093,
2.6950857043266296,
2.5113993883132935,
1.0337241739034653,
0.1958734728395939,
1.927267462015152,
3.3035585284233093,
3.837369382381439,
4.211600720882416,
2.401343435049057,
2.4417339265346527,
3.5182759165763855,
1.9500656425952911,
2.1452131867408752,
3.8688281178474426,
0.7284718006849289,
3.0573606491088867,
3.4229937195777893,
3.133673369884491,
4.11924809217453,
1.5770980715751648,
2.2952499985694885,
2.259136885404587,
2.398231476545334,
3.951307237148285,
1.5637190639972687,
2.1348199248313904,
1.0830725729465485,
2.201005220413208,
3.900057077407837,
2.47250497341156,
3.9585477113723755,
3.5916340351104736,
3.5832205414772034,
1.4828944206237793,
3.1227335333824158,
0.7460079342126846,
1.3988788425922394,
3.799484968185425,
2.7794867753982544,
3.535458743572235,
3.371001183986664,
3.755388855934143,
2.677445113658905,
2.253900021314621,
2.9085174202919006,
2.310725152492523,
0.9016351401805878,
3.594750165939331,
1.2217002362012863,
2.4278774857521057,
1.888982206583023,
2.994043231010437,
2.5353679060935974,
3.5319602489471436,
3.3922746777534485,
3.640325665473938,
3.153824508190155,
2.4557529389858246,
2.697908878326416,
3.638228178024292,
-0.20760195329785347,
3.489653468132019,
4.074159562587738,
1.4703074097633362,
3.260197937488556,
1.5554137527942657,
2.2877711057662964,
2.238042801618576,
3.210008442401886,
2.6495328545570374,
2.780125141143799,
2.798216938972473,
2.7670496702194214,
3.2603371143341064,
0.9633403271436691,
3.7027642130851746,
2.577040195465088,
1.098819151520729,
0.92945896089077,
2.313070297241211,
0.9940781444311142,
0.7424961775541306,
0.4661868140101433,
2.1337221562862396,
2.479381263256073,
2.7701756358146667,
1.3636007905006409,
3.0741161108016968,
2.0980092883110046,
1.4628560841083527,
0.879640132188797,
1.7916755378246307,
2.5102588534355164,
1.7382702231407166,
1.7552515864372253,
3.442043662071228,
1.6232004761695862,
3.6254578828811646,
3.690814971923828,
2.631392180919647,
0.6730610877275467,
0.7256244122982025,
2.3789428174495697,
1.349257081747055,
1.7989444732666016,
3.2971015572547913,
2.4914175271987915,
0.8198069781064987,
1.9071725010871887,
2.136470228433609,
2.884652018547058,
-0.10364094749093056,
2.3157964646816254,
3.522585928440094,
0.8331401646137238,
1.9018611311912537,
3.454402983188629,
2.1248461306095123,
3.804076611995697,
1.688225120306015,
1.304093450307846,
1.2758687138557434,
2.71325945854187,
1.1820406466722488,
3.589286208152771,
3.5599330067634583,
2.6194751262664795,
2.917497754096985,
3.217095732688904,
2.569403052330017,
4.328306019306183,
3.663094937801361,
2.2270184755325317,
3.755740225315094,
1.5693336725234985,
3.8162171840667725,
2.0229947566986084,
1.0055577009916306,
2.056785821914673,
2.0340068638324738,
3.659197986125946,
1.0694064944982529,
3.5572072863578796,
1.2144892662763596,
1.0545773059129715,
2.6115429401397705,
1.6456860303878784,
1.195300742983818,
0.27467286214232445,
0.6673029810190201,
2.9973244667053223,
0.7454486936330795,
2.210100144147873,
3.064436614513397,
3.1000280380249023,
2.354101836681366,
1.6383661329746246,
1.6173717379570007,
0.5642786622047424,
1.0420916229486465,
1.983719915151596,
3.1227949261665344,
1.1869975179433823,
2.483268678188324,
-0.5375790968537331,
2.8931397199630737,
3.5474491119384766,
3.3005109429359436,
2.299080342054367,
2.6013731956481934,
2.2077053785324097,
2.5077053904533386,
0.36865778267383575,
2.0684880018234253,
2.9447075724601746,
1.231183335185051,
2.8200823068618774,
1.9440270960330963,
1.7986057698726654,
1.6594918072223663,
0.633179172873497,
0.9873072057962418,
3.45657080411911,
2.6323890686035156,
1.4109961688518524,
3.1868359446525574,
1.7954976856708527,
0.28771979734301567,
1.7867189645767212,
-0.4259978234767914,
0.8806765079498291,
1.711876094341278,
2.9321348667144775,
1.739804893732071,
2.7801522612571716,
4.025300145149231,
2.3772452771663666,
0.9921374917030334,
1.0930146276950836,
1.826547235250473,
2.450704276561737,
2.648203670978546,
0.7594873756170273,
3.1004592776298523,
1.4078812301158905,
2.9267194867134094,
-0.13278799131512642,
2.6217132806777954,
3.7227848172187805,
4.006385803222656,
3.185756206512451,
0.15089791268110275,
0.36303482949733734,
1.3460789620876312,
1.6122037172317505,
-0.4776444286108017,
-0.28571782633662224,
0.6370503455400467,
2.716248035430908,
1.3519768416881561,
1.6031251847743988,
2.1815915405750275,
0.8394936472177505,
-0.2516254223883152,
-0.13275627046823502,
1.1567209661006927,
0.20362403243780136,
0.7133514434099197,
1.1417755484580994,
1.593499332666397,
1.2920452654361725,
2.045612186193466,
1.501769870519638,
1.8934373557567596,
2.5959759950637817,
-0.14777484349906445,
0.16209786757826805,
1.6564938426017761,
2.887127995491028,
0.657675638794899,
-0.08085491135716438,
2.2260329127311707,
2.3428450524806976,
1.9767504930496216,
0.6583946943283081,
1.4554299414157867,
0.9177874773740768,
1.6432930529117584,
1.73894003033638,
1.914471685886383,
1.3771072030067444,
1.354135423898697,
2.163967937231064,
-0.24181360378861427,
1.3355046510696411,
1.103256642818451,
0.28611209243535995,
0.9143387526273727,
-0.04791134502738714,
1.17521233856678,
0.7172650843858719,
1.807253360748291,
2.7970951795578003,
2.1490466594696045,
1.0116580873727798,
1.5826472640037537,
1.5939417481422424,
2.9094555974006653,
1.6799569129943848,
2.0820270478725433,
0.8113150298595428,
1.1278094351291656,
0.8228089660406113,
2.092145085334778,
0.06495318841189146,
2.532326579093933,
0.21226562559604645,
0.40654994547367096,
1.8926748633384705,
0.9440313279628754,
1.8496392667293549,
2.1976861357688904,
1.2018604576587677,
1.3648952543735504,
2.5156867504119873,
1.088162362575531,
1.791478842496872,
1.2139301002025604,
0.7692570984363556,
0.5024123564362526,
1.508137434720993,
2.3424096405506134,
1.8059627711772919,
1.2719810009002686,
2.6296466588974,
-0.11794461868703365,
1.6705361008644104,
1.8011730909347534,
-0.4444967955350876,
1.9650717079639435,
1.076774224638939,
2.6523712277412415,
-0.3356081247329712,
0.5608202517032623,
-0.4855339229106903,
2.0407402515411377,
1.6575996577739716,
2.009810507297516,
1.4876537024974823,
2.5460103154182434,
1.6260117292404175,
1.0757330060005188,
0.7994565367698669,
2.0884862542152405,
1.1992157250642776,
-0.00229572324315086,
0.13364441692829132,
1.6242927312850952,
1.6988733410835266,
0.8803585171699524,
-0.1886695809662342,
0.5930643901228905,
0.6814542412757874,
0.5870997533202171,
-0.311986580491066,
1.8041931092739105,
1.38551265001297,
1.7607095837593079,
1.6758136451244354,
1.0308629274368286,
0.9696532785892487,
0.8983283489942551,
0.8370929956436157,
0.3847847878932953,
-0.2655521221458912,
0.08036289364099503,
0.39454035460948944,
0.8921932429075241,
1.5935824811458588,
1.0718566179275513,
0.093736806884408,
1.2872761487960815,
2.247422933578491,
1.8888120353221893,
1.1457040160894394,
0.8668450266122818,
1.0158408433198929,
1.050911396741867,
1.8794994056224823,
0.0684435572475195,
1.121964007616043,
2.3896411061286926,
2.2288574278354645,
0.504869855940342,
0.30224792659282684,
2.0528818666934967,
-0.13827876187860966,
1.9792142510414124,
1.9081047177314758,
2.1408292651176453,
1.1719190329313278,
2.5747355818748474,
2.8734833002090454,
1.2331681698560715,
1.8067193031311035,
2.0381180942058563,
0.8682765811681747,
-0.16597675159573555,
-0.21447112783789635,
2.536492645740509,
0.5080807209014893,
-0.25099894031882286,
2.0471645891666412,
1.0321459919214249,
2.6084142923355103,
0.9600649774074554,
1.1594952642917633,
0.012621880741789937,
0.2655160613358021,
1.6249696910381317,
2.4377042055130005,
0.6001973897218704,
-0.1243915967643261,
0.3289064019918442,
2.272082418203354,
0.6883156299591064,
0.6490524858236313,
1.64425328373909,
0.13496985659003258,
0.19313933327794075,
1.1529888212680817,
1.3269920647144318,
1.1048949509859085,
0.9152524173259735,
2.5607770681381226,
1.2984363734722137,
-0.49633167684078217,
0.36406099796295166,
4.056648015975952,
0.03368833102285862,
0.31093647703528404,
-0.3108416311442852,
3.153744339942932,
2.2751307487487793,
0.05288240499794483,
0.48032358288764954,
0.5949369445443153,
2.8444796800613403,
3.391289710998535