4.781971573829651,
3.9215663075447083,
4.734891057014465,
4.693085551261902,
4.770598411560059,
4.839734733104706,
4.518200755119324,
4.809019565582275,
4.726526737213135,
4.963224530220032,
4.750275611877441,
3.8902291655540466,
4.679150581359863,
4.757114350795746,
4.695278108119965,
5.000000596046448,
4.179999232292175,
4.7628867626190186,
4.757005870342255,
4.681142270565033,
4.3058910965919495,
4.821072518825531,
4.362199902534485,
4.409691095352173,
4.77496862411499,
4.917050004005432,
4.72479909658432,
4.787210524082184,
4.811922609806061,
4.7013407945632935,
4.839351177215576,
5.0,
4.655546247959137,
4.369080364704132,
4.468223750591278,
4.808889627456665,
4.905242025852203,
3.8842055201530457,
4.006627798080444,
4.81571227312088,
4.5360758900642395,
4.661945402622223,
4.7557613253593445,
4.618291854858398,
4.720449447631836,
3.8961899280548096,
5.0,
4.920876622200012,
4.7146108746528625,
3.720749020576477,
4.57683801651001,
4.599660336971283,
4.448797106742859,
4.980466365814209,
4.501660466194153,
4.740812182426453,
4.66431736946106,
5.0,
4.7439658641815186,
4.402128756046295,
4.732313454151154,
4.530876278877258,
4.685805439949036,
4.718230068683624,
4.2465779185295105,
4.658656716346741,
4.666504859924316,
4.569416642189026,
4.929563105106354,
4.992883801460266,
5.0,
4.666387140750885,
4.724530279636383,
4.829573631286621,
4.520838558673859,
4.687909185886383,
4.556180834770203,
4.7547391057014465,
4.6999189257621765,
4.642407298088074,
4.842072427272797,
4.0990036725997925,
4.92282509803772,
4.881615042686462,
5.000000596046448,
4.62610125541687,
4.666019976139069,
4.228427410125732,
3.8206979632377625,
4.656171500682831,
4.25019383430481,
4.724269211292267,
4.1511982679367065,
4.193092882633209,
4.4258809089660645,
4.955297410488129,
4.446554481983185,
4.550574421882629,
4.730488359928131,
4.276760220527649,
4.305504262447357,
4.7301530838012695,
4.394075572490692,
4.9026405811309814,
4.681579172611237,
4.228097498416901,
4.724679589271545,
4.785258769989014,
3.696683943271637,
4.623582661151886,
4.516125917434692,
4.582511782646179,
4.7616952657699585,
4.77556973695755,
4.783259928226471,
5.0,
4.147617816925049,
4.319764673709869,
3.7345075607299805,
4.704034924507141,
4.818681478500366,
4.98821884393692,
4.532079696655273,
4.627612233161926,
4.447430670261383,
4.121147096157074,
4.699192643165588,
4.8148879408836365,
4.774965047836304,
3.606913983821869,
4.509941935539246,
4.153684973716736,
4.745155870914459,
4.796203374862671,
4.384444057941437,
4.036809802055359,
4.0980541706085205,
4.597121477127075,
4.665454626083374,
4.640879333019257,
4.222651124000549,
4.112195372581482,
4.750855565071106,
3.587794303894043,
4.273405969142914,
4.830082952976227,
4.796660840511322,
4.3569982051849365,
4.462657272815704,
4.852826297283173,
2.8562620282173157,
4.51482892036438,
4.920583367347717,
4.70641702413559,
4.7398072481155396,
4.550259113311768,
3.7368810176849365,
4.783855378627777,
4.511828422546387,
4.614312946796417,
4.6243056654930115,
4.406827390193939,
4.267634749412537,
4.244792461395264,
4.6930235624313354,
4.631556868553162,
4.850098788738251,
4.621850252151489,
4.795601963996887,
4.160140156745911,
4.5546555519104,
4.855449795722961,
4.384594559669495,
4.768266975879669,
4.459462761878967,
4.608687162399292,
4.725443720817566,
4.420451521873474,
4.58107203245163,
4.526395797729492,
4.415627121925354,
4.287836253643036,
4.560531377792358,
4.274154603481293,
4.525787532329559,
4.515715837478638,
3.697420358657837,
4.299567341804504,
3.6809659004211426,
4.570925235748291,
4.239126443862915,
4.483644962310791,
4.6033975481987,
4.809068739414215,
3.831399977207184,
4.8058998584747314,
4.4160449504852295,
4.51466977596283,
4.795530736446381,
4.324626922607422,
4.694510400295258,
4.628229439258575,
4.411745071411133,
3.9633727073669434,
4.579384028911591,
4.902891218662262,
4.464272856712341,
3.951604962348938,
4.614338278770447,
4.462980031967163,
4.129356741905212,
4.208838939666748,
4.496046304702759,
4.662966728210449,
4.428241848945618,
4.679474234580994,
4.195775389671326,
4.537176489830017,
4.646241366863251,
3.9729389548301697,
4.596656262874603,
4.235450923442841,
3.315666913986206,
3.7345075607299805,
4.581763744354248,
4.77499783039093,
4.404348433017731,
4.618667364120483,
3.138326108455658,
4.865667521953583,
4.577198028564453,
4.486587047576904,
3.869236707687378,
4.369825720787048,
4.971836507320404,
4.221374094486237,
4.053692817687988,
3.9168065786361694,
4.571482241153717,
4.3597787618637085,
4.374803006649017,
4.459008872509003,
4.878283441066742,
3.9814698696136475,
4.621407687664032,
3.5896816849708557,
4.148542881011963,
3.7889808416366577,
4.066995978355408,
4.675215482711792,
4.392782151699066,
4.5355406403541565,
4.230019450187683,
4.571177065372467,
4.540303647518158,
3.7473994493484497,
4.176419675350189,
3.5914692282676697,
3.723740875720978,
3.6486122012138367,
4.160883128643036,
4.767917096614838,
4.329588711261749,
4.464782178401947,
4.1407012939453125,
4.369352459907532,
4.369739294052124,
4.174830913543701,
4.6605077385902405,
3.827778697013855,
3.5766229033470154,
4.747673273086548,
4.186552166938782,
4.405941069126129,
4.136191308498383,
4.475879073143005,
4.248881936073303,
3.165409564971924,
4.420391321182251,
4.345152974128723,
4.377579987049103,
4.141597747802734,
4.49607789516449,
3.7315553426742554,
4.5466867089271545,
4.70358818769455,
4.442248046398163,
4.122837483882904,
3.2861170172691345,
4.023575782775879,
4.255850911140442,
3.6493271589279175,
4.569396674633026,
4.107065498828888,
4.306294620037079,
4.471705257892609,
3.300306797027588,
4.291175007820129,
3.9560243487358093,
4.222356081008911,
3.636551797389984,
3.6309224367141724,
4.475016891956329,
4.31300163269043,
4.589669406414032,
4.560302793979645,
3.686569929122925,
3.733217418193817,
4.496370255947113,
4.0666088461875916,
4.72543478012085,
4.915989935398102,
4.152233600616455,
4.19968843460083,
3.613433837890625,
4.628554582595825,
3.5368624329566956,
4.459797739982605,
3.3918756246566772,
4.354044198989868,
4.172697067260742,
3.785129189491272,
4.416167140007019,
4.315438270568848,
4.1590699553489685,
2.682657539844513,
3.865593671798706,
4.033448398113251,
4.373418986797333,
4.67131644487381,
4.445160627365112,
4.813883006572723,
4.469323456287384,
4.298841953277588,
4.1175419092178345,
4.177455008029938,
4.735786616802216,
3.919839859008789,
4.284640252590179,
4.621062278747559,
4.703461527824402,
4.44260448217392,
4.356708824634552,
4.543168246746063,
4.638118147850037,
4.2556032538414,
4.158979058265686,
4.297927021980286,
3.4613847732543945,
3.385254740715027,
4.580374360084534,
4.591788053512573,
4.614956378936768,
4.1720980405807495,
4.314002990722656,
4.416041970252991,
4.259504079818726,
4.36994731426239,
3.7777066230773926,
4.075052738189697,
3.7752074003219604,
3.617580831050873,
4.564762115478516,
4.520170092582703,
2.555006444454193,
3.9250746369361877,
4.196397960186005,
3.2039254903793335,
4.647092223167419,
3.616892695426941,
4.170256853103638,
4.01743620634079,
2.927170693874359,
4.8260509967803955,
4.639211297035217,
4.368123412132263,
4.828755855560303,
4.428400695323944,
3.9564737677574158,
4.122973680496216,
3.5539349913597107,
4.713997840881348,
4.681884348392487,
4.476196765899658,
4.544138610363007,
4.431908428668976,
3.7224841117858887,
4.55344557762146,
4.145231246948242,
4.478318691253662,
4.312381148338318,
4.124382734298706,
4.241951406002045,
4.938383102416992,
3.545372784137726,
4.11545604467392,
4.736528396606445,
3.8672512769699097,
4.171200692653656,
4.506360292434692,
3.676609992980957,
2.7624815702438354,
4.2205676436424255,
4.363074898719788,
4.238151013851166,
4.735981822013855,
4.500271677970886,
3.3522477746009827,
4.2410808801651,
4.520781934261322,
4.454180300235748,
2.8400948643684387,
4.563644826412201,
3.4019872546195984,
4.355746507644653,
4.426968693733215,
4.5410653948783875,
4.056877791881561,
4.453408122062683,
3.627144992351532,
4.423038959503174,
3.4819164872169495,
3.659391403198242,
3.4775328636169434,
4.165725111961365,
3.4866267442703247,
3.7058603763580322,
4.401784241199493,
4.0773725509643555,
2.8395214676856995,
4.184978008270264,
3.8990816473960876,
3.2975944876670837,
2.7602052688598633,
4.225558638572693,
3.6617442965507507,
3.7151697278022766,
3.8737857341766357,
3.8204997777938843,
3.958105444908142,
3.445229232311249,
4.648719429969788,
4.39862996339798,
4.338309168815613,
4.31971400976181,
3.856412172317505,
3.96402508020401,
4.060286283493042,
4.824629127979279,
2.3319654166698456,
4.5211732387542725,
4.731081426143646,
2.997598350048065,
4.322405755519867,
4.530368149280548,
4.530603885650635,
4.326348304748535,
2.7089616656303406,
2.244219183921814,
3.7031546235084534,
3.609490394592285,
3.529907763004303,
3.8377422094345093,
2.773488759994507,
4.201885461807251,
4.393176734447479,
2.634539008140564,
3.5370227694511414,
4.871999621391296,
3.7064409255981445,
3.857392966747284,
4.591382443904877,
4.5797982811927795,
4.600691795349121,
4.234228134155273,
2.321004271507263,
4.59715723991394,
3.3669984340667725,
4.223215878009796,
3.4138569235801697,
3.34530770778656,
3.715997040271759,
4.771680533885956,
3.6830615997314453,
3.4379544854164124,
3.2106253504753113,
4.179618656635284,
4.203824400901794,
4.290148317813873,
3.0064064264297485,
4.477053284645081,
3.7308144569396973,
3.801683187484741,
3.414071500301361,
3.5749807953834534,
3.9718863368034363,
4.210720062255859,
3.853103518486023,
4.424532651901245,
3.484507203102112,
3.3712035417556763,
3.64779531955719,
2.1356289088726044,
4.241476356983185,
3.642352521419525,
3.661857843399048,
3.4417179226875305,
3.4121355414390564,
3.3069470524787903,
4.519027471542358,
4.123049378395081,
4.570962190628052,
3.5637113451957703,
3.8013052940368652,
4.116771221160889,
4.375272989273071,
4.080694913864136,
4.3504732847213745,
2.979589104652405,
4.083246886730194,
3.568839132785797,
2.8904759883880615,
4.536678791046143,
4.06251847743988,
4.456840753555298,
3.5175547003746033,
2.405248284339905,
4.525285363197327,
4.280248284339905,
3.9119988679885864,
3.2127347588539124,
3.9997339248657227,
3.813181519508362,
3.7716421484947205,
2.936144769191742,
3.7433665990829468,
3.8711941242218018,
4.308108687400818,
3.563753068447113,
4.6587830781936646,
3.9222609996795654,
3.588351011276245,
1.8548141419887543,
2.1801336109638214,
3.40218722820282,
3.7523090839385986,
3.979620337486267,
3.332671821117401,
3.5040920972824097,
3.2182076573371887,
4.502101540565491,
3.7918397784233093,
4.728541672229767,
3.4523573517799377,
4.189770221710205,
4.5732492208480835,
3.3363819122314453,
3.6164799332618713,
4.698503315448761,
3.2864025235176086,
3.5677510499954224,
4.1200852394104,
4.364523887634277,
3.970535397529602,
3.0068030953407288,
4.303804337978363,
3.4565994143486023,
3.553910255432129,
3.8605618476867676,
3.73966246843338,
3.3238786458969116,
2.876899838447571,
3.349684178829193,
2.9462823271751404,
4.028371572494507,
3.9448389410972595,
2.312992811203003,
4.228657782077789,
4.386853277683258,
3.6462566256523132,
4.1243380308151245,
3.8822123408317566,
3.233821392059326,
3.2820597290992737,
2.703489363193512,
4.110723435878754,
3.764251470565796,
3.0987313389778137,
3.6963343620300293,
3.704140782356262,
4.072842001914978,
3.054368793964386,
3.7103575468063354,
3.4513378143310547,
3.5102617740631104,
3.6636891961097717,
2.048903703689575,
2.346913516521454,
4.028641879558563,
3.1069010496139526,
3.544445037841797,
3.2371214032173157,
2.708151340484619,
3.3590957522392273,
3.4896427392959595,
2.7906429767608643,
3.6596456170082092,
3.1765052676200867,
3.9976271986961365,
4.080334305763245,
2.852153480052948,
3.8738852739334106,
3.432399332523346,
3.877594470977783,
3.180909752845764,
3.181402087211609,
4.056050479412079,
3.984726369380951,
4.404121041297913,
3.301728665828705,
2.1262672543525696,
2.065184861421585,
4.165566265583038,
3.9057034254074097,
1.8734422326087952,
3.9048343896865845,
2.4303898215293884,
3.626985549926758,
3.423287868499756,
3.144529163837433,
4.826520085334778,
3.113057017326355,
3.275918960571289,
3.6249148845672607,
2.614741027355194,
3.76520574092865,
2.4826057255268097,
2.325919419527054,
3.6441978812217712,
3.5201993584632874,
3.0625808238983154,
4.220485091209412,
3.597918450832367,
3.0750837922096252,
4.496209919452667,
3.7684106826782227,
4.159144461154938,
4.362363815307617,
2.810297906398773,
3.020983338356018,
4.261654615402222,
4.264436364173889,
3.89552503824234,
3.89286071062088,
3.1722015142440796,
3.7454167008399963,
2.998989522457123,
1.7269861698150635,
4.591986536979675,
2.1911782026290894,
2.894909977912903,
3.9335644245147705,
3.0369168519973755,
4.046611189842224,
2.6366475224494934,
4.133636057376862,
4.500541388988495,
3.4296637773513794,
3.642461895942688,
2.2685521841049194,
2.7242541313171387,
3.6868295073509216,
2.5341036915779114,
3.4453487396240234,
3.4595638513565063,
3.81453275680542,
3.7396639585494995,
3.822483718395233,
3.7793993949890137,
2.5288763642311096,
3.5893335938453674,
3.7336009740829468,
2.9056188464164734,
3.248477578163147,
3.0844920873641968,
4.48741614818573,
2.7872660756111145,
4.362984001636505,
2.5612255930900574,
3.718177080154419,
1.4428423345088959,
1.64970263838768,
2.1406054496765137,
4.400477111339569,
3.9600980281829834,
3.5354945063591003,
3.9930561184883118,
3.5351911187171936,
2.2337597608566284,
3.0111169815063477,
2.5831574201583862,
2.726745307445526,
3.178008198738098,
2.965424060821533,
4.6111860871315,
3.4564590454101562,
4.19289618730545,
2.513248920440674,
2.717924416065216,
1.5142089128494263,
3.0753669142723083,
3.594943881034851,
4.223743379116058,
3.1836140155792236,
3.6449989676475525,
2.463601678609848,
2.4074168503284454,
2.824055552482605,
4.1761791706085205,
3.7032899260520935,
3.5168862342834473,
3.503338396549225,
4.183963239192963,
3.2213181257247925,
3.98907333612442,
3.1290030479431152,
1.9920065999031067,
3.101758062839508,
3.70634526014328,
3.5121801495552063,
3.843098282814026,
4.20131653547287,
2.5650200247764587,
2.01969251036644,
3.0802148580551147,
4.23533171415329,
1.5619073808193207,
3.8692620396614075,
3.3211883902549744,
3.697003722190857,
4.150809943675995,
3.2182958722114563,
3.6990514397621155,
3.5058793425559998,
3.905940353870392,
4.053020775318146,
3.409200608730316,
3.6183318495750427,
2.7041804790496826,
3.0971375107765198,
3.5278570652008057,
3.4481173753738403,
3.4566116333007812,
2.682991325855255,
2.3231786489486694,
2.7575764060020447,
3.153133988380432,
2.465483248233795,
3.3163145184516907,
3.545132577419281,
3.8612687587738037,
3.7181395292282104,
2.442477196455002,
2.86184161901474,
2.904469668865204,
2.6170501112937927,
2.492228150367737,
3.9549508690834045,
3.3378866314888,
2.5889769196510315,
3.691594898700714,
0.36718666553497314,
2.357390820980072,
2.7157577872276306,
3.2920342683792114,
2.024260014295578,
4.349279999732971,
3.038303256034851,
3.353447914123535,
3.621249496936798,
1.7986476421356201,
2.5365236401557922,
3.3873701095581055,
2.022261321544647,
3.678726851940155,
2.6428821682929993,
4.3339139223098755,
1.1707812547683716,
3.384220004081726,
3.4991413354873657,
3.28672856092453,
2.888246476650238,
2.7739140391349792,
3.25848251581192,
3.172392249107361,
4.776372611522675,
3.810519278049469,
4.3784114718437195,
4.305337071418762,
4.171944558620453,
4.62713360786438,
4.449253976345062,
4.929429888725281,
4.253697395324707,
3.96704763174057,
4.510698020458221,
4.706884026527405,
5.0,
3.5679060220718384,
4.234578013420105,
4.198945164680481,
5.0,
4.5451971888542175,
4.736023843288422,
3.773355185985565,
4.767971336841583,
4.200530648231506,
4.033169448375702,
4.987327456474304,
4.558575451374054,
4.204758405685425,
4.662486016750336,
3.898252248764038,
4.419392943382263,
4.876236617565155,
3.7271803617477417,
4.446911513805389,
4.3057191371917725,
3.884006142616272,
3.65271657705307,
4.51178252696991,
4.636245667934418,
3.3810436725616455,
4.873078167438507,
4.250330328941345,
4.1791775822639465,
4.180116653442383,
4.0471068024635315,
3.482891619205475,
4.263606369495392,
4.7976720333099365,
4.316282868385315,
3.9232459664344788,
3.946569263935089,
3.9258700609207153,
3.9877745509147644,
4.3130162358284,
4.321874380111694,
4.191550016403198,
4.1049230098724365,
4.291347861289978,
4.469305872917175,
4.046468734741211,
4.433354735374451,
3.5281717777252197,
3.851120173931122,
3.863658308982849,
4.770830273628235,
4.631592631340027,
4.80365127325058,
4.377843141555786,
2.890959084033966,
3.3686092495918274,
3.8824915885925293,
4.3752720952034,
3.982345461845398,
4.124760627746582,
4.361065924167633,
3.8862568140029907,
4.599184691905975,
2.8514328598976135,
4.427443444728851,
4.891033172607422,
4.310663938522339,
4.796546101570129,
4.576393961906433,
3.727915585041046,
4.041245877742767,
3.9723411202430725,
3.869793713092804,
3.923332989215851,
4.287353456020355,
4.271194934844971,
4.098287224769592,
4.169654846191406,
4.260817170143127,
4.11550760269165,
3.7717023491859436,
4.086719453334808,
4.8787179589271545,
3.9211907982826233,
2.3731595277786255,
3.921424150466919,
3.806658685207367,
3.672836124897003,
3.128673732280731,
4.149766266345978,
3.7540030479431152,
4.019834101200104,
4.148051142692566,
4.083922207355499,
4.524492025375366,
4.268296658992767,
4.362493455410004,
3.7700092792510986,
4.1234225034713745,
4.662004113197327,
3.8221678137779236,
4.354335069656372,
4.214211106300354,
3.630240261554718,
3.334137201309204,
3.1374606490135193,
4.1665515303611755,
4.492974579334259,
2.392936199903488,
3.9109522104263306,
4.4570958614349365,
3.4609946608543396,
3.248680531978607,
4.168025553226471,
2.8914740681648254,
3.9249345660209656,
4.151086807250977,
3.667292594909668,
3.450590968132019,
4.587609171867371,
3.9903095364570618,
3.741294741630554,
4.641103148460388,
4.420094788074493,
4.710927307605743,
3.931625783443451,
4.009918570518494,
3.0582502484321594,
3.754171133041382,
4.041144251823425,
4.046900272369385,
3.177269697189331,
4.143823981285095,
3.884385824203491,
3.325091600418091,
4.40672904253006,
3.239038586616516,
3.8691142201423645,
4.566288888454437,
4.186208248138428,
3.76425564289093,
3.3953484892845154,
4.078882932662964,
4.17865127325058,
3.8839516043663025,
4.062837660312653,
4.546212255954742,
4.172964096069336,
4.125877320766449,
4.41519021987915,
3.5878100991249084,
2.6932644844055176,
4.109283685684204,
4.531738460063934,
4.643961787223816,
4.411735534667969,
4.729474186897278,
4.624032080173492,
3.656429350376129,
3.244284689426422,
3.8450416922569275,
3.093854784965515,
4.3840789794921875,
3.8731980323791504,
3.210549056529999,
4.273439049720764,
3.065132200717926,
4.241656064987183,
3.6249610781669617,
4.707850515842438,
4.159962832927704,
4.2140549421310425,
3.70042085647583,
3.3717501163482666,
3.3891305327415466,
3.9862582087516785,
3.588230311870575,
3.8696369528770447,
3.603872060775757,
3.5716411471366882,
3.977913558483124,
3.606741428375244,
4.227402210235596,
3.5734111070632935,
3.43131422996521,
4.4320884346961975,
4.162416458129883,
2.597780227661133,
3.561132252216339,
3.549111485481262,
2.776561677455902,
2.9705923795700073,
3.90230655670166,
4.035870134830475,
3.3089515566825867,
4.783293306827545,
3.612014353275299,
3.0410486459732056,
3.529393970966339,
4.023032784461975,
3.6813315749168396,
4.11088228225708,
4.061329960823059,
3.4438899159431458,
3.839660882949829,
4.416947066783905,
3.922552168369293,
4.232960641384125,
3.738049864768982,
4.22729104757309,
4.361815452575684,
3.4938210248947144,
4.133378565311432,
3.882460594177246,
4.206498861312866,
4.354832172393799,
3.518068492412567,
3.2009485363960266,
2.872805595397949,
3.901679515838623,
3.4906652569770813,
3.842693269252777,
3.5192659497261047,
3.5332638025283813,
4.513598680496216,
3.9771366119384766,
3.4319427609443665,
3.486768901348114,
4.318234324455261,
3.1741854548454285,
3.8042038679122925,
2.275315523147583,
1.4055809378623962,
3.843904733657837,
3.201301395893097,
3.923942744731903,
3.2867226004600525,
3.634711802005768,
4.360790848731995,
3.103768825531006,
3.168635368347168,
2.786787450313568,
3.4896090626716614,
3.66580069065094,
4.274985194206238,
2.987808883190155,
4.007878601551056,
3.746086061000824,
3.657771646976471,
2.437734156847,
3.7196144461631775,
4.075404405593872,
3.0519169569015503,
4.17112410068512,
4.252109229564667,
3.4051254391670227,
2.4355994164943695,
4.539217948913574,
3.2090777158737183,
4.0989768505096436,
4.144966006278992,
2.674938440322876,
4.586860537528992,
3.4773170948028564,
2.677798271179199,
3.250376284122467,
4.208665490150452,
3.2535958290100098,
2.1008771657943726,
1.908656507730484,
3.6513924598693848,
3.810613751411438,
3.290102779865265,
2.312745153903961,
3.6249154806137085,
4.005077481269836,
4.747746288776398,
3.342055380344391,
4.420751929283142,
3.304513990879059,
3.8220903277397156,
3.6574211716651917,
3.3577916026115417,
3.207709491252899,
3.803374171257019,
3.0367588996887207,
3.3498555421829224,
3.8477858901023865,
4.380668997764587,
3.0038347840309143,
2.958822548389435,
3.4151896834373474,
3.051695227622986,
2.8279051184654236,
4.05737578868866,
2.9228129982948303,
4.226822257041931,
4.401193857192993,
3.3354896306991577,
4.002031981945038,
1.8100810050964355,
2.0276083052158356,
2.8449654579162598,
3.2410869002342224,
4.43484753370285,
3.0462002754211426,
2.009403109550476,
2.374645918607712,
4.126774370670319,
3.816915452480316,
3.1796205043792725,
4.049052596092224,
4.039431512355804,
4.358470141887665,
2.5025954842567444,
2.6413673162460327,
2.541639506816864,
3.6387521028518677,
4.45236474275589,
3.060002624988556,
3.990147113800049,
2.9096290469169617,
3.6392322182655334,
3.8691550493240356,
3.514184057712555,
2.4272486567497253,
3.7236782908439636,
3.391328752040863,
4.1745758056640625,
3.1672555208206177,
2.8978630900382996,
3.2162460684776306,
3.154367506504059,
3.6234435439109802,
4.337998330593109,
3.9495298266410828,
3.8010406494140625,
3.706369996070862,
3.0070137977600098,
3.2318970561027527,
3.792771100997925,
3.2234585285186768,
2.5402316451072693,
4.259156584739685,
2.483655661344528,
3.2293447852134705,
2.0225881040096283,
3.0776819586753845,
2.7873340249061584,
3.9580971002578735,
3.3580967783927917,
3.448510468006134,
4.094544947147369,
3.544374704360962,
2.821894586086273,
2.0237047970294952,
3.059839606285095,
3.1949153542518616,
2.3371171951293945,
2.0971010625362396,
3.226633369922638,
2.871443033218384,
2.868657112121582,
1.7263558506965637,
2.5040578842163086,
2.5015610456466675,
3.4879696369171143,
3.58323335647583,
4.060043692588806,
2.522934675216675,
2.7989742159843445,
3.073037564754486,
1.4775514602661133,
3.4912851452827454,
1.8622766435146332,
3.01798939704895,
3.0583077669143677,
2.646898627281189,
4.507656991481781,
3.9306899905204773,
3.0123773217201233,
1.2293915450572968,
1.8880392611026764,
3.0495545268058777,
2.557497024536133,
3.0847999453544617,
3.420061469078064,
4.226145446300507,
2.3746292293071747,
2.9513737559318542,
4.073033332824707,
3.3435335755348206,
2.0976245403289795,
3.765110969543457,
3.4099361300468445,
3.485366702079773,
3.216232657432556,
3.5015568137168884,
2.1513858437538147,
4.2045581340789795,
2.6798874139785767,
1.8745678663253784,
2.884465754032135,
3.5352832078933716,
1.7502568662166595,
3.540424108505249,
3.8107505440711975,
2.518177628517151,
3.7279734015464783,
4.603274762630463,
2.870377004146576,
4.615952670574188,
4.113442301750183,
1.8093118071556091,
4.0316227078437805,
1.7775188386440277,
4.639214277267456,
3.8571634888648987,
3.196505308151245,
2.7344313263893127,
2.7554184198379517,
3.7125930190086365,
2.9245486855506897,
3.174867331981659,
1.8002735078334808,
2.808619439601898,
3.1633582711219788,
2.876693904399872,
2.4703052639961243,
2.3963674902915955,
3.0353671312332153,
3.4840264916419983,
2.0088960230350494,
3.5867005586624146,
2.7084502577781677,
3.8928326964378357,
2.714996635913849,
2.1166014671325684,
2.8459617495536804,
1.7709749937057495,
1.575167030096054,
3.6381277441978455,
3.165525496006012,
1.480269879102707,
2.606615126132965,
2.3519480228424072,
3.6878645420074463,
3.746817409992218,
3.4514346718788147,
3.6814963817596436,
3.871057629585266,
3.1199517846107483,
3.315301239490509,
1.9877099990844727,
2.97833114862442,
3.6405926942825317,
2.05379918217659,
2.64820396900177,
2.7512922883033752,
1.5122868120670319,
2.433658093214035,
1.8934206664562225,
1.8993671238422394,
3.531337082386017,
3.5470786690711975,
2.9113298654556274,
3.085058629512787,
2.2569793462753296,
1.7844095826148987,
3.009655177593231,
0.8368269354104996,
2.055131644010544,
2.7702170610427856,
3.248632550239563,
2.8965434432029724,
3.1305092573165894,
4.22475129365921,
2.842164635658264,
2.8070926666259766,
2.7600955963134766,
1.548430621623993,
3.183707892894745,
3.487839698791504,
0.9742198139429092,
3.263675570487976,
2.3097777366638184,
2.2201180458068848,
0.5680767819285393,
2.3736315965652466,
3.8374289870262146,
4.240848124027252,
3.4797105193138123,
0.6288411468267441,
1.1705514788627625,
2.6640355587005615,
1.496923416852951,
-0.6697847694158554,
1.3672681152820587,
1.0816071927547455,
3.4666433930397034,
1.8692472577095032,
1.7941328883171082,
1.1286383867263794,
2.0767343044281006,
0.5471992865204811,
2.0046505331993103,
1.461745798587799,
0.03910509869456291,
0.9234490990638733,
2.6587557792663574,
1.3928309082984924,
0.8194145560264587,
2.7823612093925476,
2.4133294820785522,
1.8893073499202728,
2.821720838546753,
3.1968265771865845,
0.6743958592414856,
3.1921744346618652,
2.727680504322052,
2.67218679189682,
0.7915841042995453,
3.4137314558029175,
2.942626178264618,
2.0344404876232147,
1.9723474979400635,
1.910812258720398,
0.9238512068986893,
3.233979344367981,
2.340727299451828,
2.705228626728058,
1.7172983288764954,
2.7281102538108826,
2.5402605533599854,
0.16196472570300102,
2.19839945435524,
0.9911651164293289,
0.019739249255508184,
1.720346361398697,
1.6091939806938171,
0.9391719847917557,
3.7869489192962646,
2.797514498233795,
3.316158354282379,
1.5712946653366089,
3.5325655341148376,
2.5142106413841248,
1.5454408526420593,
3.0814477801322937,
2.280338853597641,
1.605459302663803,
0.5641007423400879,
1.0504832863807678,
1.86584934592247,
3.027411997318268,
1.1627624183893204,
1.966882348060608,
1.2332901358604431,
1.2940077483654022,
3.101744055747986,
1.7929168045520782,
2.3348581790924072,
2.62317955493927,
3.024722635746002,
2.3138362169265747,
2.4267640709877014,
1.3571533560752869,
3.337510824203491,
1.605686992406845,
2.0027993619441986,
1.7711232602596283,
2.1241748332977295,
2.468762546777725,
2.3673683404922485,
1.5773092210292816,
2.1254855394363403,
0.44113583862781525,
2.4296049773693085,
1.4403094351291656,
0.8620743453502655,
3.624577522277832,
1.616751104593277,
2.6154598593711853,
2.2871369123458862,
-0.1540027465671301,
0.7131210714578629,
2.5021135807037354,
1.9746680557727814,
3.2074588537216187,
2.0596835017204285,
3.5061410069465637,
2.88298100233078,
1.7764268815517426,
3.0084046721458435,
2.1228115260601044,
1.052633672952652,
1.0800522565841675,
2.13603213429451,
2.0734263956546783,
1.445479542016983,
2.5620344281196594,
0.3819902241230011,
0.7293200492858887,
0.5676386132836342,
2.9797986149787903,
1.1029553413391113,
1.8143025040626526,
2.1571072936058044,
2.9432091116905212,
2.8184208273887634,
2.156357765197754,
1.3326402008533478,
0.481482595205307,
1.055760532617569,
0.11541956104338169,
3.1972914934158325,
0.8235757797956467,
2.2469085454940796,
0.9213490784168243,
1.5074095129966736,
1.5445142984390259,
1.0622519254684448,
2.3204638063907623,
1.9916462898254395,
2.300730347633362,
1.9681306183338165,
2.024778723716736,
2.106482684612274,
1.3354986906051636,
2.382063567638397,
1.1238868534564972,
1.8399132788181305,
3.3358511328697205,
2.1741004288196564,
2.501475512981415,
1.9083015620708466,
2.0294977724552155,
0.8963212370872498,
2.4791035056114197,
2.507471442222595,
2.6048845052719116,
2.10603266954422,
2.0996999740600586,
2.8870880603790283,
1.9359597563743591,
0.9597429633140564,
3.1515198945999146,
0.6950017064809799,
-0.13164296746253967,
0.20221954211592674,
2.262565791606903,
0.6535162031650543,
0.778975635766983,
1.0137705504894257,
0.940893292427063,
2.602725327014923,
1.8370379507541656,
1.3013975322246552,
1.9275613129138947,
1.5099216997623444,
2.674574851989746,
2.253420203924179,
0.8342994749546051,
1.6516999900341034,
1.10151007771492,
3.1850340962409973,
1.353899985551834,
0.820084884762764,
1.4465756714344025,
0.9235818684101105,
2.141987830400467,
1.8138866126537323,
2.1455781161785126,
0.9181611984968185,
2.047117203474045,
2.57334440946579,
2.448493242263794,
-0.38331374526023865,
-0.2922173775732517,
3.9536353945732117,
0.48335228115320206,
0.303496066480875,
0.7484354078769684,
3.1854888796806335,
2.7155673503875732,
0.015772422775626183,
2.792651951313019,
0.8195161819458008,
2.3456764221191406,
3.8009414076805115