4.822549223899841,
4.24694150686264,
4.152420461177826,
4.3956634402275085,
4.246929287910461,
4.6147653460502625,
4.594593644142151,
4.393373131752014,
4.519960880279541,
4.800207018852234,
4.746798276901245,
4.0093570947647095,
4.480359256267548,
4.626201093196869,
4.374478757381439,
5.000000596046448,
4.518540799617767,
4.792049825191498,
4.618973135948181,
4.862340688705444,
4.726943373680115,
4.813580214977264,
4.4152843952178955,
3.9780521392822266,
4.702116250991821,
4.7081708908081055,
4.347923398017883,
4.5527321100234985,
4.71429169178009,
4.21483039855957,
4.6043553948402405,
5.000000596046448,
4.437835514545441,
4.403825998306274,
4.338725209236145,
4.87628698348999,
4.668030738830566,
4.184159636497498,
4.025515913963318,
4.407310783863068,
4.582008421421051,
4.617651104927063,
4.432966709136963,
4.603393077850342,
4.233197271823883,
4.394216537475586,
5.0,
4.596903920173645,
4.300364255905151,
4.1666242480278015,
4.817653298377991,
4.134297966957092,
4.34147447347641,
4.8793041706085205,
3.979237675666809,
4.712372422218323,
4.286289811134338,
5.000000596046448,
4.714411497116089,
4.532933533191681,
4.150961935520172,
4.4643279910087585,
4.4331300258636475,
4.247289001941681,
4.123928546905518,
4.52149510383606,
4.511445164680481,
4.344772696495056,
4.8128169775009155,
4.938224256038666,
5.0,
4.3329620361328125,
4.586544036865234,
4.516478180885315,
3.7674444913864136,
4.495138227939606,
4.313787221908569,
4.709998667240143,
4.615936577320099,
4.740271270275116,
4.195505380630493,
4.610549211502075,
4.67739462852478,
4.489071369171143,
5.0,
4.503255188465118,
4.249719977378845,
4.374856948852539,
3.567756414413452,
4.300659000873566,
4.340563118457794,
4.748433828353882,
4.1270628571510315,
4.412642121315002,
4.416917860507965,
4.820693135261536,
4.557657837867737,
3.987041413784027,
4.411925375461578,
4.744845032691956,
4.648140072822571,
4.58217978477478,
4.512597322463989,
4.6892935037612915,
4.455807209014893,
4.383304119110107,
4.623638987541199,
4.5056092739105225,
3.780331015586853,
4.520376622676849,
4.427191913127899,
4.611682593822479,
4.711557626724243,
4.422895908355713,
4.469968378543854,
5.0,
4.277969002723694,
4.077407717704773,
4.272622764110565,
4.088761210441589,
4.769610166549683,
4.9162280559539795,
4.557643830776215,
4.568694829940796,
4.400625228881836,
4.454779326915741,
4.576184153556824,
4.437117576599121,
4.621337950229645,
4.048310220241547,
4.33016300201416,
3.8039258122444153,
4.065474271774292,
4.5451438426971436,
4.134102165699005,
4.185776114463806,
3.9980441331863403,
4.247751235961914,
4.290473759174347,
4.350111484527588,
3.9562594890594482,
3.9083531498908997,
4.362294971942902,
4.2348712682724,
4.395617842674255,
4.3931737542152405,
4.669719040393829,
4.4578370451927185,
4.001539945602417,
4.853397011756897,
3.56601744890213,
3.8494986295700073,
4.883504211902618,
4.527727961540222,
4.692255854606628,
3.8193881511688232,
4.510261416435242,
4.65817391872406,
4.445396661758423,
4.439553916454315,
4.006659984588623,
4.1213661432266235,
4.0451109409332275,
4.386720955371857,
4.520144462585449,
3.7004289031028748,
4.599507749080658,
4.589343369007111,
4.335375130176544,
3.9509615302085876,
4.524775147438049,
4.542149305343628,
4.204469323158264,
4.546930193901062,
3.993701934814453,
4.300292432308197,
4.501368999481201,
3.876408040523529,
4.353767931461334,
4.612473845481873,
4.373319447040558,
3.893446922302246,
4.735567569732666,
3.7893837690353394,
4.356238842010498,
3.692965805530548,
4.193432033061981,
4.068940281867981,
3.8438060879707336,
4.207165837287903,
4.229070842266083,
4.083820581436157,
3.8708043098449707,
4.508209228515625,
4.2283037304878235,
4.708247184753418,
4.56425666809082,
4.089759588241577,
4.619214832782745,
4.526670575141907,
4.615702033042908,
4.594096839427948,
3.9939147233963013,
3.9817506074905396,
4.4710394740104675,
4.795669615268707,
4.19657438993454,
4.146817922592163,
4.313840866088867,
4.034782350063324,
3.9646491408348083,
3.996627926826477,
4.091862738132477,
4.18052613735199,
4.554648995399475,
4.074950218200684,
3.701781928539276,
3.699187934398651,
4.415027499198914,
3.750280737876892,
4.156434237957001,
4.5585644245147705,
3.78293514251709,
4.272622764110565,
4.010873734951019,
4.530884325504303,
4.325944781303406,
4.596468508243561,
3.5408934950828552,
4.667893648147583,
4.238791465759277,
4.3126362562179565,
4.120761156082153,
4.596827030181885,
4.783729910850525,
3.825332224369049,
3.821079134941101,
3.922019600868225,
4.37467634677887,
4.182063639163971,
4.437201619148254,
4.448681175708771,
4.727206230163574,
4.035285115242004,
4.646711945533752,
3.6444082856178284,
4.151215553283691,
3.420359492301941,
3.8263124227523804,
4.432274699211121,
4.116316437721252,
4.468483626842499,
4.4799041748046875,
4.3402838706970215,
4.064841866493225,
4.4810545444488525,
3.8050591945648193,
3.834066689014435,
4.16475236415863,
4.158768355846405,
3.682282567024231,
4.514839053153992,
4.0281736850738525,
4.525442719459534,
3.7603914737701416,
4.070663750171661,
4.253746271133423,
3.5569405555725098,
4.127681255340576,
3.735303282737732,
4.569129943847656,
4.454854726791382,
4.0812864899635315,
4.0451690554618835,
4.0458619594573975,
4.8282670974731445,
3.73369038105011,
3.8651633262634277,
4.113981127738953,
4.301539957523346,
3.8958820700645447,
3.569932281970978,
4.1512322425842285,
3.6928722262382507,
4.395807981491089,
3.929615020751953,
3.7879720330238342,
3.4815728664398193,
4.449581503868103,
3.9269715547561646,
3.6710265278816223,
3.4405675530433655,
3.8198766112327576,
3.936834931373596,
3.506981134414673,
4.2798298597335815,
3.448069393634796,
4.028883278369904,
3.170265555381775,
4.1034504771232605,
3.574409782886505,
3.4908539056777954,
3.952561616897583,
3.8313841819763184,
4.147193133831024,
4.201119244098663,
4.148430228233337,
3.1128674745559692,
4.2658403515815735,
3.980379104614258,
4.377090930938721,
4.640069007873535,
3.7994572520256042,
4.162471890449524,
3.037344217300415,
4.012318551540375,
2.6482349634170532,
3.997810482978821,
2.7744007110595703,
3.8329556584358215,
4.315091967582703,
3.236168324947357,
4.279337823390961,
4.153633713722229,
4.0304213762283325,
3.7975066900253296,
3.4859666228294373,
3.7777134776115417,
4.106773734092712,
4.408639073371887,
4.1366347670555115,
4.352835416793823,
4.285881817340851,
4.101813435554504,
4.316745102405548,
3.3320018649101257,
4.479335844516754,
4.201589226722717,
3.763834834098816,
3.8408637046813965,
4.226835072040558,
3.0543744564056396,
3.893853724002838,
4.47686642408371,
4.000185132026672,
3.9964351058006287,
4.032526016235352,
4.200036525726318,
3.8489019870758057,
3.2696741819381714,
4.454796016216278,
4.4086503982543945,
4.574270248413086,
3.6766374111175537,
4.357457160949707,
4.0603309869766235,
4.069375395774841,
3.8817161321640015,
3.632822334766388,
3.735334575176239,
3.489280343055725,
3.9140301942825317,
4.351234436035156,
3.9199480414390564,
2.7850326895713806,
3.817625343799591,
4.142775237560272,
3.238326609134674,
4.120811820030212,
3.474460542201996,
3.3937591314315796,
2.142638862133026,
3.527573347091675,
4.203062057495117,
3.882155418395996,
4.204998314380646,
4.644310474395752,
4.32340145111084,
3.7073543667793274,
4.087899029254913,
3.992495834827423,
4.468080699443817,
4.117152988910675,
4.247054755687714,
4.351409673690796,
4.109029173851013,
3.410753011703491,
4.304783344268799,
4.0416863560676575,
3.6732715368270874,
4.349626898765564,
4.1788142919540405,
4.100891351699829,
4.605450630187988,
3.7087202072143555,
4.236746430397034,
4.249283671379089,
3.538241982460022,
3.962080478668213,
4.140463471412659,
2.798193097114563,
2.959548830986023,
3.663003444671631,
4.242667555809021,
3.8355213403701782,
4.434493184089661,
3.601108193397522,
3.626856505870819,
4.264326691627502,
4.0694260597229,
4.208017885684967,
3.67757111787796,
4.226253032684326,
3.118736147880554,
4.001617133617401,
4.152868688106537,
3.8004565238952637,
3.8878804445266724,
4.563535749912262,
3.9036941528320312,
4.056683778762817,
3.4529387950897217,
3.5178416967391968,
3.638332188129425,
3.4289783239364624,
3.999309241771698,
2.802722454071045,
4.055300354957581,
3.515591621398926,
2.5482797622680664,
3.897116780281067,
4.0948158502578735,
3.571593463420868,
3.5771414637565613,
3.9273586869239807,
2.7383869886398315,
2.177033871412277,
3.333865702152252,
3.581080138683319,
3.5099628567695618,
3.0497878789901733,
4.261200129985809,
3.848961591720581,
4.354536533355713,
3.84768009185791,
3.2950538396835327,
2.468247711658478,
3.405050039291382,
4.406816363334656,
3.3211344480514526,
4.4251808524131775,
4.385004341602325,
3.6486831307411194,
3.814120590686798,
4.137866199016571,
4.062916338443756,
3.9118337631225586,
2.1896611154079437,
3.5788971185684204,
3.8724660873413086,
3.551095426082611,
3.085697293281555,
3.6428841948509216,
3.032905161380768,
3.5826748609542847,
3.5169225931167603,
2.3665395379066467,
3.315276801586151,
4.504483342170715,
4.287896752357483,
3.388485312461853,
3.9610686898231506,
4.507998824119568,
4.246893525123596,
4.197215139865875,
2.4208852648735046,
3.7365511059761047,
3.539803922176361,
4.072455167770386,
4.0519824624061584,
2.557922899723053,
3.2766997814178467,
4.707472920417786,
3.3461886644363403,
1.879410594701767,
3.159032464027405,
4.215115904808044,
3.6944013833999634,
3.9686554670333862,
4.092819690704346,
3.241811990737915,
3.373807370662689,
4.225966930389404,
3.828587532043457,
3.765987455844879,
4.031873047351837,
3.5106298327445984,
3.9223861694335938,
3.6984628438949585,
4.014953970909119,
3.2654190063476562,
3.2571297883987427,
3.2559558749198914,
3.3547645807266235,
3.229498565196991,
3.277839720249176,
2.3792774975299835,
2.7374759316444397,
3.40018630027771,
4.1008153557777405,
3.9472293853759766,
4.610237777233124,
3.192165493965149,
3.8437002897262573,
3.7040644884109497,
4.187422096729279,
3.581031560897827,
3.8371193408966064,
3.3648884296417236,
2.8654778003692627,
3.671424090862274,
3.2486066222190857,
3.884330987930298,
3.8849276304244995,
3.915032148361206,
3.550572991371155,
2.9979830980300903,
3.9031079411506653,
3.9369946718215942,
4.0274578332901,
2.5790709257125854,
3.650631010532379,
3.4280478954315186,
3.6080700159072876,
2.7031585574150085,
3.7048473954200745,
3.9816945791244507,
4.011974632740021,
3.2921820878982544,
3.8307738304138184,
3.3024609088897705,
4.030131101608276,
3.343692421913147,
3.354044258594513,
3.4033486247062683,
4.469863772392273,
3.1740057468414307,
3.051219880580902,
3.995501697063446,
3.4493643045425415,
3.716522455215454,
3.723146915435791,
4.429396986961365,
3.2467564940452576,
4.116600453853607,
4.080609381198883,
3.699878454208374,
3.0782106518745422,
4.067975282669067,
3.6457395553588867,
3.240041136741638,
3.9397716522216797,
3.463694155216217,
3.342083692550659,
2.8512856364250183,
4.289116263389587,
3.4004363417625427,
3.9227688312530518,
3.5459384322166443,
2.672151029109955,
3.011355698108673,
2.7044200897216797,
2.3731161653995514,
3.118005394935608,
3.149178922176361,
3.6949846148490906,
2.924153506755829,
3.728932738304138,
3.9492297172546387,
3.330475091934204,
3.8637003302574158,
3.859456479549408,
3.932785987854004,
2.566387951374054,
3.234274685382843,
3.903779983520508,
4.040468335151672,
3.8075757026672363,
3.6038783192634583,
3.967565894126892,
3.218541145324707,
3.2972079515457153,
3.693595826625824,
3.790162205696106,
2.523997724056244,
2.5514432787895203,
3.071877658367157,
2.820119857788086,
3.1210386753082275,
2.881569266319275,
3.1306585669517517,
2.3317834734916687,
2.81025230884552,
3.876887559890747,
3.3858337998390198,
3.4020671248435974,
3.941798508167267,
3.233101963996887,
3.7177202105522156,
4.108744263648987,
3.0578991770744324,
3.3815857768058777,
3.1017646193504333,
3.373708128929138,
3.4494441747665405,
2.974848449230194,
3.8352489471435547,
3.404145836830139,
4.304128885269165,
2.5043535232543945,
3.713371753692627,
2.113422602415085,
2.861661911010742,
3.8617652654647827,
2.7411365509033203,
3.298060894012451,
2.489638328552246,
3.8297250866889954,
3.198171854019165,
3.1734830141067505,
4.119598567485809,
2.948654294013977,
3.5024747252464294,
2.9471048712730408,
2.1541959047317505,
4.066179096698761,
2.4096375703811646,
2.2225576639175415,
3.4596899151802063,
1.9734570384025574,
3.5367462038993835,
3.4444868564605713,
3.019040822982788,
3.1963422894477844,
3.560437858104706,
2.198408395051956,
3.380790054798126,
3.8989463448524475,
2.7098682522773743,
3.953901529312134,
3.999866545200348,
4.244943857192993,
3.6357784271240234,
4.2779141664505005,
3.3061328530311584,
3.7022441625595093,
2.269429862499237,
3.228391110897064,
3.5763975977897644,
2.6829421520233154,
3.5720139741897583,
4.458999037742615,
2.897680401802063,
3.4235340356826782,
2.1685171127319336,
3.558099865913391,
3.8129839301109314,
2.8807178139686584,
3.688550889492035,
2.7573704719543457,
3.2924795150756836,
3.6491581797599792,
3.0680933594703674,
3.5531798005104065,
3.3315885066986084,
3.278825283050537,
3.732101023197174,
3.1661856174468994,
3.518993854522705,
2.6193952560424805,
2.859681248664856,
3.219238519668579,
3.241976797580719,
3.1808966398239136,
2.525027096271515,
4.273165762424469,
2.874074876308441,
3.6471229791641235,
2.746526598930359,
3.672149181365967,
1.9919061660766602,
3.7462034821510315,
2.1819326281547546,
4.473991096019745,
4.33087557554245,
3.1473517417907715,
2.624903917312622,
3.138992190361023,
2.5298580527305603,
2.623930871486664,
2.4536240100860596,
2.8717422485351562,
2.989029586315155,
2.955751419067383,
4.350523352622986,
2.9099103808403015,
2.843461036682129,
2.594863772392273,
3.570781946182251,
1.8939326703548431,
3.852260708808899,
3.7869322299957275,
3.8682690262794495,
2.37464502453804,
4.2074185609817505,
2.081006169319153,
3.159415125846863,
3.2018232345581055,
3.7520119547843933,
3.1048858165740967,
2.258574366569519,
3.1733325123786926,
3.764593005180359,
3.028753101825714,
3.255871534347534,
2.920922636985779,
3.608231842517853,
2.658012807369232,
2.8663817048072815,
2.8517931699752808,
3.4707552194595337,
4.081571102142334,
2.8296542167663574,
2.416321337223053,
3.0110371112823486,
3.8337096571922302,
2.201802134513855,
3.838443160057068,
3.1608515977859497,
3.5606470704078674,
3.3250892162323,
2.562777101993561,
3.6031216382980347,
3.851444125175476,
3.3626434206962585,
3.607650399208069,
2.927136719226837,
2.9182660579681396,
2.5966522097587585,
3.704279363155365,
3.1989046931266785,
3.841961622238159,
3.466047942638397,
3.043055236339569,
2.4943330883979797,
3.115556240081787,
2.7813684940338135,
2.787529230117798,
3.6690187454223633,
2.896004319190979,
3.373289406299591,
3.135499060153961,
1.8532118201255798,
2.5560185313224792,
3.2982301712036133,
2.2669005393981934,
2.229508012533188,
3.4379708766937256,
3.331020176410675,
2.761363387107849,
2.7709543704986572,
0.9807964414358139,
3.122587502002716,
3.746657371520996,
3.238067328929901,
1.3182644546031952,
3.935372531414032,
2.508443295955658,
3.267580568790436,
3.445994257926941,
2.3688267171382904,
1.4269709587097168,
3.80362868309021,
1.4698457717895508,
3.3398589491844177,
2.877488434314728,
3.130771517753601,
1.6149035096168518,
2.7414727210998535,
3.9550167322158813,
3.2212284207344055,
2.6405200362205505,
2.4020403623580933,
3.016209304332733,
3.484124541282654,
4.3020546436309814,
4.046483039855957,
3.7546169757843018,
3.892766535282135,
4.500782489776611,
4.35761958360672,
4.541327059268951,
4.679391384124756,
4.080391824245453,
4.094160795211792,
4.622751474380493,
4.777839183807373,
5.0,
4.049195945262909,
3.802027404308319,
4.737551808357239,
5.000000596046448,
4.32824969291687,
4.466891288757324,
4.91190493106842,
4.730636179447174,
4.131655693054199,
4.705303311347961,
4.926568865776062,
4.5877715945243835,
4.4590044021606445,
4.806747734546661,
4.891332685947418,
4.12639856338501,
4.955942630767822,
4.714190661907196,
4.282697141170502,
4.646420478820801,
4.11181777715683,
3.985793888568878,
4.545604884624481,
4.064890742301941,
3.9731621742248535,
4.30306613445282,
4.143147170543671,
4.271602630615234,
4.8689767718315125,
4.861167371273041,
3.2737720012664795,
4.1254884004592896,
4.53155905008316,
4.697854518890381,
4.39606636762619,
4.743545949459076,
3.929493725299835,
4.681214094161987,
4.277578592300415,
4.123227298259735,
4.232304096221924,
4.198603928089142,
4.200839102268219,
4.338424503803253,
4.875748455524445,
3.9471501111984253,
4.749497473239899,
4.819711744785309,
4.732292294502258,
4.6665844321250916,
4.229198396205902,
4.521293342113495,
4.0664830803871155,
2.3973506689071655,
3.1197112798690796,
4.52151894569397,
3.947131037712097,
4.0372419357299805,
3.986266851425171,
4.503766596317291,
4.129405617713928,
3.741714358329773,
3.6283886432647705,
4.090469181537628,
4.520379900932312,
4.36475396156311,
4.238042831420898,
4.278850257396698,
3.9678066968917847,
4.356974363327026,
4.050572216510773,
4.022785723209381,
4.084114730358124,
3.823227286338806,
3.8883420825004578,
4.062356352806091,
4.096454679965973,
4.299589991569519,
4.237017333507538,
4.335018992424011,
3.632360100746155,
4.384629726409912,
3.74299556016922,
2.8192555904388428,
2.2439469397068024,
4.731641411781311,
4.719533920288086,
2.7649351954460144,
4.144694209098816,
4.2236557602882385,
4.499518275260925,
4.6039459109306335,
3.943413496017456,
4.370059669017792,
4.525818824768066,
4.237420856952667,
3.6954280734062195,
4.413196444511414,
4.527075886726379,
4.075550734996796,
4.361944496631622,
4.4843220710754395,
4.33352530002594,
4.2899563908576965,
3.3256161212921143,
4.045581519603729,
4.014268517494202,
3.6349520087242126,
4.502392411231995,
4.209292531013489,
3.784341514110565,
3.9346206188201904,
4.473797678947449,
3.123074769973755,
4.00144636631012,
3.8374096155166626,
3.7525400519371033,
4.0945738554000854,
3.4894585609436035,
3.8975560665130615,
4.060609042644501,
4.266462624073029,
4.181265830993652,
4.142228066921234,
4.0076762437820435,
3.8140416145324707,
4.220073819160461,
3.841370940208435,
3.688606917858124,
4.366911053657532,
3.8265225291252136,
4.1207000613212585,
3.797297179698944,
2.421826124191284,
4.3716758489608765,
3.5063862800598145,
3.8304030895233154,
4.317777454853058,
3.531419038772583,
4.188973605632782,
3.9881551265716553,
3.711448907852173,
4.289556443691254,
3.8057762384414673,
4.279540777206421,
3.8742446899414062,
3.7352433800697327,
4.080156087875366,
4.2022499442100525,
3.6524933576583862,
2.0380190014839172,
4.596850872039795,
4.448142349720001,
4.478705525398254,
3.999020755290985,
4.2449042201042175,
4.011876881122589,
4.064010381698608,
3.712761402130127,
3.8296708464622498,
1.7628094553947449,
3.7389296293258667,
3.736652135848999,
4.257087409496307,
4.444518983364105,
3.2719510793685913,
3.7983134388923645,
3.9140039682388306,
4.431598782539368,
3.633337616920471,
4.276843965053558,
3.8295698165893555,
3.393777310848236,
3.71240496635437,
3.4050557017326355,
3.662402033805847,
4.1323548555374146,
2.9308968782424927,
2.85482257604599,
3.6363330483436584,
3.965880274772644,
3.623884618282318,
4.273958802223206,
3.3775076270103455,
4.130003750324249,
4.515437483787537,
2.8523537516593933,
4.350809752941132,
2.921978533267975,
3.637862801551819,
3.3288174867630005,
4.107735455036163,
3.779851198196411,
3.69174987077713,
4.185401201248169,
3.477522134780884,
3.9492034912109375,
3.0956310033798218,
3.4789514541625977,
4.212462306022644,
4.241727292537689,
3.650517165660858,
3.8960865139961243,
3.5860955715179443,
3.443533778190613,
3.5768750309944153,
3.8258332014083862,
4.051130414009094,
3.82134348154068,
3.854515552520752,
3.34035187959671,
4.105469882488251,
3.7812232971191406,
4.427473545074463,
4.036999940872192,
3.823336958885193,
4.082871675491333,
2.9359835386276245,
3.580460846424103,
3.3987390995025635,
3.980795741081238,
3.3255979418754578,
3.056095242500305,
4.385401606559753,
2.7546560764312744,
3.6441200971603394,
3.040643632411957,
4.056814908981323,
3.994096517562866,
3.9611172676086426,
1.8786239624023438,
0.9868406504392624,
4.158748388290405,
2.9202359914779663,
4.132949113845825,
3.3115363121032715,
3.8933005928993225,
4.069007039070129,
3.063727021217346,
3.5125961899757385,
2.371678948402405,
3.4059885144233704,
3.544226884841919,
3.614732027053833,
2.519282102584839,
3.498525619506836,
4.086875021457672,
3.7487852573394775,
3.5499006509780884,
3.546009659767151,
3.6479002237319946,
3.222060203552246,
4.060781896114349,
3.6382848024368286,
3.197426497936249,
3.62614244222641,
3.4136295318603516,
3.29609215259552,
4.287322163581848,
4.240097105503082,
3.387083411216736,
4.233754575252533,
3.118607997894287,
3.624376654624939,
3.151739537715912,
4.603278338909149,
4.047836661338806,
2.030547261238098,
2.24994495511055,
4.052977561950684,
4.3540942668914795,
4.159565567970276,
2.879250645637512,
3.828500807285309,
3.910520076751709,
3.9892780780792236,
1.8102499842643738,
4.088767170906067,
3.1700950860977173,
3.5150957107543945,
3.854653835296631,
3.0693280696868896,
2.715911865234375,
2.63884037733078,
3.6396855115890503,
3.4824711084365845,
3.211069107055664,
4.06321108341217,
3.608931005001068,
2.933506667613983,
3.4445104002952576,
3.7835723161697388,
2.892604172229767,
3.134038746356964,
2.4908269941806793,
4.137589931488037,
3.5926267504692078,
3.4725192189216614,
3.0190712213516235,
1.3649839162826538,
1.9005297124385834,
3.1623485684394836,
2.7730613946914673,
4.262656569480896,
2.434612512588501,
2.7646392583847046,
2.867465317249298,
3.654467463493347,
4.368060231208801,
3.4153899550437927,
3.9458483457565308,
2.704453468322754,
3.5632646083831787,
2.2640524804592133,
2.7354100346565247,
2.407831847667694,
1.9683101773262024,
4.110377132892609,
3.589445948600769,
4.3055978417396545,
3.1380504369735718,
3.4883058071136475,
3.517805337905884,
3.74493271112442,
2.3960988223552704,
3.866220712661743,
2.986179292201996,
3.8173717260360718,
2.7306240797042847,
3.450671434402466,
3.189476430416107,
3.4514880180358887,
3.0062562227249146,
3.58139306306839,
3.9054498076438904,
3.3366188406944275,
3.7129750847816467,
3.185911178588867,
3.7227731943130493,
3.3677121996879578,
2.7611136436462402,
2.839788496494293,
3.124348521232605,
2.8054893016815186,
3.3104777336120605,
2.2811783850193024,
2.9190215468406677,
3.960345983505249,
3.053716719150543,
4.1940295696258545,
2.9179364442825317,
3.1091123819351196,
3.376605808734894,
2.944836914539337,
2.8809016942977905,
3.216571807861328,
2.926083207130432,
1.8794707953929901,
2.2088471055030823,
2.770013213157654,
3.0289065837860107,
3.294629454612732,
2.25332111120224,
2.921878397464752,
3.9456838369369507,
3.3515286445617676,
3.838281035423279,
3.488317131996155,
2.3779045045375824,
2.8090235590934753,
3.6723944544792175,
1.3538512587547302,
3.513675332069397,
2.8883832693099976,
2.9067111015319824,
3.218725323677063,
3.5904675722122192,
3.2183092832565308,
4.252779483795166,
3.6079946160316467,
1.7825733125209808,
1.9523610174655914,
3.4040769934654236,
2.9696062207221985,
3.6274340748786926,
3.0965381860733032,
4.123945236206055,
3.3457782864570618,
3.7049686908721924,
3.953133225440979,
3.2411637902259827,
1.6352511942386627,
3.829925060272217,
3.883296251296997,
3.476942777633667,
3.485473096370697,
2.7973374724388123,
3.2638001441955566,
4.2060694098472595,
3.0224746465682983,
2.8376901149749756,
3.2273566722869873,
3.9426210522651672,
2.357405126094818,
3.2197901606559753,
3.576584756374359,
3.280446231365204,
3.793604075908661,
4.521198868751526,
3.0898484587669373,
3.962227702140808,
3.58280748128891,
2.148211896419525,
3.4554028511047363,
1.63003608584404,
4.262339472770691,
3.8923969864845276,
2.9197710752487183,
2.649039328098297,
1.9458681344985962,
4.373275339603424,
2.0068050920963287,
3.0334508419036865,
2.6715385913848877,
2.1594956517219543,
3.099500834941864,
3.1561055779457092,
3.6522477865219116,
1.8049904704093933,
2.6572132110595703,
3.267793357372284,
1.5994782745838165,
3.5936781764030457,
3.2442668080329895,
3.3052724599838257,
3.2720795273780823,
1.87559574842453,
2.6246920228004456,
2.730681300163269,
1.952386200428009,
3.5040506720542908,
3.9450842142105103,
2.1822845935821533,
2.662118971347809,
2.8090232610702515,
3.663069009780884,
3.003147840499878,
3.092001974582672,
3.261685371398926,
3.5334742069244385,
3.2945868372917175,
3.5823941230773926,
1.3165418803691864,
2.85562664270401,
3.9124923944473267,
1.6422833502292633,
3.4508100152015686,
3.6121517419815063,
1.3055223226547241,
3.122228980064392,
2.6386314630508423,
2.1973389387130737,
3.2292672991752625,
3.72796893119812,
2.992067337036133,
2.82717227935791,
2.724870443344116,
1.4385785162448883,
2.885575592517853,
1.287093311548233,
2.828148901462555,
2.5852572917938232,
3.4382042288780212,
3.4398725628852844,
2.679987847805023,
4.0250563621521,
3.220641016960144,
2.7364692091941833,
2.670222818851471,
2.826349139213562,
2.979118525981903,
3.996230959892273,
1.4728295803070068,
3.118087947368622,
2.8885841369628906,
2.9652413725852966,
0.6358698755502701,
2.597516179084778,
2.808467745780945,
3.487672507762909,
2.639700174331665,
0.46265464276075363,
1.3974502682685852,
2.3878586292266846,
2.1411892771720886,
0.6364385783672333,
1.6635943949222565,
0.7390011847019196,
3.5369378328323364,
1.3011479377746582,
1.1636915802955627,
2.165135443210602,
0.6748960167169571,
0.8372204005718231,
1.5849992632865906,
2.648409903049469,
0.4862155020236969,
2.0391884446144104,
2.6684847474098206,
0.637180507183075,
1.589861661195755,
2.754519283771515,
2.9067352414131165,
2.450670301914215,
2.9203391075134277,
2.404029667377472,
0.9417015314102173,
2.5297927856445312,
2.6084256172180176,
3.09306263923645,
0.38636110723018646,
2.7480101585388184,
2.893158793449402,
2.4083060026168823,
1.6957402229309082,
1.5672667324543,
1.4659422636032104,
2.2109198570251465,
2.8826582431793213,
2.9454028606414795,
1.5291589498519897,
2.205961048603058,
3.2423135638237,
-0.2372923493385315,
1.8072855472564697,
1.0565655678510666,
0.42270995676517487,
1.9502072036266327,
1.8133221566677094,
0.8979111909866333,
2.327011525630951,
2.9824644327163696,
3.2885169982910156,
1.7461487650871277,
2.966935634613037,
2.838345766067505,
2.1172931790351868,
3.2479128241539,
2.2044435143470764,
1.2742678821086884,
1.0730742663145065,
1.6764679551124573,
3.029448091983795,
2.620978355407715,
1.2432041764259338,
1.997695416212082,
1.2903374433517456,
0.9486977756023407,
2.8458231687545776,
1.6015855967998505,
2.4113599956035614,
1.8502143025398254,
2.5365743041038513,
2.6789793372154236,
2.8573215007781982,
1.2512868642807007,
3.42039555311203,
1.4615115523338318,
1.7119775712490082,
2.098727822303772,
2.7462249994277954,
2.573290169239044,
2.3380500078201294,
2.9910576343536377,
2.370431572198868,
0.5571578070521355,
1.744789481163025,
1.595054417848587,
1.2232178449630737,
3.0673402547836304,
1.6123034060001373,
2.6613491773605347,
1.6192907094955444,
-0.022064237855374813,
0.41698072105646133,
1.8887588381767273,
2.3001250624656677,
2.529110610485077,
2.0414941012859344,
3.2773548364639282,
2.9328614473342896,
2.706831991672516,
2.3181891441345215,
2.1833355724811554,
0.539073757827282,
1.6314786672592163,
2.9870784282684326,
1.948762834072113,
1.6537871956825256,
2.2425827383995056,
0.7030151784420013,
1.1158479750156403,
1.0218444466590881,
2.2364799678325653,
2.025914788246155,
2.123117446899414,
2.028737962245941,
3.198154866695404,
2.7178865671157837,
1.4701077342033386,
1.5784668922424316,
0.7098472863435745,
1.2586940824985504,
1.173267662525177,
2.641979455947876,
1.0707301646471024,
1.8816855549812317,
0.7656916975975037,
1.0879864543676376,
1.3084281980991364,
0.7812578231096268,
1.9914795458316803,
3.129061460494995,
3.197343349456787,
2.7798736095428467,
1.9469060003757477,
1.1752163618803024,
1.7873625457286835,
2.5359249114990234,
1.1235294491052628,
1.6898724436759949,
2.4426008760929108,
2.1649977564811707,
2.2257083654403687,
1.6325609385967255,
2.333219051361084,
1.1948122084140778,
2.0802542567253113,
2.115204930305481,
2.338046431541443,
2.7937498688697815,
3.008626401424408,
3.388570249080658,
2.7062273025512695,
0.9897725284099579,
2.8040841221809387,
0.8124738931655884,
0.7089235633611679,
0.5902571231126785,
2.5626447796821594,
0.6113594770431519,
0.5314989015460014,
0.9007392078638077,
0.6601645052433014,
2.6777613162994385,
1.276051253080368,
1.7037266492843628,
2.1098092198371887,
1.9729262590408325,
2.713204026222229,
2.1015995740890503,
1.0798333585262299,
1.7271165549755096,
0.7671328634023666,
2.5694531202316284,
1.7761775851249695,
0.7949473708868027,
2.256188243627548,
1.0692279040813446,
1.880268156528473,
1.8516238033771515,
1.1491341888904572,
1.1130595207214355,
1.8824420869350433,
2.791025936603546,
1.9123730063438416,
0.17233824357390404,
0.1610146276652813,
3.550160229206085,
0.7774819433689117,
0.43234191834926605,
0.8388686180114746,
3.283560276031494,
3.7391504645347595,
0.30157342553138733,
2.082400470972061,
1.389908790588379,
2.3620331287384033,
2.7527162432670593