0.89863163,
0.9335856,
0.93014073,
0.90553623,
0.9282962,
0.90139073,
0.9285819,
0.8985875,
0.98114145,
0.8760003,
0.88028044,
0.92385393,
0.9398584,
0.9018689,
0.8852044,
0.861533,
0.8825956,
0.9164779,
0.8698055,
0.8901872,
0.90573704,
0.86833555,
0.8373187,
0.9517069,
0.94388103,
0.9124098,
0.913365,
0.9076949,
0.77213913,
0.89733696,
0.91565186,
0.88256043,
0.95043993,
0.94038683,
0.89494383,
0.89484996,
0.9176124,
0.8608831,
0.9287767,
0.8893115,
0.91359866,
0.8820207,
0.8983212,
0.90632296,
0.88111955,
0.91378105,
0.92271125,
0.89481944,
0.9294776,
0.9136914,
0.9391078,
0.9055428,
0.8314884,
0.8828391,
0.92598575,
0.95126027,
0.89891243,
0.9445147,
0.8925983,
0.904574,
0.7913499,
0.9244339,
0.8880487,
0.9151287,
0.89046,
0.88158494,
0.8730154,
0.8911165,
0.9101938,
0.8724656,
0.8697311,
0.78415006,
0.8090137,
0.9172794,
0.8687205,
0.8701849,
0.78629565,
0.93240494,
0.8750923,
0.89707285,
0.9175255,
0.75188154,
0.8609934,
0.9088474,
0.9504967,
0.9266152,
0.9341851,
0.9287028,
0.92753094,
0.8775825,
0.8000677,
0.9069244,
0.8741018,
0.89947546,
0.74247855,
0.96252257,
0.88035494,
0.9486805,
0.7898894,
0.807698,
0.917123,
0.9809556,
0.9212212,
0.94886637,
0.89015037,
0.91861916,
0.9607983,
0.9332993,
0.9294785,
0.80510855,
0.90779006,
0.9165905,
0.9136753,
0.83338124,
0.88268906,
0.8429449,
0.869429,
0.8927691,
0.89629626,
0.93711865,
0.9313777,
0.83871865,
0.7485088,
0.89076245,
0.8318289,
0.9043506,
0.84368426,
0.9137694,
0.9250822,
0.8547501,
0.90390015,
0.8755706,
0.9167548,
0.8289091,
0.9044522,
0.9183338,
0.96727884,
0.8721823,
0.849515,
0.9059728,
0.9375643,
0.92536396,
0.90499276,
0.93974775,
0.90938187,
0.81216466,
0.8698732,
0.8255213,
0.8936664,
0.89281565,
0.9480045,
0.85198283,
0.9687587,
0.8667524,
0.91160285,
0.87804794,
0.8342211,
0.8242931,
0.8880836,
0.7658367,
0.8003342,
0.9113538,
0.93450403,
0.93764913,
0.9556423,
0.85076594,
0.9395907,
0.9327383,
0.81965697,
0.86955917,
0.8866454,
0.9291391,
0.9043592,
0.92934597,
0.9352617,
0.9111289,
0.92876804,
0.87053573,
0.9284684,
0.9298031,
0.9093284,
0.9094743,
0.8744579,
0.9420523,
0.93297637,
0.9133475,
0.91305864,
0.90596855,
0.84597576,
0.9105283,
0.8852727,
0.89956754,
0.9151254,
0.7921127,
0.90327567,
0.8888763,
0.9381763,
0.8822162,
0.8847429,
0.93487,
0.9250575,
0.8282948,
0.93345225,
0.79636115,
0.7742568,
0.89497143,
0.97033167,
0.9090233,
0.9422544,
0.9423983,
0.9034696,
0.91924876,
0.8899763,
0.8018203,
0.8657751,
0.85142887,
0.8231048,
0.9414675,
0.8940011,
0.90585405,
0.88262856,
0.9388891,
0.91541636,
0.86992335,
0.9098176,
0.89371157,
0.8120619,
0.823293,
0.9136226,
0.905971,
0.9270225,
0.81073296,
0.8798073,
0.8814825,
0.9091224,
0.85418093,
0.935932,
0.88837576,
0.863395,
0.9010962,
0.8834384,
0.9196237,
0.90256083,
0.8399579,
0.8867496,
0.87290883,
0.9415946,
0.95322025,
0.89513296,
0.889156,
0.8989511,
0.9156126,
0.89296126,
0.9100482,
0.829541,
0.890638,
0.887051,
0.9280097,
0.87661654,
0.8716767,
0.9125785,
0.9496652,
0.90144736,
0.79622716,
0.9488301,
0.9056355,
0.8151013,
0.8855135,
0.8987818,
0.9473185,
0.8125744,
0.89736325,
0.93420565,
0.9333382,
0.9007422,
0.8936782,
0.88837045,
0.95811456,
0.92494106,
0.9786938,
0.91174674,
0.9219544,
0.8277414,
0.83703214,
0.8142183,
0.92447096,
0.8765007,
0.9237758,
0.8792048,
0.879974,
0.90979517,
0.87596536,
0.9018719,
0.90874064,
0.91305953,
0.84316534,
0.9000906,
0.90628386,
0.8621158,
0.9392964,
0.9226004,
0.8183686,
0.92850965,
0.93190265,
0.90153587,
0.8558805,
0.8583021,
0.80507624,
0.91739637,
0.9183379,
0.8992691,
0.875191,
0.93371147,
0.88775593,
0.77869475,
0.8269262,
0.85774565,
0.9336351,
0.8224485,
0.87211555,
0.8472707,
0.8368504,
0.8243545,
0.90402335,
0.9119945,
0.95248634,
0.9728787,
0.85008466,
0.87155104,
0.9080843,
0.8879287,
0.9216344,
0.81469214,
0.9350871,
0.92994106,
0.9023327,
0.8193862,
0.77476764,
0.8893844,
0.9205563,
0.96851164,
0.8956591,
0.838642,
0.83788955,
0.895856,
0.9181082,
0.8979333,
0.9312947,
0.9047793,
0.9404087,
0.9155519,
0.947459,
0.9302181,
0.926415,
0.81047595,
0.8871955,
0.7709145,
0.9147662,
0.80517614,
0.9201085,
0.92580444,
0.90981317,
0.82499504,
0.8659247,
0.7596656,
0.8989803,
0.8987136,
0.927948,
0.94100887,
0.8628529,
0.93199515,
0.93535143,
0.88234866,
0.8779547,
0.9135046,
0.9193154,
0.8434722,
0.94993347,
0.8247441,
0.9197432,
0.9500744,
0.9246959,
0.7721158,
0.922874,
0.82988685,
0.9178756,
0.8716313,
0.83177996,
0.8533674,
0.88039035,
0.92344236,
0.8851747,
0.9302978,
0.91047776,
0.9042207,
0.820173,
0.9379589,
0.84755313,
0.78213084,
0.945216,
0.90271986,
0.91733325,
0.8640708,
0.94504046,
0.896543,
0.91258115,
0.892735,
0.89107376,
0.9124074,
0.9265359,
0.8797375,
0.9138998,
0.86925495,
0.9353817,
0.97105277,
0.8485861,
0.8451637,
0.7567522,
0.91689855,
0.864264,
0.916053,
0.93930155,
0.8133731,
0.91194105,
0.89999056,
0.8954043,
0.8336579,
0.9243547,
0.94320714,
0.85052294,
0.9099135,
0.81172836,
0.9056653,
0.8284951,
0.9283265,
0.7969905,
0.88315535,
0.8619549,
0.81053954,
0.88153994,
0.90100944,
0.9594556,
0.88165605,
0.90469944,
0.9480555,
0.8443403,
0.830515,
0.8695735,
0.89519227,
0.8944888,
0.92359954,
0.9136426,
0.9216293,
0.84923995,
0.8734624,
0.7814904,
0.88852656,
0.88011426,
0.90143317,
0.9189787,
0.8381364,
0.7928226,
0.87577176,
0.79627717,
0.928242,
0.94826734,
0.9263536,
0.8905274,
0.84003204,
0.86109024,
0.8715864,
0.96159124,
0.9795601,
0.92077076,
0.8582518,
0.8925801,
0.89485765,
0.92342204,
0.8559633,
0.925607,
0.87284875,
0.8948163,
0.9206964,
0.89289844,
0.95596164,
0.94496936,
0.87125236,
0.9599712,
0.9439692,
0.900675,
0.86031014,
0.937987,
0.90907407,
0.9510501,
0.9072496,
0.9003823,
0.8468489,
0.9631688,
0.89440125,
0.90421385,
0.89694244,
0.9295047,
0.9860954,
0.9033657,
0.73290235,
0.81101793,
0.8724995,
0.90703255,
0.76811844,
0.937934,
0.9172368,
0.8744926,
0.8447301,
0.82186776,
0.929146,
0.9088945,
0.9011438,
0.9382834,
0.89566916,
0.90316427,
0.86914545,
0.908529,
0.87820137,
0.8451705,
0.8621084,
0.879291,
0.8173521,
0.87637043,
0.95230484,
0.8716178,
0.9507811,
0.9090839,
0.9145667,
0.9103769,
0.9143535,
0.87785095,
0.807167,
0.9036197,
0.87672114,
0.8268443,
0.95243126,
0.890743,
0.93501157,
0.87346464,
0.90150887,
0.9126651,
0.89353245,
0.84975255,
0.8781927,
0.9225717,
0.8925481,
0.93256354,
0.9103399,
0.8882708,
0.9296233,
0.9147667,
0.87931436,
0.87639433,
0.8767075,
0.8896992,
0.839414,
0.86999476,
0.89837307,
0.8516448,
0.88319105,
0.7340394,
0.85779095,
0.9208562,
0.9679358,
0.86108065,
0.9155891,
0.8895516,
0.89202595,
0.9243248,
0.8423274,
0.96440655,
0.8887222,
0.9138593,
0.90873116,
0.8631427,
0.90444535,
0.8881974,
0.93966454,
0.83074504,
0.8701735,
0.78310376,
0.9140761,
0.91707504,
0.9392302,
0.8127802,
0.8703819,
0.9119819,
0.903214,
0.9256677,
0.9234906,
0.82657343,
0.9317634,
0.88000035,
0.8217289,
0.92113674,
0.9475067,
0.8952042,
0.8889694,
0.87315565,
0.9169435,
0.90967816,
0.8513848,
0.86779755,
0.9107953,
0.88447285,
0.91773486,
0.80279636,
0.9451629,
0.92300665,
0.93947864,
0.8942546,
0.93034405,
0.9062919,
0.90024406,
0.84372413,
0.93951464,
0.97069955,
0.87672544,
0.9053773,
0.8852661,
0.88532436,
0.90004647,
0.88866276,
0.9071544,
0.8218202,
0.91842985,
0.7894532,
0.91606724,
0.9356252,
0.8789213,
0.7821567,
0.893756,
0.93925416,
0.9263051,
0.9158319,
0.90068424,
0.90145487,
0.8972451,
0.84669876,
0.92279893,
0.94023705,
0.80540437,
0.8167368,
0.924263,
0.8246163,
0.9035908,
0.9265396,
0.9390367,
0.82572424,
0.9065768,
0.9166021,
0.91899866,
0.9412267,
0.92268836,
0.8352976,
0.89219743,
0.8616382,
0.8600048,
0.8875475,
0.9034357,
0.8462615,
0.91920686,
0.8242903,
0.9216187,
0.86520004,
0.9501182,
0.880377,
0.9298532,
0.90307087,
0.90181386,
0.93970555,
0.85153186,
0.85845083,
0.94899106,
0.86861837,
0.89899075,
0.89344835,
0.8441589,
0.93495184,
0.9503167,
0.9288067,
0.9047432,
0.95856214,
0.8942524,
0.9184829,
0.9066781,
0.9211179,
0.87536925,
0.88119036,
0.90881056,
0.8608413,
0.941987,
0.889272,
0.9164853,
0.9153973,
0.83238,
0.9070412,
0.7686924,
0.9005252,
0.9407364,
0.91262597,
0.88693917,
0.9252428,
0.8877702,
0.8584523,
0.88699096,
0.90115064,
0.9115621,
0.78776634,
0.9180282,
0.9025127,
0.9544759,
0.884005,
0.8865679,
0.96159124,
0.9084577,
0.88298637,
0.8819705,
0.95288104,
0.95496047,
0.9257036,
0.8830253,
0.87603426,
0.9353229,
0.9314703,
0.8780601,
0.92702365,
0.88157034,
0.9178935,
0.87623996,
0.9340251,
0.8016836,
0.82052207,
0.76427287,
0.8714731,
0.81452936,
0.8990146,
0.9008171,
0.9533338,
0.9363862,
0.9258278,
0.87333095,
0.89016116,
0.88495225,
0.9498868,
0.8222462,
0.83928347,
0.8721898,
0.9162762,
0.9860954,
0.86614174,
0.9171244,
0.9043592,
0.95478547,
0.95183283,
0.80422086,
0.89043576,
0.9398424,
0.9083514,
0.8700341,
0.89676625,
0.91988754,
0.7699352,
0.89126873,
0.9152914,
0.77312815,
0.8038809,
0.9541157,
0.78959703,
0.73490554,
0.8937492,
0.9272031,
0.9299818,
0.88322926,
0.93080646,
0.8921285,
0.75608796,
0.88266957,
0.84588486,
0.93187416,
0.8694687,
0.790932,
0.93949527,
0.8870192,
0.9609867,
0.929399,
0.95695007,
0.8773839,
0.9244011,
0.81457645,
0.8878989,
0.92549354,
0.8823337,
0.91753143,
0.84880537,
0.92381465,
0.93352276,
0.89660233,
0.89748615,
0.8755312,
0.9363274,
0.9228167,
0.83580345,
0.90764314,
0.7797773,
0.91928864,
0.9459946,
0.89853793,
0.9360377,
0.8932972,
0.9454715,
0.868128,
0.9150441,
0.85980785,
0.77784014,
0.83959854,
0.85259384,
0.89870787,
0.9220224,
0.88294816,
0.93696314,
0.9222785,
0.9165067,
0.9342908,
0.8992301,
0.8107181,
0.8573197,
0.93351585,
0.85429764,
0.91444236,
0.8866914,
0.88698363,
0.913906,
0.8378427,
0.86829174,
0.8467653,
0.94520426,
0.9041966,
0.89806414,
0.9046694,
0.89524245,
0.9176502,
0.86844236,
0.89488876,
0.9649887,
0.7799379,
0.9033165,
0.9323313,
0.9310059,
0.8569717,
0.95212126,
0.8858715,
0.9031726,
0.88404536,
0.90792966,
0.8931853,
0.8705437,
0.9428357,
0.8808553,
0.92485386,
0.9182007,
0.9385679,
0.9097649,
0.93935496,
0.853666,
0.8859338,
0.81674975,
0.9399767,
0.82921135,
0.81421053,
0.92813987,
0.85220313,
0.95528764,
0.9402466,
0.9275206,
0.9493255,
0.8768913,
0.88399065,
0.92167944,
0.94614005,
0.9074547,
0.9007347,
0.962176,
0.91508424,
0.8924507,
0.86301947,
0.82329714,
0.8289116,
0.85045207,
0.886997,
0.92291963,
0.87146854,
0.85806465,
0.93164265,
0.90830094,
0.7898648,
0.8161227,
0.8428523,
0.9651236,
0.8163343,
0.8182669,
0.9698229,
0.90379536,
0.96443826,
0.9599983,
0.9105998,
0.73929363,
0.89824915,
0.9528979,
0.93229735,
0.83671284,
0.8355928,
0.93217057,
0.8110204,
0.8315745,
0.8713498,
0.7826635,
0.8559982,
0.8523783,
0.91196305,
0.96411383,
0.89126736,
0.8336545,
0.8713628,
0.8086843,
0.87431693,
0.9679358,
0.84470814,
0.87158704,
0.79833066,
0.88403666,
0.8624118,
0.9070257,
0.92733395,
0.85944325,
0.8836813,
0.8979236,
0.8874195,
0.8307244,
0.85292226,
0.87746954,
0.87161946,
0.8830253,
0.82403404,
0.90267664,
0.93768203,
0.9359156,
0.9051289,
0.93231684,
0.8925868,
0.9500245,
0.9326914,
0.89912856,
0.9689847,
0.83517414,
0.9362073,
0.8698528,
0.7792883,
0.8961471,
0.9333474,
0.92581207,
0.88430506,
0.87479067,
0.83586335,
0.92511046,
0.938963,
0.96430826,
0.9029943,
0.8965353,
0.8646828,
0.87844115,
0.9448631,
0.8580377,
0.8817076,
0.9021995,
0.8852299,
0.9343748,
0.89817196,
0.83224,
0.90356374,
0.9323528,
0.91567016,
0.930455,
0.923516,
0.93327403,
0.9034366,
0.79366976,
0.916135,
0.89964896,
0.8717586,
0.914656,
0.89413404,
0.9301942,
0.85677093,
0.9120929,
0.8359097,
0.937309,
0.8318265,
0.922174,
0.94558316,
0.8992057,
0.9125852,
0.8945145,
0.9156668,
0.89275765,
0.8056103,
0.9110917,
0.92216617,
0.835631,
0.86406577,
0.9074255,
0.90811354,
0.93743265,
0.9215405,
0.8243964,
0.9078352,
0.9286716,
0.93972075,
0.8147773,
0.9144633,
0.9368116,
0.8816471,
0.78088397,
0.8874129,
0.91929275,
0.8298467,
0.95052075,
0.8779818,
0.92664266,
0.91035694,
0.89096975,
0.88448834,
0.959564,
0.8973791,
0.8213302,
0.8783101,
0.8294036,
0.7846482,
0.84116256,
0.7392264,
0.92507315,
0.9279158,
0.87474066,
0.85358685,
0.78004324,
0.92250246,
0.9094689,
0.8405006,
0.9703449,
0.8749596,
0.9188924,
0.88012916,
0.90807146,
0.8245615,
0.9074653,
0.9486805,
0.9581589,
0.8645176,
0.9122651,
0.89714694,
0.8028016,
0.9222532,
0.92183995,
0.9413394,
0.8965069,
0.90139407,
0.8786549,
0.92580533,
0.85652626,
0.9515431,
0.8534202,
0.91849977,
0.8867782,
0.81768554,
0.87456113,
0.83582306,
0.920802,
0.88283783,
0.9208503,
0.8504277,
0.8649665,
0.83709425,
0.94382334,
0.91628057,
0.8846483,
0.9074449,
0.96877587,
0.9474047,
0.8192755,
0.8571063,
0.7970517,
0.88871133,
0.95126003,
0.9354184,
0.8657553,
0.89876515,
0.85590553,
0.89264506,
0.9235563,
0.87915045,
0.90848994,
0.9028072,
0.87962663,
0.8591511,
0.8236789,
0.9046784,
0.8334127,
0.9484115,
0.93651986,
0.8623594,
0.86373055,
0.8736141,
0.9141986,
0.93102974,
0.7753292,
0.90415615,
0.8381673,
0.874367,
0.9049438,
0.9310076,
0.82309914,
0.9160729,
0.8935735,
0.92840105,
0.83542734,
0.8031237,
0.8358619,
0.91775036,
0.9152204,
0.9101741,
0.8343962,
0.95148724,
0.83785856,
0.928941,
0.93334055,
0.7213828,
0.8971069,
0.86872166,
0.9349311,
0.84752244,
0.8996771,
0.9031827,
0.9507625,
0.9484419,
0.90449333,
0.9235482,
0.96707296,
0.88089085,
0.9091222,
0.86073977,
0.90788925,
0.96229696,
0.8479313,
0.8330433,
0.9230208,
0.92144656,
0.94616216,
0.9449298,
0.8491502,
0.8962547,
0.86811316,
0.93860704,
0.77071273,
0.8987524,
0.9261445,
0.8098295,
0.92143565,
0.9326168,
0.8604568,
0.93008274,
0.8980199,
0.919127,
0.9670717,
0.92961717,
0.87250423,
0.9253394,
0.9753656,
0.8585945,
0.8580756,
0.8016789,
0.92700136,
0.84137464,
0.9312204,
0.8954829,
0.87415886,
0.884871,
0.79732543,
0.9056297,
0.9130381,
0.8447286,
0.8438801,
0.94352186,
0.9134521,
0.9326068,
0.9445671,
0.9176294,
0.9219522,
0.88493264,
0.8558075,
0.8146024,
0.90129125,
0.8661528,
0.87682265,
0.91237825,
0.9148819,
0.8250332,
0.9444889,
0.9067019,
0.93226475,
0.955855,
0.8736844,
0.88884836,
0.9135785,
0.95632416,
0.88317174,
0.8389721,
0.838877,
0.8647916,
0.9120574,
0.816507,
0.81410295,
0.9243849,
0.90752494,
0.90816444,
0.9120699,
0.9005257,
0.88003707,
0.8923117,
0.9388891,
0.9072565,
0.9364702,
0.87327415,
0.9182674,
0.9095116,
0.9176208,
0.822455,
0.8521821,
0.80501896,
0.8581382,
0.90941495,
0.80291444,
0.8247156,
0.9014551,
0.96961236,
0.90456533,
0.92643595,
0.9407273,
0.94141144,
0.87423813,
0.9398678,
0.90769434,
0.9031774,
0.9406126,
0.913091,
0.94334334,
0.9242613,
0.88106483,
0.89196026,
0.9370455,
0.88780016,
0.8722868,
0.8773839,
0.9367096,
0.90515757,
0.90391004,
0.93654007,
0.9169118,
0.8901564,
0.8566633,
0.92003965,
0.8714736,
0.90930015,
0.92182297,
0.858931,
0.8864272,
0.8718252,
0.86898434,
0.78655845,
0.9078897,
0.9036555,
0.943346,
0.9051772,
0.9272665,
0.9081206,
0.8569251,
0.76541984,
0.8415985,
0.91655356,
0.93454856,
0.9742867,
0.90726453,
0.9018683,
0.93582463,
0.9234684,
0.9180247,
0.9786144,
0.9129625,
0.8572379,
0.89044183,
0.88620716,
0.86354077,
0.83152676,
0.9133056,
0.8844196,
0.9085804,
0.9270706,
0.83037007,
0.90152436,
0.91864324,
0.92929345,
0.86487526,
0.8752563,
0.8474807,
0.89615583,
0.91009647,
0.852737,
0.929493,
0.9131172,
0.9039007,
0.94160783,
0.9294652,
0.80765367,
0.90181816,
0.9364595,
0.92305124,
0.921044,
0.8478674,
0.9377756,
0.9230861,
0.90563256,
0.7928848,
0.79946375,
0.8665609,
0.8838029,
0.8680243,
0.89805806,
0.9147948,
0.887217,
0.9399473,
0.9086973,
0.94463277,
0.89914024,
0.94090664,
0.86905736,
0.9218941,
0.8805201,
0.8896341,
0.8964426,
0.9022128,
0.8993436,
0.8972631,
0.8857109,
0.9261908,
0.9303606,
0.89196277,
0.87918293,
0.8271396,
0.91786516,
0.80370814,
0.9229473,
0.90059865,
0.9578808,
0.90715814,
0.91733325,
0.9305752,
0.93414223,
0.947495,
0.9082889,
0.9720852,
0.8258232,
0.91045964,
0.8951787,
0.859755,
0.9402539,
0.88347733,
0.8450153,
0.90256137,
0.9028429,
0.8775252,
0.8362917,
0.91059846,
0.9216007,
0.8554791,
0.84479266,
0.94460523,
0.9061922,
0.8254782,
0.9236125,
0.946517,
0.92962813,
0.8921897,
0.8890129,
0.93764454,
0.9721271,
0.8915681,
0.73770416,
0.81510335,
0.90533215,
0.85124254,
0.88565195,
0.8874127,
0.889159,
0.7721655,
0.93109703,
0.9108058,
0.8380443,
0.90582657,
0.8885303,
0.87682456,
0.9002234,
0.93857336,
0.8866455,
0.88396543,
0.808609,
0.93691456,
0.91406333,
0.9264851,
0.8991476,
0.8326719,
0.8717537,
0.909555,
0.908123,
0.92148376,
0.86983883,
0.8970293,
0.85497487,
0.873858,
0.8565757,
0.87018543,
0.8908972,
0.8272808,
0.87911886,
0.9187049,
0.8848183,
0.9620284,
0.8715551,
0.985164,
0.7751221,
0.9021928,
0.8000443,
0.9036352,
0.8949613,
0.86511713,
0.9254579,
0.9586996,
0.88847655,
0.8284063,
0.8457182,
0.917625,
0.9507642,
0.8688243,
0.91287297,
0.92631376,
0.9034342,
0.93030626,
0.87858945,
0.8795327,
0.86916274,
0.8992123,
0.8627117,
0.8413112,
0.90737754,
0.9082674,
0.90724653,
0.8364996,
0.9530379,
0.90147316,
0.7900485,
0.8743216,
0.8295974,
0.90221137,
0.8375564,
0.8550548,
0.9098208,
0.92401874,
0.9440918,
0.87880605,
0.9082842,
0.92653745,
0.86897975,
0.72223544,
0.8470282,
0.85680014,
0.92132473,
0.8861785,
0.82742363,
0.7358814,
0.9283793,
0.88932997,
0.8292318,
0.91680807,
0.90790355,
0.7807991,
0.871025,
0.8365645,
0.8668158,
0.8673106,
0.85683966,
0.8991391,
0.90586567,
0.89812565,
0.9713285,
0.8479573,
0.9193179,
0.9052391,
0.90349174,
0.7903629,
0.86411786,
0.92129016,
0.8390091,
0.9338256,
0.8686204,
0.94181097,
0.94211245,
0.9163591,
0.8230596,
0.8961431,
0.8344533,
0.9262353,
0.9096015,
0.8511975,
0.89137584,
0.97541326,
0.9349476,
0.9020415,
0.8862126,
0.9010185,
0.9618238,
0.81962043,
0.8543496,
0.8758858,
0.893793,
0.97222656,
0.8689787,
0.90360457,
0.86405545,
0.9396897,
0.8064337,
0.8327087,
0.87175846,
0.91872597,
0.9261976,
0.94663095,
0.8175089,
0.9338845,
0.7692132,
0.90374005,
0.8886433,
0.91920304