2.6504215598106384,
3.004629909992218,
2.7424773573875427,
0.9350597113370895,
4.493970572948456,
2.718568742275238,
4.160230755805969,
1.6064611077308655,
4.718044698238373,
2.6423946022987366,
2.448098510503769,
2.7462610602378845,
2.5320833921432495,
2.1409080922603607,
2.9434120655059814,
1.6572833061218262,
3.0336010456085205,
3.6999863386154175,
1.4062659442424774,
3.004330098628998,
1.6953308880329132,
1.6310101747512817,
2.1997149288654327,
4.661765396595001,
4.495160281658173,
2.409040182828903,
1.1786062270402908,
2.94944167137146,
1.0537205636501312,
1.5551818907260895,
3.3624809980392456,
2.214432507753372,
4.1668590903282166,
2.5985187292099,
2.1750526130199432,
2.7659183740615845,
1.8004323542118073,
0.774388313293457,
2.971581220626831,
1.385076642036438,
3.736640214920044,
1.2568819522857666,
0.9698767215013504,
1.4124444127082825,
1.1170347034931183,
1.0031335800886154,
0.8698341995477676,
2.72423654794693,
3.3594730496406555,
2.7967649698257446,
2.7399984002113342,
1.7355655133724213,
1.259705126285553,
2.7200785279273987,
3.5766100883483887,
4.2985594272613525,
2.708275020122528,
3.2871517539024353,
1.7939239740371704,
2.26722314953804,
2.087564170360565,
3.868758976459503,
1.0830055922269821,
3.9579743146896362,
2.404722422361374,
1.3048511743545532,
1.3406948745250702,
1.8511766195297241,
1.1274386197328568,
2.375635802745819,
2.616085708141327,
1.298854798078537,
1.6541823744773865,
1.7401279509067535,
0.8113842457532883,
2.914644479751587,
2.753649652004242,
1.6669796407222748,
1.0905726253986359,
2.307579070329666,
3.1931549310684204,
1.5122663974761963,
1.60583034157753,
4.134773313999176,
3.7687858939170837,
2.515462040901184,
2.5743597745895386,
3.5309144854545593,
3.142824172973633,
2.2210976481437683,
2.3492220044136047,
2.841002941131592,
3.0720293521881104,
3.252585232257843,
0.7344266772270203,
4.645549654960632,
2.256690114736557,
3.544146418571472,
0.9082141518592834,
2.28784903883934,
3.809434473514557,
4.0650674700737,
1.56487837433815,
3.899720311164856,
1.5404269099235535,
2.1125951409339905,
3.692416250705719,
3.8088256120681763,
1.9242192804813385,
1.5611772239208221,
2.331239730119705,
4.056321680545807,
0.816037505865097,
1.8493804335594177,
1.6152246296405792,
2.1825648844242096,
2.1827010810375214,
2.163466215133667,
3.0339324474334717,
4.0977561473846436,
3.473976254463196,
1.9107215106487274,
1.1657889187335968,
2.755984663963318,
1.798023283481598,
2.2041326761245728,
1.6620451211929321,
2.4307094514369965,
4.171976745128632,
1.7175641655921936,
1.2785914540290833,
1.7891928553581238,
3.138984739780426,
1.083502471446991,
4.0223658084869385,
3.206862509250641,
3.2291504740715027,
1.2607546150684357,
0.5103415623307228,
3.375994861125946,
2.989293932914734,
1.8097002804279327,
1.8477347493171692,
4.536794424057007,
3.1330248713493347,
2.311162054538727,
1.0457228869199753,
1.445578932762146,
4.023120105266571,
2.8478121757507324,
3.6230435967445374,
2.300207018852234,
4.113687574863434,
1.2306273728609085,
2.10124671459198,
1.5392781794071198,
1.5759603679180145,
2.0195962488651276,
2.2580716013908386,
2.721349596977234,
2.1582259237766266,
2.93090283870697,
3.680058717727661,
2.996225357055664,
4.381215274333954,
1.260102242231369,
3.5422518849372864,
2.2987523674964905,
1.0377690941095352,
1.8199217319488525,
1.780172735452652,
3.1685861945152283,
2.970239520072937,
3.760276138782501,
4.099725186824799,
3.1181269884109497,
3.7089991569519043,
2.6342102885246277,
4.101175665855408,
4.2948949337005615,
2.2669048607349396,
3.544653058052063,
1.6434383392333984,
4.322625696659088,
3.654909133911133,
0.9277113527059555,
2.9356732964515686,
3.330634832382202,
1.2554267048835754,
3.1160497665405273,
1.9465968012809753,
1.1768405884504318,
3.388359248638153,
1.4882643520832062,
1.9154272973537445,
2.161076068878174,
3.3573147654533386,
2.5346678495407104,
1.0921061038970947,
3.439115881919861,
3.8677817583084106,
1.6640649735927582,
2.9300564527511597,
3.1418076157569885,
2.185294032096863,
2.34879270195961,
4.575696289539337,
1.9322462379932404,
3.9393138885498047,
3.8382163643836975,
2.8744179010391235,
1.0691767930984497,
3.390858769416809,
1.6746540367603302,
2.2234268486499786,
3.53767067193985,
0.9959645569324493,
3.2399266958236694,
2.2181005775928497,
3.389500677585602,
2.3317934572696686,
4.2026108503341675,
2.425449788570404,
1.715729534626007,
3.925037384033203,
2.4151763319969177,
0.9636866301298141,
1.5628820657730103,
2.8848958015441895,
2.854563295841217,
2.6632919907569885,
1.0825835913419724,
0.9824142605066299,
2.690191864967346,
2.4256668984889984,
2.510800063610077,
1.1216295510530472,
1.2160789966583252,
1.3314630091190338,
1.4922703802585602,
1.3297758996486664,
2.4552884697914124,
1.6449129581451416,
2.384798526763916,
2.7229541540145874,
2.006383091211319,
2.1096456050872803,
3.608829081058502,
1.6771873831748962,
2.6762962341308594,
0.5321244150400162,
3.9184048771858215,
2.3341496288776398,
3.5838553309440613,
1.7667794227600098,
3.32324355840683,
1.8052493035793304,
2.6151248812675476,
3.4351837635040283,
1.705280840396881,
2.326800674200058,
3.891412913799286,
1.1319880932569504,
1.55830517411232,
4.218097031116486,
2.188247889280319,
1.2390513718128204,
1.797107607126236,
2.08350732922554,
2.4243852496147156,
1.259906142950058,
2.431570589542389,
3.9341777563095093,
2.081279009580612,
1.5132269263267517,
1.7300041019916534,
3.1722205877304077,
2.828335762023926,
1.9363363087177277,
4.750223159790039,
3.122357130050659,
2.0716431736946106,
1.5044154226779938,
2.285156399011612,
2.028951942920685,
0.6832659989595413,
1.1219049245119095,
2.679491639137268,
1.7310018837451935,
2.104339599609375,
3.24534147977829,
4.04265820980072,
2.731395661830902,
2.342931777238846,
1.979949176311493,
1.2862193584442139,
1.6665151715278625,
2.1414899826049805,
0.9525855630636215,
4.205832481384277,
3.983367383480072,
2.618425488471985,
3.56404572725296,
3.039270341396332,
2.0915894210338593,
1.766486018896103,
1.573997288942337,
2.00335294008255,
3.031041920185089,
4.0563371777534485,
3.8848498463630676,
2.3974214494228363,
4.321808815002441,
0.8780594170093536,
1.136498674750328,
1.8580922484397888,
3.4210658073425293,
2.888992130756378,
1.2547481060028076,
3.08501660823822,
2.821286916732788,
1.8815189599990845,
1.6746196150779724,
3.6532917618751526,
0.7273227721452713,
3.2837119698524475,
4.202184975147247,
2.0393864810466766,
2.007005214691162,
3.3311715722084045,
3.121073842048645,
3.259565830230713,
1.2829811871051788,
4.136858880519867,
3.145616352558136,
3.7395724654197693,
1.8487495183944702,
1.4876919984817505,
0.987156555056572,
3.2117846608161926,
3.3322396874427795,
2.336200326681137,
2.2051508724689484,
1.3977983593940735,
1.6138148307800293,
2.9001402854919434,
2.3188643157482147,
3.0463162064552307,
3.3339086174964905,
4.077041447162628,
1.9567486643791199,
3.420199751853943,
3.445586860179901,
3.5827982425689697,
1.924986094236374,
3.4464746713638306,
1.7710092663764954,
2.3812928795814514,
1.851707100868225,
3.6974474787712097,
2.9462644457817078,
2.708003520965576,
1.3625775277614594,
1.2063337862491608,
-0.13184462673962116,
2.3147228360176086,
1.3134194910526276,
1.1383966356515884,
2.6153284311294556,
2.065083384513855,
2.521406412124634,
3.626723885536194,
3.388010561466217,
1.1231806874275208,
2.92742520570755,
3.0180901288986206,
3.3222290873527527,
2.7351340651512146,
1.460280865430832,
2.445365786552429,
3.7401121854782104,
2.391958087682724,
2.3021788895130157,
1.7660845816135406,
0.8416740596294403,
2.2209101915359497,
2.3564615845680237,
1.192428544163704,
1.3287831842899323,
2.066737711429596,
3.0662018060684204,
1.8611866235733032,
3.5166993737220764,
1.7197270691394806,
1.5735171735286713,
2.905932068824768,
3.5843223333358765,
1.249762699007988,
1.4645060896873474,
4.3788716197013855,
2.3494142293930054,
2.5253239274024963,
2.213837206363678,
3.533545136451721,
2.750026285648346,
2.24791020154953,
1.5390284359455109,
3.5721147060394287,
3.0332544445991516,
3.5928627848625183,
1.9332024455070496,
1.7480990290641785,
1.573026329278946,
1.441132128238678,
3.547658324241638,
1.3401447236537933,
2.6819396018981934,
1.5784943103790283,
3.206672966480255,
2.4299293756484985,
3.409743905067444,
2.215583920478821,
1.322988122701645,
3.2042020559310913,
2.4634525179862976,
2.5263607501983643,
1.8110811710357666,
3.0516424775123596,
3.1529930233955383,
1.0905061662197113,
3.5730257630348206,
2.410111278295517,
3.2685810327529907,
2.2107093036174774,
3.269077241420746,
1.9574524462223053,
2.7874556183815002,
2.1304282546043396,
2.111411541700363,
1.6005891561508179,
1.4977869391441345,
4.571168422698975,
2.972085177898407,
4.600584805011749,
4.054145812988281,
1.4763031899929047,
0.9932510554790497,
2.093328684568405,
3.428027927875519,
1.5483857691287994,
2.6756712794303894,
2.1287621557712555,
3.984990417957306,
1.2565803527832031,
1.4989839494228363,
1.076475903391838,
0.25548044592142105,
2.18456968665123,
1.3525976240634918,
2.2922690212726593,
1.0691791027784348,
2.1954654157161713,
1.4080874621868134,
1.4292068779468536,
3.1884047389030457,
3.7197616696357727,
2.7725446224212646,
2.930949628353119,
2.4012982845306396,
2.4446754157543182,
1.4291806519031525,
4.1659048199653625,
4.559279680252075,
3.777649700641632,
1.5378588438034058,
2.9243099689483643,
2.9517999291419983,
1.8895651400089264,
2.487786114215851,
3.182925283908844,
0.35928960889577866,
3.388153612613678,
3.8108810782432556,
3.4437480568885803,
2.235650271177292,
4.414013922214508,
3.1754210591316223,
4.134523272514343,
4.040066599845886,
3.285090923309326,
3.5172420740127563,
4.096178412437439,
2.6831531524658203,
3.810495436191559,
1.2555937469005585,
2.720927596092224,
1.0265347361564636,
4.291364252567291,
2.631712555885315,
2.41860568523407,
2.1414442360401154,
3.321075439453125,
4.667477905750275,
1.0071814805269241,
1.62319615483284,
1.9944247603416443,
3.550838828086853,
3.8626399636268616,
1.2410026043653488,
3.925764560699463,
3.118537664413452,
0.7609488815069199,
1.3385877013206482,
1.3345405459403992,
1.2650704383850098,
1.763203889131546,
3.389541506767273,
2.0163024961948395,
1.891302913427353,
3.0133700370788574,
3.2051149010658264,
1.5852934122085571,
1.8630674481391907,
2.138766497373581,
2.250213176012039,
2.4911366403102875,
1.5725457668304443,
2.2073888778686523,
3.4505844116210938,
1.0599435120821,
3.8687431812286377,
1.4674384891986847,
1.3980965316295624,
2.1442635357379913,
2.4916385114192963,
1.3738256692886353,
3.63776296377182,
2.3494625091552734,
1.4538812637329102,
1.5284213423728943,
4.101687371730804,
0.9108725935220718,
3.057500720024109,
1.322619915008545,
3.3711987733840942,
3.210848569869995,
3.6720824241638184,
1.4242753386497498,
2.90755957365036,
2.964963912963867,
2.2572579979896545,
3.395680785179138,
3.196241557598114,
1.6969217360019684,
3.1278520822525024,
3.7192940711975098,
0.796385258436203,
3.594520688056946,
2.0993472635746,
1.7647816240787506,
1.9024379551410675,
2.531883120536804,
1.727600246667862,
1.7474733293056488,
0.6240851804614067,
1.5723323822021484,
1.2379197031259537,
3.2120415568351746,
4.6353840827941895,
2.224123626947403,
2.548336386680603,
3.4828856587409973,
3.3370259404182434,
2.8326043486595154,
2.792770564556122,
2.5822368264198303,
3.262431025505066,
3.0044376850128174,
3.9483150839805603,
2.001170963048935,
3.325902223587036,
1.1842651665210724,
4.06247615814209,
0.32730579376220703,
1.9739338755607605,
2.2808536887168884,
3.639640212059021,
3.680512309074402,
3.242480158805847,
1.654668003320694,
2.310885041952133,
2.081807404756546,
2.6133522391319275,
3.0858612060546875,
3.1656894087791443,
2.259727120399475,
3.6629635095596313,
0.9962518513202667,
2.157769203186035,
1.6285231709480286,
4.001867771148682,
2.5505462288856506,
2.297627329826355,
3.3862224221229553,
3.2809805870056152,
1.2213833630084991,
2.034073919057846,
1.7846891283988953,
4.198887050151825,
2.6061254739761353,
2.3872853815555573,
2.046506851911545,
4.011198878288269,
3.893977105617523,
4.062439203262329,
1.7614872753620148,
2.7352431416511536,
2.986653447151184,
1.8089878559112549,
2.0148207247257233,
3.9938482642173767,
4.225631058216095,
2.530287802219391,
3.900361955165863,
1.8609994649887085,
2.2439606487751007,
3.6976778507232666,
2.604309320449829,
2.3698976635932922,
1.797076016664505,
1.6131606698036194,
2.1296925842761993,
4.285493791103363,
3.9203423261642456,
3.0616936087608337,
0.8861531317234039,
2.074965089559555,
3.7445148825645447,
2.016579955816269,
1.8839943408966064,
1.8929514288902283,
2.118026912212372,
1.1673914641141891,
2.306848168373108,
2.275145649909973,
4.646588861942291,
0.7469264417886734,
1.3703146576881409,
2.190621942281723,
1.6569042205810547,
2.163299024105072,
2.7930811047554016,
2.4263320863246918,
1.8180947005748749,
3.149491250514984,
2.817659080028534,
2.4094311892986298,
3.9206400513648987,
2.1353575587272644,
2.8867143392562866,
2.569693624973297,
2.7688461542129517,
0.3726590797305107,
1.3347744941711426,
1.5712761878967285,
0.9951074421405792,
1.057252362370491,
0.7407234609127045,
1.703505516052246,
3.3994701504707336,
3.031284213066101,
1.8142107129096985,
3.6863306164741516,
2.1673718094825745,
2.56083220243454,
2.573019564151764,
2.0754407346248627,
1.8234169483184814,
4.02461439371109,
1.7907801270484924,
2.3170746862888336,
2.4359607696533203,
0.031437266152352095,
2.4161778390407562,
3.641858398914337,
2.558124363422394,
3.0328065156936646,
4.238971471786499,
4.110063314437866,
3.8543376326560974,
2.0557937026023865,
2.9660406708717346,
2.196092903614044,
0.838085412979126,
0.44369664043188095,
2.840786874294281,
3.9529192447662354,
0.7322151213884354,
2.0561514794826508,
2.194056808948517,
2.7482417225837708,
2.1613596379756927,
2.074776589870453,
2.7454036474227905,
2.964012324810028,
2.1837373077869415,
2.93014258146286,
2.943536341190338,
1.0139589756727219,
1.3932481408119202,
1.598893254995346,
0.5421695858240128,
2.3176410794258118,
1.4482133090496063,
3.364076316356659,
3.4911352396011353,
3.7412029504776,
1.423468291759491,
3.2670602202415466,
4.1659048199653625,
3.425321578979492,
2.8538766503334045,
2.767399251461029,
2.9629456996917725,
3.262038230895996,
2.755725085735321,
2.316126823425293,
3.0692344903945923,
0.9860106557607651,
3.8172468543052673,
2.7248623967170715,
2.1590912342071533,
1.2024931609630585,
2.4791786074638367,
1.6627296805381775,
3.6906784772872925,
2.959432601928711,
1.8017533421516418,
1.4833314716815948,
2.6130232214927673,
1.666836440563202,
0.8417241275310516,
1.8926575779914856,
2.5715917348861694,
2.7130839228630066,
1.157972291111946,
1.4126136898994446,
2.0896248519420624,
2.0176757872104645,
3.8595202565193176,
1.5852710604667664,
2.2010184824466705,
1.8931251764297485,
3.0019518733024597,
4.667477905750275,
1.728341430425644,
2.694144546985626,
2.970239520072937,
2.9160523414611816,
3.5140493512153625,
1.0769311338663101,
1.4352263510227203,
2.5456538796424866,
2.435103952884674,
2.9041093587875366,
2.5281527638435364,
1.9410473108291626,
1.226833313703537,
1.9811712205410004,
3.094881772994995,
1.2515433132648468,
1.0554162412881851,
4.627231061458588,
1.344410479068756,
0.30280351638793945,
2.703423798084259,
1.7012919485569,
4.1130053997039795,
1.3358986377716064,
3.3809393644332886,
1.9829486310482025,
1.5015141665935516,
1.7528368532657623,
1.3359956443309784,
2.4170540273189545,
2.050669491291046,
1.71925887465477,
3.266703188419342,
3.3867573738098145,
3.6181986331939697,
3.504088819026947,
3.7048527598381042,
4.00709331035614,
0.9424544870853424,
0.5237438902258873,
3.192934989929199,
2.476363033056259,
1.0940584540367126,
1.4120468497276306,
0.873270183801651,
3.039172887802124,
2.1182869374752045,
2.5918757915496826,
3.0110692977905273,
3.128434121608734,
3.056817948818207,
3.148234486579895,
1.581547111272812,
2.7330049872398376,
1.86338409781456,
3.0743667483329773,
2.004583477973938,
1.0744158923625946,
4.2178210616111755,
2.42360383272171,
3.6062246561050415,
0.8951937407255173,
2.6470541954040527,
1.07086680829525,
1.150914579629898,
1.2918782234191895,
0.876406729221344,
1.9506466388702393,
2.4815843999385834,
1.1527033895254135,
3.731190860271454,
3.2598108053207397,
2.2381511330604553,
1.985657513141632,
2.4536898732185364,
1.124083250761032,
1.7990884184837341,
4.475712776184082,
0.9207651764154434,
2.8921332955360413,
2.0126041769981384,
3.9203086495399475,
3.678082823753357,
1.7282594740390778,
2.112050950527191,
3.5849085450172424,
4.581906199455261,
1.3790972530841827,
3.9249351620674133,
1.5997456014156342,
2.416289299726486,
2.7801308035850525,
1.5401789546012878,
2.230343520641327,
4.872673451900482,
2.5615960359573364,
0.8548825234174728,
2.9776549339294434,
2.3203010857105255,
1.7592588067054749,
3.8341474533081055,
2.021813839673996,
2.102508246898651,
1.2621881067752838,
2.2064241766929626,
1.9122172892093658,
1.899186372756958,
4.325716197490692,
2.8474488854408264,
0.9883248805999756,
1.4788122475147247,
2.8755369782447815,
1.0528307408094406,
3.546243906021118,
1.5776564180850983,
2.0937222242355347,
1.3161574304103851,
3.925686478614807,
0.9923957288265228,
2.0121650397777557,
1.5739993751049042,
1.1961369216442108,
3.0395379662513733,
4.486653208732605,
3.5208135843276978,
4.228307604789734,
1.4110250771045685,
1.7109894752502441,
4.429839551448822,
2.5698837637901306,
2.2433041036129,
1.4238516986370087,
4.058237671852112,
2.8366634249687195,
1.4487920701503754,
1.0909253358840942,
1.7077425122261047,
0.2116161584854126,
0.7462175935506821,
2.2825048863887787,
1.8750080466270447,
0.7032380998134613,
3.5509374737739563,
3.3986300230026245,
3.518572449684143,
0.9646127372980118,
1.8424156308174133,
1.2461921572685242,
4.492214918136597,
1.0874156653881073,
0.7493698596954346,
4.640703797340393,
1.578449159860611,
4.181867837905884,
3.542107045650482,
2.2374695539474487,
1.9716653227806091,
2.9807227849960327,
2.3168490827083588,
2.2209250926971436,
1.1222977191209793,
1.1076180636882782,
2.6774200797080994,
2.3234614729881287,
0.3187655657529831,
1.102403923869133,
2.915228307247162,
1.6943876445293427,
0.9936851263046265,
2.254880517721176,
4.742996096611023,
2.9531002044677734,
1.6854490339756012,
1.5848052501678467,
3.489479124546051,
2.705676257610321,
4.6353840827941895,
1.3752029836177826,
2.852044105529785,
1.3255956768989563,
3.4775319695472717,
2.1259988844394684,
2.0067444443702698,
3.9499232172966003,
2.4435751140117645,
2.127113938331604,
2.7750468254089355,
0.7149238139390945,
0.8384573459625244,
1.147315353155136,
1.2821486592292786,
1.7942151427268982,
2.316126823425293,
1.7433242499828339,
2.6458093523979187,
2.5588417053222656,
3.1905975937843323,
1.336035281419754,
3.0290961265563965,
3.2287251949310303,
2.9095816612243652,
3.1038573384284973,
1.281963735818863,
3.0354690551757812,
1.5332400798797607,
3.506731390953064,
0.689457356929779,
1.2418702244758606,
1.3456276059150696,
2.159241735935211,
3.8155487179756165,
2.984122931957245,
3.3455324172973633,
2.808677852153778,
1.3710278272628784,
3.7776735424995422,
4.215730130672455,
2.6544934511184692,
4.314844608306885,
1.884576827287674,
0.7148613035678864,
2.6164013147354126,
3.0449098348617554,
1.7781277000904083,
2.6805147528648376,
1.2139254063367844,
2.691490948200226,
3.173523247241974,
1.5709656476974487,
2.9658225178718567,
2.5239723920822144,
0.8360443264245987,
2.3712487518787384,
3.9769697189331055,
3.7015604972839355,
2.666676938533783,
2.182566076517105,
4.089074432849884,
1.4856383204460144,
2.883172631263733,
2.9317444562911987,
3.8179513812065125,
2.972988784313202,
1.3944566249847412,
3.541249930858612,
1.8917429447174072,
0.7107222825288773,
2.6303213834762573,
1.3767196238040924,
4.070529937744141,
0.5838866904377937,
3.3416807651519775,
0.5909077078104019,
1.6783973574638367,
1.6712819039821625,
0.25848863646388054,
2.157025784254074,
2.3961028456687927,
1.185278594493866,
0.8103355765342712,
2.3141270875930786,
1.5867742896080017,
2.391504645347595,
2.4249154329299927,
1.0214658081531525,
1.5008124709129333,
4.363049864768982,
2.808769643306732,
2.1439900994300842,
1.1727885156869888,
0.9817754477262497,
2.6624247431755066,
1.7678742110729218,
3.543882668018341,
2.789909541606903,
1.2817922234535217,
4.321946203708649,
1.6289247572422028,
4.5043739676475525,
2.8370171785354614,
1.3334868848323822,
2.0096974074840546,
4.157896637916565,
3.797915279865265,
-0.05889155436307192,
1.7442329227924347,
0.9579746425151825,
1.4001496136188507,
0.13844030909240246,
1.3706880807876587,
3.823641836643219,
3.781479597091675,
1.683458834886551,
2.320535182952881,
2.3251263797283173,
2.743595838546753,
2.1723227202892303,
2.114773243665695,
4.079518616199493,
2.4227315187454224,
1.1812739074230194,
1.1067196726799011,
2.006761133670807,
2.529865801334381,
3.59287291765213,
3.544146418571472,
3.4097883105278015,
1.311240792274475,
4.133923947811127,
3.43452125787735,
2.743344008922577,
3.5159850120544434,
1.4370906352996826,
3.5616305470466614,
4.225267171859741,
3.502996861934662,
0.8334585279226303,
2.822987735271454,
1.780880093574524,
3.524986505508423,
2.4718675017356873,
2.503724694252014,
2.3494361340999603,
2.266892194747925,
3.482603132724762,
0.2136976271867752,
2.421490401029587,
1.5244793891906738,
1.5791451930999756,
1.6198304295539856,
0.5770563334226608,
1.7135249078273773,
2.0978331565856934,
1.7717202007770538,
2.019304931163788,
0.8853767812252045,
4.551903307437897,
3.733067512512207,
1.5155871212482452,
1.0759187489748,
2.750524878501892,
2.466859668493271,
4.626592695713043,
3.3210712671279907,
2.4263356626033783,
2.836965322494507,
1.3924892246723175,
1.5944303572177887,
1.6886663436889648,
2.631797194480896,
3.10360848903656,
2.521718144416809,
2.66588032245636,
1.462664157152176,
1.8063044548034668,
1.2864086031913757,
2.1879087388515472,
1.0430214554071426,
2.7782759070396423,
1.9093650579452515,
3.1320735812187195,
2.3720473051071167,
2.3607371747493744,
3.367210030555725,
1.1105415970087051,
1.1693254113197327,
1.883479356765747,
1.1331082880496979,
2.5369885563850403,
3.4974905848503113,
1.5212811529636383,
1.9180357456207275,
2.5534161925315857,
2.677755057811737,
2.7002111077308655,
0.1092700008302927,
0.5530671402812004,
2.6408466696739197,
2.811763882637024,
2.5107714533805847,
2.2951409220695496,
3.328956365585327,
1.8651960790157318,
3.2981225848197937,
2.9882168769836426,
1.7904023826122284,
1.9729551672935486,
1.6945213079452515,
3.2809746265411377,
1.0224954038858414,
1.65639266371727,
3.002052903175354,
2.8211063146591187,
3.980422019958496,
2.9885277152061462,
3.4431731700897217,
3.3833888173103333,
2.663571834564209,
2.5488585233688354,
1.3882514834403992,
3.748246431350708,
4.714251756668091,
2.7777260541915894,
1.366039216518402,
3.2594919204711914,
2.9483607411384583,
2.6383307576179504,
1.3528147339820862,
2.253476530313492,
1.7936791479587555,
2.7121031284332275,
3.973499834537506,
2.4309636652469635,
2.332116812467575,
3.101258873939514,
1.6100440919399261,
3.227701187133789,
2.2915321588516235,
2.7262741327285767,
3.679690957069397,
2.951495349407196,
1.9212013483047485,
4.741831123828888,
2.0854803919792175,
2.334216684103012,
3.2031071186065674,
4.167699813842773,
1.488235890865326,
2.944421172142029,
1.3124488294124603,
2.016949951648712,
1.5146762132644653,
2.341906577348709,
2.7007853984832764,
0.9890296310186386,
1.344580501317978,
0.8080063015222549,
3.8417625427246094,
3.640287220478058,
-0.002559651911724359,
0.9152993559837341,
3.617549240589142,
3.402474820613861,
2.075854539871216,
3.284333646297455,
2.590171992778778,
2.214648723602295,
1.8497458100318909,
1.305306851863861,
2.0837754011154175,
3.9797908067703247,
2.890058159828186,
1.9378811120986938,
3.4863874316215515,
2.864689826965332,
2.1662454307079315,
2.2555819153785706,
2.0626452565193176,
2.770163118839264,
3.4189218282699585,
2.8482586145401,
4.285592436790466,
3.672417402267456,
2.846154272556305,
2.4828384816646576,
1.2793387472629547,
3.3547505736351013,
2.0143379271030426,
3.737451434135437,
1.2350695580244064,
1.722896546125412,
2.8163444995880127,
2.771081328392029,
2.667528986930847,
3.1261464953422546,
1.5542767941951752,
1.5488125383853912,
2.433236986398697,
4.2026108503341675,
3.1849467754364014,
3.15735399723053,
0.9109937399625778,
3.2974502444267273,
3.7954050302505493,
2.14381605386734,
1.4348840713500977,
0.9641198813915253,
1.9919416308403015,
2.154274731874466,
2.027387022972107,
1.5946751832962036,
3.3037230372428894,
1.7674361169338226,
4.123940467834473,
3.4314119815826416,
2.948737144470215,
2.867315113544464,
2.3145847022533417,
1.5632805228233337,
2.9312559962272644,
2.4478894472122192,
3.0558428168296814,
1.9421371817588806,
2.5607100129127502,
3.6240431666374207,
3.653857707977295,
1.7157560586929321,
2.9248592257499695,
3.7384700775146484,
1.6491539776325226,
1.9825391471385956,
4.00709331035614,
3.1986743211746216,
1.1962608993053436,
1.7607104778289795,
3.9167332649230957,
3.492593765258789,
2.204139083623886,
1.8563956022262573,
0.47776948660612106,
1.9128930568695068,
1.6508597135543823,
3.0399665236473083,
2.2228296101093292,
1.6179615259170532,
0.26124194264411926,
3.0171912908554077,
1.1849089711904526,
3.8258224725723267,
4.194379448890686,
2.3054085671901703,
1.5752145648002625,
1.880006492137909,
3.6750411987304688,
0.18564509227871895,
1.7485983669757843,
0.8625515550374985,
2.0372937619686127,
3.933556377887726,
2.869637608528137,
3.5008788108825684,
0.6899982690811157,
2.4694475531578064,
2.2947125136852264,
2.082345336675644,
4.492752552032471,
2.7456408739089966,
3.9730319380760193,
2.721843719482422,
2.706800699234009,
2.7018553018569946,
1.3553240895271301,
3.357152044773102,
2.427365928888321,
2.236137241125107,
3.3681505918502808,
1.859048306941986,
2.214522808790207,
3.0706024169921875,
2.968531548976898,
1.3542599976062775,
1.4949457347393036,
0.6020388007164001,
2.0571359992027283,
2.0231255888938904,
2.3360122740268707,
3.2138240337371826,
2.555345594882965,
2.3837395012378693,
3.4124624729156494,
3.062351644039154,
1.4224961400032043,
1.9307628273963928,
3.3527615666389465,
2.078414112329483,
0.6565313786268234,
1.5488630533218384,
1.4626306295394897,
1.0788165032863617,
2.958579361438751,
2.149803936481476,
0.6933075189590454,
1.211150661110878,
1.6333433985710144,
2.990812361240387,
2.885672450065613,
1.9819268584251404,
1.5382948517799377,
4.1227734088897705,
3.6166486144065857,
3.8902223110198975,
2.4201810359954834,
4.123481214046478,
1.6753825545310974,
2.5890785455703735,
2.0961283147335052,
3.1943419575691223,
3.0881646275520325,
1.0938481986522675,
2.748030126094818,
3.7678754329681396,
3.7313246726989746,
3.326389789581299,
2.9110676050186157,
1.989305317401886,
1.382877677679062,
1.3920748233795166,
3.6371958255767822,
0.9583253413438797,
2.5449183583259583,
2.2810974717140198,
3.8433682918548584,
3.007119297981262,
1.9311510026454926,
2.899945080280304,
2.255779057741165,
4.0955740213394165,
2.401370108127594,
3.793817460536957,
2.4291998147964478,
1.5238897502422333,
1.4925993978977203,
0.44017188251018524,
2.7250799536705017,
2.2631004452705383,
2.345833480358124,
0.7138368487358093,
1.9957897067070007,
3.7543636560440063,
2.1093152463436127,
2.786565124988556,
2.370956242084503,
2.4254755675792694,
1.3098770380020142,
3.9855551719665527,
3.8114649057388306,
1.4153972268104553,
3.3907097578048706,
4.0815359354019165,
4.251365959644318,
2.4589991569519043,
3.2669201493263245,
2.949049472808838,
3.804590404033661,
1.438950002193451,
0.6417719274759293,
1.988588273525238,
2.6311010122299194,
1.3564418256282806,
2.1453653275966644,
2.1720118820667267,
2.6705366373062134,
2.4213744699954987,
2.5681766867637634,
1.836325228214264,
1.3157515227794647,
1.4268413186073303,
1.5925462543964386,
0.9707092493772507,
2.0089930295944214,
2.8137019276618958,
0.7744099199771881,
0.8317749947309494,
2.016190141439438,
2.025395929813385,
3.5123541951179504,
2.1281006932258606,
1.2463880330324173,
1.8123376369476318,
1.3979525864124298,
3.47741037607193,
3.090670108795166,
2.5396594405174255,
0.7784339785575867,
2.1179190278053284,
0.40882695466279984,
2.8526905179023743,
1.8053066730499268,
1.9464953243732452,
1.169014647603035,
2.052074670791626,
2.750706672668457,
3.1681352853775024,
1.220320239663124,
4.024100303649902,
1.2605670094490051,
4.569023549556732,
1.7387454211711884,
2.978980243206024,
0.7550553232431412,
1.6286665201187134,
2.3728924989700317,
0.7955793291330338,
0.849095806479454,
2.531859874725342,
1.9895511865615845,
1.5153226256370544,
1.4177659153938293,
2.9144904017448425,
2.577342987060547,
2.476738542318344,
2.6793649792671204,
4.004666805267334,
3.075506091117859,
2.812988758087158,
1.7885521054267883,
2.1735797822475433,
3.0197396874427795,
2.6271075010299683,
1.5964135527610779,
0.8190180361270905,
2.647741138935089,
1.8338249623775482,
1.676131784915924,
1.6995620727539062,
4.713980853557587,
1.9076448678970337,
3.6944931745529175,
1.1740563064813614,
2.8064528107643127,
1.7588737607002258,
2.0613642036914825,
2.27199986577034,
1.9684487581253052,
3.0794310569763184,
2.4811050295829773,
2.2226428985595703,
2.7792999148368835,
3.9576461911201477,
0.958467572927475,
1.9669120013713837,
1.4465288817882538,
0.4928102344274521,
3.7298980355262756,
2.1384334564208984,
1.2979134917259216,
1.4342965185642242,
2.98993319272995,
1.8505297601222992,
1.2187498807907104,
2.1313585340976715,
1.9429628551006317,
1.4196416735649109,
1.48374542593956,
3.831176459789276,
2.301815450191498,
3.0135783553123474,
3.888534903526306,
3.6073288321495056,
3.011164367198944,
2.6590660214424133,
4.322003126144409,
1.124023124575615,
3.0024728178977966,
2.2487130761146545,
2.270645797252655,
1.948089450597763,
1.754467785358429,
2.5465768575668335,
2.593540847301483,
2.9690581560134888,
1.3393862545490265,
2.1789512038230896,
4.332488477230072,
3.266388773918152,
1.4144088327884674,
2.2896215319633484,
1.7488963901996613,
4.42127138376236,
3.3732226490974426,
1.2071175873279572,
1.557447910308838,
4.565156400203705,
1.7421604692935944,
3.074563443660736,
1.9475369155406952,
2.392612099647522,
3.093307912349701,
0.6379257142543793,
0.8447626233100891,
1.550695151090622,
2.788090705871582,
4.51551079750061,
2.6458188891410828,
3.360733389854431,
0.7609158754348755,
2.82498836517334,
1.9396287202835083,
0.9254530817270279,
2.38321453332901,
2.0797255635261536,
1.9715860486030579,
3.934662342071533,
1.9896703958511353,
4.103057086467743,
1.6560634970664978,
2.459587901830673,
1.7618753015995026,
3.270353674888611