1.0653258860111237,
2.0295895636081696,
2.155286520719528,
2.4360686540603638,
4.313653111457825,
1.146392822265625,
4.06715452671051,
1.7555098235607147,
4.4420430064201355,
1.4573580026626587,
2.8709879517555237,
2.1566516160964966,
2.3929432034492493,
1.9984060525894165,
1.377628892660141,
0.1394452527165413,
1.7296500504016876,
2.868424952030182,
2.637520730495453,
2.0540767908096313,
3.0528461933135986,
2.2797302901744843,
1.2935243546962738,
4.185917675495148,
4.4716426730155945,
2.3360583186149597,
2.86823570728302,
3.0099034309387207,
0.7418602705001831,
1.1736001074314117,
3.2185712456703186,
3.0350732803344727,
2.6544782519340515,
1.2255783379077911,
2.952635884284973,
1.254507303237915,
3.2945895195007324,
0.6528031080961227,
2.3686984181404114,
0.9697530418634415,
3.015137016773224,
0.5681280046701431,
0.647306889295578,
1.569167971611023,
1.5564410388469696,
0.3755270317196846,
0.642826184630394,
2.236773520708084,
2.597707211971283,
1.4567607641220093,
2.501465082168579,
1.2754522264003754,
1.4290685951709747,
1.7801690101623535,
3.1724628806114197,
3.1043878197669983,
2.012287825345993,
3.3497780561447144,
2.40969717502594,
1.0423876345157623,
0.9781993925571442,
2.9128116369247437,
1.0991719365119934,
3.738018572330475,
1.7638146877288818,
0.6150504946708679,
1.2103167176246643,
1.0747519880533218,
1.5385845303535461,
1.3022927939891815,
2.703627645969391,
0.03971970174461603,
0.6018531322479248,
1.8759241700172424,
0.9328597038984299,
2.0120108127593994,
1.6465520858764648,
1.9351506233215332,
1.005328893661499,
2.8320667147636414,
3.5699906945228577,
1.492706686258316,
0.6229644268751144,
4.617026746273041,
2.8267082571983337,
2.6007312536239624,
2.368393987417221,
3.372318148612976,
2.4476248025894165,
1.9975626468658447,
0.5776244774460793,
1.9764213263988495,
2.5659191608428955,
1.6904672980308533,
0.9679102897644043,
4.597975015640259,
1.7858566343784332,
3.6114898324012756,
0.517558865249157,
0.51271703094244,
3.70786190032959,
4.259178638458252,
2.1595928072929382,
2.8678491711616516,
0.9179618954658508,
2.9285019636154175,
3.916419744491577,
3.1634899973869324,
1.6169160604476929,
1.3816958665847778,
2.0668670535087585,
2.935549020767212,
1.275654137134552,
0.29996639117598534,
1.3675026595592499,
0.8798152953386307,
0.8489568531513214,
1.6332672536373138,
2.6249098777770996,
4.181496500968933,
2.760230004787445,
0.5994958803057671,
0.3998195752501488,
2.4807903170585632,
0.8840823173522949,
2.3213405907154083,
1.495489478111267,
3.275913894176483,
3.8815096020698547,
1.6184961795806885,
0.7921759784221649,
1.8329553306102753,
3.2336896657943726,
1.1918845027685165,
3.3155247569084167,
2.2344572842121124,
3.9437276124954224,
0.894831195473671,
0.05044038873165846,
2.301837056875229,
2.2875000536441803,
2.0185239613056183,
0.7186531275510788,
4.071810245513916,
2.208074629306793,
2.678792178630829,
0.5570405721664429,
1.1987407505512238,
4.345158934593201,
2.4168339371681213,
4.557278752326965,
1.3924382627010345,
3.869943618774414,
1.4910508692264557,
0.9597198665142059,
0.6004278734326363,
1.2663516402244568,
1.168212816119194,
1.7370006442070007,
1.5776249766349792,
3.6127278208732605,
2.503116726875305,
3.7683922052383423,
4.449792206287384,
4.436907768249512,
0.9742166101932526,
2.3471376299858093,
2.2040244936943054,
0.9485112875699997,
1.5928730368614197,
1.3384367525577545,
3.5558462142944336,
2.1357038617134094,
1.9638970494270325,
3.0748382210731506,
4.293158054351807,
2.486473172903061,
2.3700086772441864,
3.8045182824134827,
3.6019065976142883,
2.649869918823242,
3.54218989610672,
2.3887857794761658,
3.37372362613678,
2.332974672317505,
1.2297621369361877,
3.077531158924103,
1.4508193731307983,
1.7434252798557281,
2.6097315549850464,
1.8094876408576965,
0.7001780718564987,
3.5244563221931458,
1.117226555943489,
0.5812899023294449,
1.031293272972107,
2.816503942012787,
3.3053696155548096,
0.6851629912853241,
2.9711857438087463,
3.4137120842933655,
1.3532045483589172,
1.8688909709453583,
3.4047049283981323,
2.0377783477306366,
1.8246586620807648,
4.717302918434143,
0.7678140699863434,
2.81433641910553,
3.8007837533950806,
2.9691508412361145,
2.2617748379707336,
1.8737776577472687,
1.0530444234609604,
1.1594585329294205,
2.753237783908844,
0.7311411201953888,
3.6478400230407715,
1.2608793377876282,
2.406150847673416,
2.745904326438904,
4.403873682022095,
1.2042298167943954,
2.2684980928897858,
2.144930809736252,
0.9613224864006042,
1.7585979402065277,
0.7516187429428101,
1.9816716015338898,
1.216709092259407,
3.0036714673042297,
0.6600374728441238,
1.6843904554843903,
0.45548513531684875,
2.357737421989441,
2.287079095840454,
1.9713601469993591,
0.6855743378400803,
1.095888614654541,
2.226140648126602,
2.331412434577942,
3.115875720977783,
1.2929518520832062,
0.8852049708366394,
1.2022951990365982,
2.191702574491501,
3.0014151334762573,
2.9032954573631287,
2.818250358104706,
3.00537645816803,
0.5056194216012955,
2.4658945202827454,
1.751595288515091,
2.812274694442749,
1.92140594124794,
3.474392890930176,
1.285826563835144,
3.3252504467964172,
2.628883719444275,
2.344849705696106,
1.7231735587120056,
2.832377552986145,
0.31382255256175995,
0.6300288438796997,
3.071170747280121,
1.9964997470378876,
1.569913774728775,
0.8944614231586456,
1.3629016280174255,
1.9771824777126312,
0.7494952529668808,
1.2061284482479095,
3.786146640777588,
2.0640838146209717,
1.332639902830124,
1.6869501769542694,
1.8100830912590027,
2.7625495195388794,
2.390376478433609,
4.4800689816474915,
2.0030030608177185,
1.444489061832428,
1.0654094070196152,
0.9800475090742111,
0.5777312815189362,
1.0706333070993423,
0.4224993661046028,
1.08079694211483,
1.8208426237106323,
1.5713544189929962,
2.064170092344284,
3.2706698775291443,
3.812633454799652,
2.0076146721839905,
0.8879939466714859,
0.8229028433561325,
2.0369847118854523,
1.9107826054096222,
1.2650366127490997,
2.676137387752533,
2.775411903858185,
1.6274642944335938,
3.714045286178589,
2.6635336875915527,
2.645806670188904,
0.7387194782495499,
0.3488519415259361,
0.5825368314981461,
2.8491440415382385,
2.3965972661972046,
3.582230806350708,
2.567855715751648,
4.1003769636154175,
1.230233609676361,
0.5672794580459595,
1.5679271519184113,
3.818002939224243,
2.9300418496131897,
0.07691576145589352,
3.1465119123458862,
2.0782077312469482,
0.9874126315116882,
0.610111691057682,
3.8440024852752686,
0.6387116014957428,
3.3456575870513916,
4.192855358123779,
3.5981959104537964,
1.1311554163694382,
3.1091725826263428,
2.1618780493736267,
3.0559390783309937,
1.5069189667701721,
3.9208289980888367,
3.4299814701080322,
2.790082097053528,
0.5094549804925919,
0.49134209752082825,
1.3051803410053253,
2.2577139735221863,
4.083578288555145,
1.800980567932129,
2.252996414899826,
0.47709282487630844,
1.9680196046829224,
2.053487151861191,
2.6001539826393127,
2.8481850028038025,
2.5112715363502502,
4.044854640960693,
2.153525650501251,
3.4276220202445984,
2.145545482635498,
2.696273624897003,
0.8115110546350479,
2.24797323346138,
0.9143102914094925,
1.9767025113105774,
0.1146877370774746,
3.2635292410850525,
2.481962889432907,
1.9028471410274506,
0.7412483543157578,
0.8262075483798981,
-0.010395647259429097,
1.6826072335243225,
0.5515413731336594,
0.8384991437196732,
2.5186002254486084,
2.507651448249817,
1.959133893251419,
3.699968457221985,
3.04619163274765,
0.83405502140522,
1.3426387310028076,
2.1376650035381317,
3.327512741088867,
1.613965481519699,
1.343662440776825,
2.6973503828048706,
3.7437722086906433,
3.3027687668800354,
2.823471426963806,
1.3495078682899475,
1.4752668142318726,
2.3739102482795715,
3.3797815442085266,
1.0399015992879868,
0.5618081614375114,
1.7486397922039032,
2.352779656648636,
2.400735467672348,
3.0987387895584106,
1.6958658397197723,
2.890312671661377,
2.490042597055435,
2.79913067817688,
1.5294241905212402,
0.8326350897550583,
3.6415472626686096,
0.7953165471553802,
0.964733213186264,
1.9668376445770264,
3.1635361909866333,
1.911790817975998,
1.3819856941699982,
0.5253661423921585,
3.433327078819275,
2.353931814432144,
1.7281179130077362,
1.7782963812351227,
1.1121459305286407,
1.3135327398777008,
1.5138868987560272,
3.463311493396759,
1.6387836635112762,
1.4913703501224518,
0.8004139363765717,
3.291771709918976,
2.0868609845638275,
2.8400608897209167,
2.418035715818405,
0.7371843606233597,
3.1757572293281555,
2.3885582387447357,
2.042236775159836,
0.14548398554325104,
3.516005277633667,
3.2989010214805603,
0.4032459855079651,
3.0163535475730896,
1.8777190148830414,
2.2651180624961853,
1.7283955216407776,
3.1374043226242065,
1.2170613557100296,
3.815549612045288,
0.7269163429737091,
1.5357612073421478,
0.43047767132520676,
0.37198957055807114,
4.808723032474518,
2.5941625237464905,
4.173261225223541,
3.502648174762726,
2.3184360563755035,
-0.01156722311861813,
2.374059557914734,
3.777291178703308,
1.5907472372055054,
0.7850643247365952,
3.7520307302474976,
3.630671203136444,
0.7465051114559174,
1.4181803166866302,
1.165940910577774,
0.9380624443292618,
1.7283175885677338,
1.1276835948228836,
3.0012476444244385,
0.9842465817928314,
0.7527492940425873,
0.7492516189813614,
0.8038721233606339,
3.6030936241149902,
3.6398109793663025,
3.098592758178711,
2.579007148742676,
2.349662035703659,
2.0092731714248657,
0.28325049206614494,
4.394625425338745,
4.003680050373077,
2.98419326543808,
1.062570959329605,
2.15331494808197,
3.024691939353943,
1.9027440249919891,
1.653713881969452,
2.8507795929908752,
1.3777244091033936,
2.4795302748680115,
3.5652735829353333,
1.780582070350647,
1.6930359601974487,
3.6885517835617065,
2.0187419652938843,
3.130154311656952,
2.158779054880142,
1.9620364904403687,
3.3928531408309937,
2.8285428881645203,
2.3030734062194824,
3.1451815366744995,
1.067310944199562,
1.9345271587371826,
-0.057222964242100716,
3.878837823867798,
1.3443571329116821,
2.51831978559494,
1.2870249152183533,
2.4359269440174103,
4.823910593986511,
0.911485031247139,
0.4502381756901741,
1.4482852816581726,
2.325749546289444,
3.7334132194519043,
1.05381540954113,
3.8201791048049927,
1.5070179104804993,
-0.05027574021369219,
0.1844535954296589,
0.8331442624330521,
0.9767933934926987,
1.0839007049798965,
2.5045520067214966,
1.0081110149621964,
2.1825197339057922,
4.185904264450073,
2.4799326062202454,
3.1851258873939514,
1.700015515089035,
2.018652558326721,
1.9104686379432678,
1.1988148093223572,
1.2702374160289764,
1.174968108534813,
4.000108540058136,
0.7416823506355286,
3.538445234298706,
0.8054724335670471,
1.170550361275673,
2.030844986438751,
2.9567664861679077,
0.5517672747373581,
3.912595510482788,
1.772368997335434,
2.4098563194274902,
1.0884548723697662,
3.5067033767700195,
1.625683456659317,
2.478990852832794,
1.4409980177879333,
2.5707030296325684,
3.0318433046340942,
2.840084135532379,
0.8193805068731308,
2.7667364478111267,
1.6467919945716858,
1.4527539908885956,
2.167931944131851,
2.241096794605255,
1.9603155553340912,
2.0672471821308136,
2.6305779814720154,
0.9083101898431778,
4.071986675262451,
1.7265120148658752,
3.2958126068115234,
1.193772703409195,
1.5182322263717651,
1.2583376467227936,
0.9182790666818619,
1.723424643278122,
1.2442748248577118,
1.164235919713974,
1.9728538393974304,
3.929656445980072,
2.384904772043228,
2.6705455780029297,
2.0252415537834167,
3.179224729537964,
3.499559760093689,
2.413483113050461,
2.313050329685211,
2.7925118803977966,
1.3243873417377472,
2.2111067175865173,
0.4818844050168991,
3.3077335357666016,
1.415175348520279,
2.3997876048088074,
0.6493107974529266,
1.9320623576641083,
0.8586073666810989,
3.3717361092567444,
3.6485853791236877,
2.6679623126983643,
1.7258977890014648,
1.842399686574936,
1.1249398440122604,
3.2791614532470703,
2.059691995382309,
3.5995927453041077,
2.659643292427063,
3.893762230873108,
1.3688664138317108,
1.214965283870697,
2.21619188785553,
2.9768043756484985,
1.9711150228977203,
0.7492897659540176,
2.5829896330833435,
1.9474035501480103,
1.211695373058319,
1.79368257522583,
0.9878017753362656,
3.8854190707206726,
2.4270889163017273,
1.2928235530853271,
1.252463012933731,
2.8770357370376587,
3.424610197544098,
4.782054126262665,
-0.18726559355854988,
1.8131260573863983,
2.1192190051078796,
0.846930667757988,
0.944507047533989,
4.446024596691132,
3.9984312653541565,
2.1162408590316772,
4.1050490736961365,
1.4913977682590485,
1.5253816545009613,
3.2061731815338135,
2.319466918706894,
1.8861225247383118,
1.6547764837741852,
2.6389262080192566,
0.4866747558116913,
4.161956012248993,
3.7048789858818054,
2.269679009914398,
0.7751786708831787,
1.0098030418157578,
2.7316460013389587,
1.7069931328296661,
1.2079094350337982,
1.5720175206661224,
0.7714614272117615,
0.10103870183229446,
1.558637022972107,
1.5912289917469025,
4.262526035308838,
0.49278751015663147,
1.2415137141942978,
1.900458037853241,
1.98750838637352,
0.7374606281518936,
2.370723634958267,
1.9527256488800049,
0.33093880861997604,
2.046896070241928,
2.042780965566635,
1.47243931889534,
2.779557704925537,
1.3412180542945862,
3.03930401802063,
2.0752421021461487,
2.7149635553359985,
0.8798420429229736,
1.9150924682617188,
1.170339286327362,
0.9988957643508911,
0.8085533976554871,
0.5289574339985847,
3.143775761127472,
3.517923057079315,
2.792392671108246,
2.2909535467624664,
4.369097650051117,
1.388886421918869,
2.550904154777527,
2.7141672372817993,
1.5739721059799194,
0.8395959436893463,
3.0793872475624084,
2.362837642431259,
1.9064961373806,
2.2188645601272583,
0.8074117451906204,
2.0150960981845856,
3.1843918561935425,
1.779564619064331,
2.6653876900672913,
3.7715154886245728,
2.1317660808563232,
3.803199529647827,
2.4852746725082397,
1.7786027491092682,
2.2017230093479156,
1.515805423259735,
0.8732883632183075,
1.4699970185756683,
3.7376880645751953,
1.4859187602996826,
2.376236766576767,
2.474519908428192,
1.5528973937034607,
1.0016871988773346,
0.23604674264788628,
1.754029244184494,
2.8533178567886353,
1.6425539553165436,
3.4522590041160583,
1.7564137279987335,
2.063445895910263,
1.2573020160198212,
2.1478551626205444,
1.77890345454216,
0.7096602022647858,
1.834580898284912,
4.063513278961182,
3.0322089791297913,
3.7239453196525574,
1.6248778998851776,
3.1622424721717834,
4.394625425338745,
2.9868409037590027,
3.028770387172699,
1.516115814447403,
2.3527857661247253,
3.2439279556274414,
1.7072544991970062,
1.1446508765220642,
3.114207684993744,
1.453022062778473,
3.849889636039734,
2.082061767578125,
1.269209086894989,
0.8851618319749832,
0.8681368827819824,
1.2004294991493225,
3.0242732167243958,
1.2128055840730667,
0.31905949115753174,
1.2346861511468887,
1.9845233857631683,
0.666164755821228,
0.722537562251091,
1.577891856431961,
2.0637354254722595,
2.5803086161613464,
3.524101972579956,
0.8622505515813828,
0.754024013876915,
1.1005619913339615,
4.594429433345795,
1.7910972237586975,
2.4854253232479095,
0.9446235746145248,
2.2102124989032745,
4.823910593986511,
1.8296226859092712,
2.852836549282074,
2.1357038617134094,
2.6923519372940063,
2.7909737825393677,
1.8669870495796204,
1.4469997584819794,
1.8854150176048279,
2.1025238931179047,
2.298264503479004,
1.7223036289215088,
2.173786908388138,
0.47384291887283325,
0.5295297503471375,
2.0560969412326813,
0.34254636615514755,
0.3315470740199089,
4.138486385345459,
1.2335558980703354,
0.7231831550598145,
2.0801031589508057,
2.546480894088745,
3.063742220401764,
0.9161283820867538,
2.962419092655182,
1.5979278087615967,
1.4649711549282074,
1.265353262424469,
0.958927795290947,
2.8276965022087097,
1.0956144332885742,
0.494467094540596,
3.545122742652893,
2.7029508352279663,
3.2419124245643616,
3.3675506711006165,
2.1930401027202606,
3.240450918674469,
1.263878047466278,
0.08889432065188885,
2.1019458770751953,
1.8713383376598358,
0.7534655183553696,
1.901049166917801,
0.788494274020195,
2.8304052352905273,
2.1526581048965454,
1.694270372390747,
2.6236337423324585,
3.4122759103775024,
3.1864848732948303,
2.0545917749404907,
1.2040475010871887,
1.9486264884471893,
0.9305748343467712,
1.827358603477478,
3.259764313697815,
0.08245707489550114,
2.9060450196266174,
1.9113768637180328,
3.5309481620788574,
1.4008693397045135,
1.5564639866352081,
0.2661466971039772,
0.24277456104755402,
1.3395433127880096,
1.1293497681617737,
1.362755000591278,
1.716434359550476,
0.043637980706989765,
3.749784231185913,
2.577149271965027,
1.6454237699508667,
0.971650630235672,
2.4790433049201965,
-0.2036363072693348,
0.8709079027175903,
4.165041744709015,
1.1169954389333725,
1.9509349763393402,
2.270423173904419,
2.1940891444683075,
3.789856433868408,
3.1115183234214783,
1.076512187719345,
3.7974560260772705,
3.908395767211914,
0.1138170063495636,
3.9074966311454773,
2.112623453140259,
2.5155803561210632,
2.2391246259212494,
-0.030895425006747246,
2.087182253599167,
4.83944445848465,
1.829063594341278,
0.21705348044633865,
3.5391560196876526,
3.289201855659485,
2.142190784215927,
3.319610357284546,
0.9998735785484314,
1.3052625954151154,
1.1684969067573547,
1.7113834619522095,
1.5769988298416138,
2.283938378095627,
4.852350950241089,
2.6997798681259155,
0.3540379926562309,
1.4576280117034912,
3.2561704516410828,
1.6367225348949432,
2.980281114578247,
0.7687239348888397,
1.7421936988830566,
1.0311422497034073,
3.623749017715454,
0.8237331360578537,
0.8845793455839157,
1.6109314560890198,
2.309638559818268,
3.998560905456543,
4.428279101848602,
4.187505841255188,
3.5682091116905212,
1.2901462614536285,
1.5751522779464722,
4.008582234382629,
2.347034215927124,
2.298901677131653,
1.4641682803630829,
4.57751989364624,
2.364392876625061,
1.34590283036232,
1.790636032819748,
0.3518804535269737,
0.3582882136106491,
-0.017889481969177723,
2.4331961572170258,
0.8907796442508698,
0.8180046081542969,
3.146640360355377,
3.168931305408478,
2.348819673061371,
1.0924993455410004,
1.1592637747526169,
1.1092530190944672,
4.229660928249359,
0.8372600376605988,
1.0197032988071442,
4.896044135093689,
1.1879842728376389,
4.689657092094421,
4.079357385635376,
2.610381841659546,
2.237035632133484,
3.2006442546844482,
3.4337052702903748,
0.938849151134491,
1.148250326514244,
0.6249808520078659,
2.675400972366333,
1.085297092795372,
0.4063991457223892,
1.7353613674640656,
3.9069202542304993,
1.0830701887607574,
0.4718663915991783,
1.5140125155448914,
4.50076699256897,
2.3958957195281982,
1.0178810358047485,
1.5277346968650818,
3.0766215920448303,
1.9976107776165009,
3.929656445980072,
1.6832037270069122,
1.6109803318977356,
0.8268693834543228,
2.894534468650818,
2.8631621599197388,
1.5367962419986725,
3.2985687255859375,
0.7161151617765427,
1.535729467868805,
2.7446216344833374,
0.47913312911987305,
1.1264589428901672,
0.9490393847227097,
1.6998372972011566,
1.5534321963787079,
1.1446508765220642,
1.5256527066230774,
1.8071304261684418,
2.747602164745331,
3.5104256868362427,
1.3209231197834015,
2.463522106409073,
2.6953431963920593,
3.1946834921836853,
3.1359857320785522,
2.06474632024765,
3.099532425403595,
1.564614623785019,
2.1299290657043457,
0.8614388108253479,
0.5636798962950706,
1.0786095261573792,
1.9745208323001862,
3.5399460792541504,
1.7526578903198242,
1.751728355884552,
0.6862007081508636,
1.069248989224434,
3.9397338032722473,
4.172987937927246,
2.588711380958557,
3.192814886569977,
1.0619159042835236,
0.8858487755060196,
2.8351548314094543,
1.7482027411460876,
1.2379225343465805,
2.593163251876831,
1.0195113718509674,
2.2820401191711426,
2.2053436934947968,
0.6902541220188141,
2.894231081008911,
2.809644043445587,
0.6675265729427338,
2.64340877532959,
3.2068562507629395,
3.1634050607681274,
2.0120927691459656,
0.9142772108316422,
3.6164620518684387,
0.8689448237419128,
1.4494459331035614,
2.717031240463257,
3.050834834575653,
2.892710864543915,
1.8269041180610657,
3.459951877593994,
1.5934422612190247,
1.1533936858177185,
2.3883530497550964,
2.0127157866954803,
3.6171460151672363,
0.34391824156045914,
2.4111638963222504,
1.2682002782821655,
2.062928229570389,
1.4444202184677124,
1.2883666157722473,
2.2037868201732635,
2.195185124874115,
0.9416522830724716,
0.4225177690386772,
2.3791924118995667,
2.3052413761615753,
2.0232024788856506,
2.707813084125519,
0.5704756453633308,
1.4273220300674438,
3.346787691116333,
3.055618405342102,
2.000262439250946,
1.2363561242818832,
1.7514137923717499,
1.769549697637558,
0.7131507247686386,
2.6505112648010254,
1.8823006749153137,
0.4994196817278862,
4.0085285902023315,
1.391020119190216,
3.7128806114196777,
1.7105178534984589,
1.5719698369503021,
1.2494070827960968,
3.271099627017975,
2.070355713367462,
0.8055470883846283,
1.8604835867881775,
0.6960814446210861,
0.738244354724884,
1.2673626840114594,
0.5396321415901184,
3.1240078806877136,
2.763877213001251,
2.042822539806366,
1.1593442410230637,
1.0174177587032318,
2.62443870306015,
2.6429691910743713,
1.636832356452942,
3.53647381067276,
2.4831730127334595,
1.6532617807388306,
1.4084215462207794,
0.8813624083995819,
1.6118578612804413,
4.065392911434174,
3.6114898324012756,
3.2445028424263,
0.447637215256691,
2.161058187484741,
2.9991555213928223,
2.018517851829529,
2.201981395483017,
0.9984606504440308,
3.9178332686424255,
3.105248808860779,
3.0786803364753723,
1.4737670123577118,
2.1451973915100098,
0.8277621865272522,
3.85441392660141,
1.9514305889606476,
1.6494479775428772,
1.6836360096931458,
0.7141276448965073,
3.701797127723694,
0.4931797832250595,
2.1302609145641327,
0.8030781149864197,
0.6984018534421921,
0.9413260966539383,
0.8469519764184952,
1.4944471418857574,
1.9371995329856873,
0.7461250573396683,
1.37650728225708,
2.1230818331241608,
4.262857735157013,
4.645363688468933,
1.2364912778139114,
0.7453561574220657,
1.5354666113853455,
0.8356969058513641,
4.751908481121063,
2.445305287837982,
2.590990364551544,
1.9899877905845642,
1.5156559646129608,
1.6833274066448212,
2.245303988456726,
2.178628146648407,
1.7267738282680511,
2.969777286052704,
2.643132209777832,
1.4562088251113892,
0.5298694223165512,
1.0338587313890457,
2.738350033760071,
2.5872817635536194,
3.503519594669342,
2.001144587993622,
2.5293156504631042,
1.2454067915678024,
1.4155222475528717,
2.882588803768158,
0.617617554962635,
0.8629234135150909,
2.264113426208496,
0.9402885288000107,
1.4975151419639587,
3.0405020713806152,
0.5979723855853081,
1.8955637514591217,
1.3668204843997955,
3.4583503007888794,
2.864152491092682,
0.5969373881816864,
0.12970464304089546,
2.4778738617897034,
2.6911795139312744,
1.6847893595695496,
0.4035818576812744,
2.8873664140701294,
1.4844383299350739,
2.2714918851852417,
2.670091986656189,
1.4755359292030334,
2.1305780112743378,
1.277511864900589,
2.6072996854782104,
1.8119966983795166,
1.0660722106695175,
2.0921483635902405,
2.1233004331588745,
3.4571704268455505,
1.9164074957370758,
3.233107626438141,
4.4727325439453125,
2.294541597366333,
2.3534244298934937,
1.1970224976539612,
2.3701179027557373,
4.714507460594177,
2.6941677927970886,
0.8826740086078644,
2.356027662754059,
1.987157166004181,
2.886347472667694,
2.8619885444641113,
2.6086273789405823,
2.3234952986240387,
2.1853353083133698,
2.765553891658783,
2.994009256362915,
2.3701968789100647,
3.644297420978546,
1.0410881042480469,
1.7239774763584137,
1.7015467584133148,
2.443041503429413,
2.6182639598846436,
3.7832310795783997,
1.9109797477722168,
4.761488437652588,
0.9552203118801117,
1.9139760732650757,
2.523144483566284,
4.150043427944183,
0.2998756989836693,
2.1381232142448425,
0.6139009073376656,
2.2850175201892853,
0.9323237836360931,
1.95713609457016,
2.075219452381134,
0.9201803058385849,
0.8747494220733643,
0.8871156722307205,
4.16004866361618,
2.7039283514022827,
0.41625984013080597,
0.7835668325424194,
2.766059935092926,
3.256707489490509,
2.285311073064804,
2.952861487865448,
0.3081120178103447,
1.0505824536085129,
1.575457900762558,
1.1371523886919022,
0.6587669253349304,
3.6811116337776184,
2.6057997345924377,
1.988174021244049,
3.430436849594116,
2.6737600564956665,
1.2660793960094452,
2.083326578140259,
1.9770169258117676,
2.748195230960846,
1.5861310064792633,
2.458220422267914,
3.8106155395507812,
2.5536030530929565,
2.6863330602645874,
2.034478336572647,
0.8307376503944397,
2.7368998527526855,
2.274761199951172,
2.531599998474121,
0.619116798043251,
0.6619078665971756,
2.0442213118076324,
3.183141052722931,
2.7040812373161316,
1.9357240200042725,
1.4137305319309235,
0.7632945477962494,
1.0833103954792023,
4.403873682022095,
3.0683302879333496,
2.804109752178192,
1.7749442160129547,
2.0503348112106323,
4.100120663642883,
0.7547321170568466,
1.165400668978691,
1.0555345565080643,
0.8919870108366013,
2.221781611442566,
0.9188060462474823,
0.5533767864108086,
1.1565934866666794,
0.6996513158082962,
4.161306023597717,
3.381539285182953,
1.130363866686821,
2.719011902809143,
2.475184202194214,
1.01776123046875,
2.308802604675293,
1.874927580356598,
1.7142803966999054,
2.3946306109428406,
2.891165614128113,
2.4339231848716736,
3.028232157230377,
0.8575110882520676,
2.779163122177124,
3.7708204984664917,
0.67381352186203,
2.806367576122284,
3.240450918674469,
2.1130256354808807,
0.3799426928162575,
2.4655836820602417,
3.9858561754226685,
2.7485504746437073,
1.2475233525037766,
1.0793162137269974,
1.0574182868003845,
1.6530434787273407,
1.4543870091438293,
3.663528561592102,
2.421274334192276,
0.8889529854059219,
0.917145162820816,
1.7329423129558563,
0.9106865525245667,
3.504929542541504,
2.9117780923843384,
1.3834093511104584,
2.1378907561302185,
0.8268681168556213,
2.6522767543792725,
1.8589785695075989,
1.49733766913414,
0.5240819230675697,
3.0036914348602295,
3.976789116859436,
3.84889155626297,
2.972821593284607,
0.9082788228988647,
2.4097929894924164,
2.2884459793567657,
2.2384731471538544,
3.683653175830841,
2.446497082710266,
2.6870152354240417,
2.7379316091537476,
1.4680397510528564,
1.5129251778125763,
0.9556632488965988,
2.640887498855591,
1.4543376863002777,
2.7036744356155396,
3.1944051384925842,
2.5565537810325623,
1.5953896939754486,
2.970537841320038,
3.100363612174988,
1.1661459505558014,
1.048099398612976,
-0.06265127565711737,
0.886048898100853,
2.0043140649795532,
2.199661135673523,
2.9616165161132812,
2.765107750892639,
2.451949715614319,
3.098723590373993,
1.7530415952205658,
0.8778679370880127,
1.6328607499599457,
4.052716493606567,
1.7027460038661957,
0.509815625846386,
0.7584420591592789,
1.5705761313438416,
2.3017050325870514,
1.8053901195526123,
0.7093191146850586,
0.896504670381546,
1.5385538339614868,
2.6217442750930786,
2.132057100534439,
2.557653486728668,
1.2101711332798004,
1.1220521479845047,
4.014246761798859,
2.493443936109543,
3.5290351510047913,
2.564666271209717,
4.130958318710327,
2.445908635854721,
1.1443711072206497,
2.2054679691791534,
3.5237666964530945,
2.1690356731414795,
0.10147536173462868,
1.0496165603399277,
3.013169765472412,
3.599422574043274,
2.308316230773926,
1.96134552359581,
2.40798681974411,
2.726840376853943,
0.13718696311116219,
2.6879987120628357,
0.2534257806837559,
1.343081146478653,
1.6951452195644379,
3.7065595388412476,
2.458956390619278,
1.2151642888784409,
3.2430052757263184,
2.339576780796051,
3.576638698577881,
3.014141619205475,
4.352009892463684,
1.2953771650791168,
0.9285299479961395,
2.536216676235199,
0.6929905712604523,
3.270849883556366,
1.9305776059627533,
2.3699143528938293,
0.3199545294046402,
2.262238562107086,
3.853091597557068,
1.3215523958206177,
1.9906993210315704,
1.254563182592392,
1.948857456445694,
0.663597583770752,
3.89800101518631,
3.8864126801490784,
1.7587368190288544,
3.830224573612213,
4.069928228855133,
3.832699954509735,
1.4775387942790985,
3.2505935430526733,
3.2934895157814026,
3.2188192009925842,
1.6446691751480103,
0.8574917167425156,
0.9161719679832458,
2.2867240011692047,
1.272074580192566,
1.6728764772415161,
1.4996922016143799,
1.5598164498806,
0.8238540589809418,
2.5624027848243713,
1.141807660460472,
0.8075732737779617,
2.339118719100952,
1.2752243876457214,
1.1230888217687607,
1.1158453673124313,
2.2212617099285126,
1.52952641248703,
1.461874097585678,
1.2228378653526306,
2.1392451226711273,
3.0963686108589172,
1.9474855065345764,
1.2607598304748535,
1.2471230328083038,
1.2717501819133759,
1.6442759335041046,
2.6995402574539185,
2.1562983095645905,
1.3202466070652008,
1.6988930106163025,
0.9808607399463654,
1.7179422080516815,
1.8742604553699493,
0.10993641801178455,
0.11593936011195183,
1.3221491873264313,
1.646498441696167,
2.695857882499695,
1.1921275407075882,
3.1131240725517273,
1.3330040872097015,
4.4994983077049255,
1.7378926277160645,
2.440585047006607,
0.35316672176122665,
1.2008248269557953,
2.472294121980667,
0.5414446070790291,
1.996283233165741,
2.037031054496765,
1.2696479260921478,
0.6923273950815201,
0.8227221667766571,
3.5528653860092163,
1.7446912825107574,
2.415166050195694,
1.559465229511261,
3.309035301208496,
2.508089244365692,
2.223249226808548,
1.5786659717559814,
2.385496199131012,
2.0799295604228973,
1.475863754749298,
0.8772286772727966,
0.9452338516712189,
2.2971950471401215,
1.5396778285503387,
1.2282651662826538,
0.9718482941389084,
4.28344339132309,
1.1879761517047882,
3.0211272835731506,
1.5296387672424316,
1.704108864068985,
0.9161829948425293,
2.2795583307743073,
1.4484196901321411,
1.8318812549114227,
2.9631295800209045,
1.6258780658245087,
2.12619349360466,
2.6700273156166077,
3.055430054664612,
0.200994610786438,
0.7647977769374847,
0.6926741451025009,
2.5445589423179626,
2.912314236164093,
2.3276960849761963,
1.235155239701271,
0.7301551848649979,
1.6121789813041687,
1.909976750612259,
0.26490943506360054,
2.4175573885440826,
1.8810389935970306,
1.604149043560028,
0.5297119542956352,
4.33133065700531,
2.3624028265476227,
3.094201982021332,
2.833918333053589,
1.855139434337616,
2.7083081007003784,
1.4973270893096924,
4.486708641052246,
0.8932069689035416,
2.596636414527893,
2.3206520080566406,
1.8600380420684814,
0.5178539827466011,
2.557312548160553,
1.3577349483966827,
1.467638909816742,
1.4354293048381805,
2.552935481071472,
3.6384838819503784,
3.9656826853752136,
2.143413871526718,
1.183493733406067,
2.2321487963199615,
0.6911025941371918,
4.315411746501923,
1.9774127006530762,
1.255059391260147,
0.5427471920847893,
4.534904956817627,
1.8744805455207825,
2.2954633831977844,
1.1189505457878113,
1.3480223715305328,
1.8749651312828064,
0.37905920296907425,
1.110817790031433,
1.0410311073064804,
2.0965667068958282,
4.4885194301605225,
2.4218884110450745,
3.1462791562080383,
-0.06088234484195709,
2.956463396549225,
0.3703857585787773,
1.1631830036640167,
0.39600007236003876,
2.5146517157554626,
2.557551860809326,
3.351961374282837,
0.7077450305223465,
4.186857342720032,
0.9303998202085495,
1.7229510843753815,
1.8540796637535095,
2.522047758102417