2.856573760509491,
3.2574141025543213,
3.8755375146865845,
2.876046299934387,
4.3527621030807495,
2.9123318195343018,
4.219564199447632,
2.9891666769981384,
4.800097048282623,
3.7553438544273376,
3.408729135990143,
3.772682845592499,
3.5764795541763306,
3.195059299468994,
2.99562007188797,
1.976126879453659,
2.536381483078003,
3.9387327432632446,
2.8164756298065186,
2.6800107955932617,
2.9002749919891357,
2.666991651058197,
2.4531102180480957,
4.719961583614349,
4.615480899810791,
3.282141387462616,
2.584930658340454,
3.2577931880950928,
2.215515971183777,
2.749713659286499,
3.7167632579803467,
3.852546513080597,
4.475098252296448,
3.169807195663452,
2.6816970109939575,
3.3709055185317993,
3.036699593067169,
2.3111912608146667,
3.6968541145324707,
3.3950746059417725,
3.9646488428115845,
2.1958450973033905,
2.262374609708786,
3.0499354004859924,
1.9582939147949219,
1.2587745487689972,
1.6390542685985565,
3.326566517353058,
4.0841832756996155,
3.3282536268234253,
3.605610728263855,
2.9459354281425476,
1.9529834389686584,
3.6661723256111145,
4.217203855514526,
4.540912210941315,
3.542691469192505,
4.056205749511719,
2.5955229997634888,
2.40749254822731,
2.700616717338562,
4.0545594692230225,
1.9201014935970306,
4.190724194049835,
2.9564014077186584,
1.7029644548892975,
2.529177963733673,
2.764945924282074,
2.768111526966095,
3.1032881140708923,
3.1196412444114685,
2.0777012407779694,
2.1090078353881836,
2.7841490507125854,
2.2519290447235107,
3.549991250038147,
2.580675184726715,
3.699115812778473,
1.8308977782726288,
2.925867736339569,
4.220578670501709,
3.2201462984085083,
1.5758021175861359,
3.7177151441574097,
3.796898126602173,
3.119189441204071,
3.6507686972618103,
3.2869789004325867,
4.194371402263641,
3.7466993927955627,
1.9547989964485168,
3.17857563495636,
3.770955204963684,
3.4506863355636597,
1.2046298384666443,
4.74540114402771,
3.6308640241622925,
4.393022060394287,
2.199031710624695,
2.349405586719513,
3.9930257201194763,
4.658160507678986,
2.3742935061454773,
4.488484859466553,
2.442067712545395,
3.0809885263442993,
3.8776376843452454,
3.49395751953125,
2.8110548853874207,
2.1809080243110657,
3.933446705341339,
4.180184304714203,
2.5470447540283203,
1.4149200916290283,
1.9416336715221405,
2.851184904575348,
2.8270775079727173,
1.9435332715511322,
3.9620164036750793,
4.624949395656586,
3.6723265051841736,
1.9409611821174622,
2.127496600151062,
3.550044596195221,
2.478431314229965,
2.719447612762451,
2.82924085855484,
3.5816091299057007,
3.2873645424842834,
2.1543221175670624,
2.029293477535248,
2.386479526758194,
3.6589738726615906,
1.4466479420661926,
3.982628583908081,
3.8369864225387573,
3.8740456104278564,
2.5118502974510193,
2.768082320690155,
4.077595472335815,
4.099426567554474,
3.2734286785125732,
2.08984836935997,
4.519967436790466,
3.3664682507514954,
4.075247049331665,
2.512420415878296,
2.340860664844513,
4.09401923418045,
3.739885687828064,
4.578680992126465,
2.027641385793686,
4.335610270500183,
2.6390132308006287,
3.713166117668152,
2.517209053039551,
2.0660696923732758,
2.2968682646751404,
3.2852351665496826,
3.564275801181793,
3.4108325839042664,
2.9309767484664917,
4.2987060546875,
4.2290350794792175,
4.809353351593018,
2.6651984453201294,
3.771320879459381,
3.3163851499557495,
2.3255743086338043,
2.031332701444626,
2.1913455426692963,
4.270170032978058,
3.295154571533203,
3.153403103351593,
4.074530601501465,
3.5094624757766724,
3.5412374138832092,
2.513774037361145,
4.143508076667786,
4.4219061732292175,
3.839295208454132,
3.6533543467521667,
2.6470449566841125,
4.284142553806305,
3.92919659614563,
2.7285119891166687,
3.28493595123291,
3.6185696721076965,
3.42522531747818,
4.111377596855164,
2.324940711259842,
2.9520276188850403,
3.6633479595184326,
1.2007197737693787,
1.975097507238388,
2.8392770886421204,
3.695669174194336,
3.35268497467041,
1.999938189983368,
3.4569665789604187,
3.719506561756134,
2.692519724369049,
3.809317946434021,
3.859439194202423,
2.6408734917640686,
3.195464611053467,
4.801184237003326,
1.952330619096756,
3.916773498058319,
4.200257360935211,
3.7024688720703125,
3.1523600220680237,
3.369412422180176,
2.3796093463897705,
2.995882034301758,
3.348143994808197,
2.5476664304733276,
3.8446179032325745,
3.6616379022598267,
4.107799530029297,
3.352542519569397,
4.773314297199249,
2.37580269575119,
2.416391968727112,
3.321748673915863,
3.7275388836860657,
1.5920351445674896,
1.4310480654239655,
3.411075472831726,
3.4795773029327393,
3.264378011226654,
1.2901891767978668,
2.531699240207672,
2.60850191116333,
3.4423190355300903,
3.5327869653701782,
3.064051568508148,
2.9583072662353516,
2.6570406556129456,
3.106010854244232,
3.2997193932533264,
3.7032368779182434,
3.1508493423461914,
2.5543206930160522,
2.8654026985168457,
3.6549657583236694,
3.443540334701538,
4.230242669582367,
3.214677572250366,
2.888263165950775,
2.118353098630905,
4.004314541816711,
3.5526055097579956,
4.42624032497406,
2.6440444588661194,
3.701036274433136,
2.491730749607086,
3.0930858850479126,
4.051302671432495,
2.9674994945526123,
3.492532968521118,
4.260787665843964,
1.7052379250526428,
1.621834635734558,
3.9122068881988525,
3.0127131938934326,
1.1068344116210938,
3.3569273352622986,
2.670733630657196,
2.6718714833259583,
1.3776624202728271,
2.5032195448875427,
4.613440632820129,
3.258731961250305,
1.6723859310150146,
2.5972819328308105,
3.5925161838531494,
3.8033878803253174,
2.311106324195862,
4.5557913184165955,
3.6993905901908875,
2.222864329814911,
1.7413105070590973,
1.0075504332780838,
1.8602532148361206,
1.6547976434230804,
2.046169936656952,
2.7460816502571106,
2.5547102093696594,
2.953869104385376,
2.879633605480194,
3.3407291769981384,
3.0902817845344543,
3.753240406513214,
3.3245256543159485,
2.1195678412914276,
2.7417290210723877,
3.691006898880005,
2.340395450592041,
3.9990583062171936,
4.311104416847229,
2.6060977578163147,
4.122389554977417,
3.5591739416122437,
3.0480360984802246,
2.2721830010414124,
1.9965112209320068,
2.171783596277237,
3.580463230609894,
4.033458232879639,
3.640516698360443,
2.7678096294403076,
4.484332203865051,
2.919733226299286,
1.3944971561431885,
1.557570993900299,
4.090610444545746,
3.8697856664657593,
2.501091957092285,
3.8777321577072144,
3.7200844287872314,
1.2752121686935425,
2.260376513004303,
3.899218440055847,
2.3567190766334534,
3.7256798148155212,
4.601622223854065,
2.6003578305244446,
2.6382508873939514,
4.164905250072479,
3.2951712608337402,
3.696660101413727,
1.9725149869918823,
4.361219108104706,
4.281918108463287,
3.2403936982154846,
2.3025932908058167,
1.6215232014656067,
2.8342005610466003,
3.5763105750083923,
4.303660988807678,
3.0602970719337463,
2.601580023765564,
1.8333961069583893,
2.931642532348633,
3.6694008111953735,
3.466924726963043,
2.815006971359253,
3.8152161240577698,
3.786745071411133,
3.444834351539612,
4.19630765914917,
3.4540289640426636,
3.855265974998474,
1.8366830050945282,
3.085591495037079,
2.150373160839081,
3.3700144290924072,
1.6504865884780884,
3.704219162464142,
3.27805757522583,
2.5496622920036316,
1.6106986999511719,
2.7002114057540894,
1.1278340220451355,
3.576134443283081,
2.378198206424713,
1.95601686835289,
3.9907151460647583,
2.720056176185608,
2.876233458518982,
4.176639020442963,
4.047375023365021,
1.6572131216526031,
2.178674638271332,
4.042272567749023,
3.3711057901382446,
3.079700469970703,
3.1613895297050476,
3.133721947669983,
4.565363526344299,
3.428402543067932,
3.6689412593841553,
2.459098696708679,
1.9887913763523102,
3.090970516204834,
3.741263747215271,
2.3654520511627197,
0.8865001052618027,
2.315925806760788,
3.654997944831848,
3.28891783952713,
3.178776800632477,
1.9822123646736145,
2.5414925813674927,
3.7740355730056763,
4.142807126045227,
2.054115980863571,
1.6655680537223816,
4.530432820320129,
2.3668524622917175,
2.274393141269684,
3.1606969237327576,
4.045135080814362,
3.587373197078705,
3.4114480018615723,
2.483239024877548,
4.021997451782227,
3.8473907113075256,
2.7713459730148315,
3.807966709136963,
2.9867902398109436,
2.826756238937378,
2.6116663217544556,
4.483547210693359,
2.543506622314453,
3.103514015674591,
1.4600719511508942,
4.4250547885894775,
2.818061113357544,
3.3511435985565186,
3.7029650807380676,
2.066953480243683,
4.405034780502319,
3.4475213289260864,
3.49110871553421,
1.3679729402065277,
3.938615918159485,
4.072414934635162,
2.4056486785411835,
3.4913182258605957,
2.859518527984619,
4.013896584510803,
2.545585334300995,
4.088872075080872,
1.9897641241550446,
3.3437806367874146,
2.2387024760246277,
3.68235319852829,
2.0230700075626373,
2.7089017629623413,
4.257052838802338,
3.6622345447540283,
4.653796851634979,
4.662536680698395,
2.606557607650757,
1.26771941781044,
2.7030205726623535,
3.9683040976524353,
3.0489733815193176,
3.2793468236923218,
4.472765624523163,
4.507488310337067,
2.0131322741508484,
3.7225577235221863,
2.0339466631412506,
2.191368490457535,
2.9986098408699036,
2.198476195335388,
3.0812156200408936,
1.5105049312114716,
1.9832918047904968,
2.226024717092514,
2.312759608030319,
3.6631354689598083,
4.5857128500938416,
3.809066116809845,
3.746008276939392,
3.4478968381881714,
3.6300504207611084,
2.1398943662643433,
4.400947988033295,
4.476951062679291,
4.0164318680763245,
2.492266893386841,
3.703421950340271,
3.7740877270698547,
2.6511725783348083,
2.7451834082603455,
3.9039403200149536,
1.2309101223945618,
3.9667296409606934,
4.06337171792984,
2.8685706853866577,
3.198775053024292,
4.514797329902649,
4.082843661308289,
3.2937660813331604,
3.120097517967224,
3.086518347263336,
4.213740229606628,
3.8923922181129456,
3.4984800219535828,
3.9702096581459045,
2.6179593801498413,
2.9622882604599,
1.9232383370399475,
3.909774422645569,
3.240448534488678,
3.865414261817932,
1.8035687506198883,
2.911127805709839,
4.823801219463348,
1.5788906812667847,
1.9330403208732605,
2.2258301079273224,
3.6370569467544556,
3.693567216396332,
2.048320919275284,
3.895811140537262,
2.4166488647460938,
1.5507879853248596,
1.5749718248844147,
1.5822535753250122,
2.903011441230774,
2.1688757836818695,
3.7514695525169373,
2.9594993591308594,
1.4522883296012878,
3.919259011745453,
3.6158937215805054,
2.6986896991729736,
2.564443349838257,
3.5050588846206665,
3.063701093196869,
3.269382119178772,
1.7991062998771667,
2.8638437390327454,
3.4320756793022156,
1.4320753514766693,
3.9991188049316406,
2.335122674703598,
2.5436782836914062,
2.93737530708313,
3.6483994126319885,
2.408699095249176,
4.649790823459625,
2.854260206222534,
3.084365725517273,
1.8642573058605194,
4.72016453742981,
1.58623605966568,
3.680260479450226,
2.177000939846039,
3.085336685180664,
3.705953061580658,
3.450956642627716,
2.5677677989006042,
2.9255518317222595,
3.7394019961357117,
2.4055229127407074,
3.7161269783973694,
3.9411890506744385,
2.346208244562149,
3.577006459236145,
4.04052734375,
2.040974944829941,
3.8686707615852356,
1.691182404756546,
2.4294401705265045,
1.6690905392169952,
3.302743434906006,
2.156980484724045,
1.980644315481186,
2.14525505900383,
1.2940236926078796,
2.5766292214393616,
2.9286542534828186,
4.442783296108246,
2.569981813430786,
3.6247894167900085,
3.5822632908821106,
3.1577184796333313,
4.207373857498169,
3.621281385421753,
3.311765491962433,
3.0494895577430725,
3.4831196069717407,
4.5338863134384155,
1.3594409823417664,
4.068689048290253,
1.7078204452991486,
4.0669286251068115,
0.9447351843118668,
3.292631506919861,
2.196481227874756,
3.833552598953247,
4.446985125541687,
3.82895827293396,
2.5613078474998474,
2.0366473495960236,
2.9125699400901794,
2.935110628604889,
4.165504276752472,
3.3539021015167236,
2.964126467704773,
3.972519636154175,
1.5607629716396332,
1.8489579856395721,
3.6393332481384277,
4.06002402305603,
2.662302851676941,
3.047208786010742,
3.40477854013443,
3.091862201690674,
2.381693720817566,
2.671540677547455,
2.2102458775043488,
4.234807789325714,
2.938550114631653,
2.208438664674759,
1.519031971693039,
4.426938891410828,
4.197407364845276,
4.748583436012268,
2.928718626499176,
3.2164546847343445,
3.7234410643577576,
3.01493376493454,
2.343003898859024,
3.8422468304634094,
4.401893317699432,
3.0270877480506897,
4.254551827907562,
2.892337441444397,
2.9661568999290466,
4.164025783538818,
3.28166663646698,
3.582596778869629,
2.986922264099121,
3.477565050125122,
2.1229729056358337,
4.040116667747498,
4.110476076602936,
3.698115050792694,
2.160978317260742,
2.688867151737213,
3.958207666873932,
3.6522918939590454,
2.920393645763397,
2.966058850288391,
2.6474449038505554,
1.395040601491928,
3.057151138782501,
3.319268822669983,
4.424028396606445,
0.9705439954996109,
2.65749454498291,
3.365473449230194,
2.041417360305786,
1.8405888974666595,
3.295017182826996,
1.7750167846679688,
1.8970809876918793,
4.265384674072266,
3.6754336953163147,
3.524967133998871,
4.127663969993591,
3.4946438670158386,
3.7339407205581665,
3.978812098503113,
3.7441250681877136,
1.9624124467372894,
2.0566757023334503,
3.720301389694214,
1.9078831374645233,
2.4281086027622223,
2.1530145406723022,
2.937304377555847,
3.3132830262184143,
4.04917985200882,
3.314974009990692,
4.197139739990234,
3.51378470659256,
2.7511078119277954,
3.7338000535964966,
2.3930445313453674,
2.519681751728058,
4.528178870677948,
3.5058316588401794,
3.083672523498535,
3.585093915462494,
2.3818159103393555,
3.4713006019592285,
4.298252463340759,
3.9370983839035034,
3.5175514221191406,
4.366008937358856,
3.8904425501823425,
4.244910776615143,
2.482130527496338,
3.766813278198242,
3.5247138142585754,
1.5407927334308624,
2.5579503178596497,
3.8282805681228638,
3.883790373802185,
3.371024429798126,
2.7881285548210144,
3.878163695335388,
3.4322205185890198,
2.143217772245407,
1.9383792579174042,
3.0571842193603516,
3.304460644721985,
2.2836218774318695,
4.0750521421432495,
3.0334818363189697,
2.523128092288971,
2.2261665761470795,
2.5370025634765625,
2.3494093120098114,
2.0649218559265137,
1.3533273339271545,
4.2591118812561035,
4.117942452430725,
4.222729504108429,
2.789481282234192,
3.289576470851898,
4.400947988033295,
3.4133008122444153,
4.359150230884552,
3.447760045528412,
4.028991460800171,
4.271233081817627,
3.3983808755874634,
2.5552234053611755,
4.246721565723419,
2.751719653606415,
4.478719234466553,
3.5396456718444824,
3.0959999561309814,
2.0354409515857697,
3.263499140739441,
2.277679890394211,
3.7697508931159973,
2.5332581996917725,
1.9636352360248566,
1.8701152503490448,
3.3651939034461975,
1.613023430109024,
1.8390657007694244,
2.5992879271507263,
3.0725014209747314,
3.4223705530166626,
3.5134226083755493,
1.7319463193416595,
3.373959958553314,
3.5433143377304077,
3.9592206478118896,
2.951482832431793,
3.05379718542099,
2.5924453139305115,
3.4391063451766968,
4.823801219463348,
2.9399269819259644,
3.7296929955482483,
3.295154571533203,
3.9179742336273193,
4.28413987159729,
1.6880284249782562,
2.8737476468086243,
2.8715726733207703,
3.3019089698791504,
2.5830206274986267,
3.14098060131073,
2.3733320832252502,
1.547769010066986,
2.0260895788669586,
3.3660566806793213,
2.4624252319335938,
2.25663959980011,
4.38998818397522,
2.2411973774433136,
1.5582622587680817,
3.4806445240974426,
2.2984370589256287,
4.2022329568862915,
2.29264959692955,
4.0337735414505005,
2.8152698278427124,
2.0387251675128937,
2.4979373812675476,
2.741861045360565,
2.695639133453369,
1.7931129038333893,
1.559140831232071,
3.650200366973877,
3.5598737001419067,
3.5523012280464172,
3.591952323913574,
3.770647943019867,
3.9484140276908875,
2.6565533876419067,
1.6013799607753754,
3.940095603466034,
3.6681917309761047,
2.292211204767227,
2.1657752990722656,
1.5883873403072357,
3.3814865350723267,
2.6301857829093933,
3.3672139048576355,
3.330584466457367,
4.245139956474304,
4.092753827571869,
3.492267429828644,
2.4011480808258057,
3.620559573173523,
2.0434969663619995,
3.476877808570862,
3.3658823370933533,
1.3918888568878174,
4.233127236366272,
3.7995514273643494,
4.365511238574982,
1.6869071125984192,
3.293776214122772,
2.1843039989471436,
1.5965507924556732,
2.0612263679504395,
1.3792827725410461,
3.4063997864723206,
3.899276852607727,
2.5833475589752197,
4.209805727005005,
3.5867634415626526,
3.8206666707992554,
2.9568421840667725,
2.246014326810837,
0.6839843839406967,
1.5899507701396942,
4.621048867702484,
2.375227063894272,
3.474264442920685,
2.9545554518699646,
3.6251300573349,
3.771965801715851,
4.134035408496857,
2.816537916660309,
3.891262710094452,
4.4869861006736755,
1.6567890346050262,
4.540637135505676,
3.432123363018036,
3.4141403436660767,
2.786966860294342,
1.93067267537117,
2.970963418483734,
4.289189577102661,
2.1657714247703552,
2.402031421661377,
4.172833561897278,
4.014633595943451,
2.6112130284309387,
3.8834762573242188,
2.879992425441742,
2.933720350265503,
2.026745229959488,
2.4920912086963654,
2.2451268136501312,
2.7216899394989014,
4.68720406293869,
3.911994993686676,
2.0331740379333496,
3.336802124977112,
3.4182223677635193,
1.5785777568817139,
3.723381757736206,
2.4922916293144226,
3.346734941005707,
1.402059942483902,
4.407058954238892,
1.5214572846889496,
1.8165795505046844,
0.7509550452232361,
2.751478850841522,
4.409008026123047,
4.590562283992767,
3.8435500860214233,
4.1895991563797,
1.9570145010948181,
2.7896657586097717,
4.6613627672195435,
3.779125213623047,
3.5093119740486145,
2.0032554864883423,
4.286365211009979,
3.451872766017914,
1.666964739561081,
2.68926739692688,
2.4421758949756622,
1.4401030540466309,
1.157025620341301,
3.818325996398926,
2.8887662291526794,
2.54428893327713,
4.016687572002411,
4.01427149772644,
3.3368009328842163,
1.2408235669136047,
2.366410195827484,
2.12175115942955,
4.430913925170898,
1.8537835776805878,
2.0902204513549805,
4.425006806850433,
2.1801529824733734,
4.484163522720337,
3.9112839102745056,
3.566155731678009,
1.7994073033332825,
3.5160669684410095,
3.5046017169952393,
2.546996772289276,
2.169433832168579,
1.6753476858139038,
3.9807793498039246,
1.8828435242176056,
1.885489821434021,
2.4475544691085815,
4.165274202823639,
1.7668786644935608,
1.8816974759101868,
2.3821422457695007,
4.6692657470703125,
2.8946253657341003,
2.5299525260925293,
1.5777936577796936,
3.552130162715912,
3.2231396436691284,
4.442783296108246,
1.9495494663715363,
3.027701675891876,
1.9820615649223328,
4.306912124156952,
2.9147550463676453,
3.4476712346076965,
3.993383049964905,
2.947005033493042,
3.392806351184845,
3.5306942462921143,
2.2101478278636932,
1.3388147950172424,
2.0458276569843292,
1.6155807673931122,
2.8193384408950806,
2.5552234053611755,
1.6396023333072662,
3.327900767326355,
3.083995282649994,
3.925149440765381,
2.1375808119773865,
3.612467646598816,
3.7633919715881348,
4.370181858539581,
3.8503363728523254,
2.7186381816864014,
4.2438966035842896,
2.111075520515442,
3.723500669002533,
2.093757539987564,
1.6519242525100708,
3.003520667552948,
2.5967565178871155,
4.404177963733673,
2.8283455967903137,
2.390643358230591,
1.8797695636749268,
1.840064525604248,
4.518832862377167,
4.364302456378937,
3.3815044164657593,
4.2531657218933105,
2.190975099802017,
2.1585077047348022,
3.3813628554344177,
3.3088257908821106,
2.9041507840156555,
3.647213578224182,
2.4377013742923737,
3.864951431751251,
3.5644781589508057,
1.0984079539775848,
3.9717885851860046,
3.060598373413086,
2.3788563907146454,
3.685145378112793,
3.4356647729873657,
3.891523778438568,
2.135116010904312,
2.3704639077186584,
4.48421984910965,
1.7597165703773499,
1.8045251071453094,
2.388962060213089,
4.25419807434082,
3.69083434343338,
2.4350328743457794,
4.274254739284515,
1.7832113802433014,
2.1568022668361664,
3.8090652227401733,
2.770494222640991,
4.291097521781921,
1.8214145302772522,
4.164005517959595,
1.8213768303394318,
2.9102152585983276,
1.4049544930458069,
1.192929744720459,
3.5080891847610474,
3.191491663455963,
2.210225611925125,
2.7032068371772766,
3.1995797157287598,
2.2797957062721252,
3.235740065574646,
3.1872543692588806,
1.2898392975330353,
2.510981261730194,
4.216165244579315,
3.900679647922516,
2.5383758544921875,
2.7058544754981995,
2.0723241567611694,
3.06650847196579,
1.3412033021450043,
4.023375511169434,
4.004466235637665,
2.2287513315677643,
4.49724555015564,
2.2034014761447906,
4.204291105270386,
3.4756284952163696,
2.6500308513641357,
1.9706422090530396,
4.4347283244133,
3.721928596496582,
1.4704687893390656,
2.7829068899154663,
1.0693012177944183,
2.2042548656463623,
2.428659200668335,
1.9253289699554443,
4.168008267879486,
4.216321110725403,
2.38661989569664,
2.1689827740192413,
1.4599330723285675,
3.514234721660614,
2.803429961204529,
2.4143706262111664,
3.9560240507125854,
2.3762452602386475,
2.9620420932769775,
2.902083396911621,
2.089400440454483,
2.8782686591148376,
4.105593264102936,
4.393022060394287,
4.149848520755768,
2.296440601348877,
3.659038543701172,
4.042741656303406,
3.4707120060920715,
2.9498159885406494,
2.499299496412277,
4.438490867614746,
3.5533949732780457,
4.425935745239258,
2.280799448490143,
3.056359589099884,
2.905510663986206,
3.877739906311035,
2.3986680805683136,
3.7897491455078125,
2.2686640918254852,
2.7222615480422974,
3.9012694358825684,
1.9364617764949799,
3.9695334434509277,
1.8538106977939606,
3.315947949886322,
1.4393433928489685,
2.3289407789707184,
2.0323990285396576,
3.4510913491249084,
2.807760536670685,
2.382170855998993,
2.650488317012787,
4.681277573108673,
4.654325246810913,
1.9873824715614319,
1.649368554353714,
3.1547552347183228,
2.9045000672340393,
4.412193596363068,
3.6655637621879578,
3.497023284435272,
3.5495588183403015,
3.348025381565094,
3.531448543071747,
3.0660369992256165,
2.8665387630462646,
3.4006282687187195,
3.884020149707794,
3.681514859199524,
2.8767171502113342,
1.7594482004642487,
2.1126432716846466,
3.2207369804382324,
3.1845229864120483,
2.9763948917388916,
2.846090793609619,
3.5483211278915405,
3.294205367565155,
2.0129503309726715,
3.492203652858734,
1.9638888537883759,
2.115256190299988,
3.0105504393577576,
2.588326930999756,
3.2104098796844482,
4.198010563850403,
2.3796817660331726,
2.8060349822044373,
3.394692838191986,
3.2003742456436157,
3.6407652497291565,
1.2692946195602417,
2.3460593819618225,
4.159087538719177,
4.140975475311279,
2.6062771677970886,
2.348123788833618,
3.97826611995697,
2.1438632905483246,
3.5799235105514526,
3.957187235355377,
2.0529213547706604,
2.4053457379341125,
2.261362671852112,
3.765120506286621,
2.785124182701111,
2.532457709312439,
3.1352967023849487,
3.5063257813453674,
4.338261187076569,
4.450030624866486,
4.156392514705658,
4.1635531187057495,
3.3374735713005066,
3.590554893016815,
3.3127614855766296,
4.104967415332794,
4.782054126262665,
3.6275240778923035,
1.85596764087677,
3.2595887780189514,
3.5220056772232056,
3.4813690185546875,
3.260233998298645,
3.834257125854492,
2.118138372898102,
3.841371536254883,
3.9154452085494995,
3.250851333141327,
3.0408793687820435,
4.16210412979126,
1.902158409357071,
3.8583549857139587,
3.2113423943519592,
2.8941982984542847,
3.917657732963562,
3.331800401210785,
3.575170934200287,
4.726651310920715,
2.5637906789779663,
3.08255672454834,
4.357181489467621,
4.5728665590286255,
1.6892693936824799,
3.2202109694480896,
2.2595126926898956,
2.774522304534912,
1.0332899540662766,
3.6409687995910645,
2.2666387259960175,
1.5774191915988922,
2.580358386039734,
1.5717718005180359,
4.057798087596893,
4.412288665771484,
1.2100514769554138,
2.205115258693695,
4.194616675376892,
4.097352623939514,
2.7588486671447754,
3.864063322544098,
3.2377448678016663,
1.8612892925739288,
2.5466763973236084,
1.8824051320552826,
1.4640451967716217,
4.161680340766907,
2.0192572474479675,
3.4330371022224426,
3.5807326436042786,
3.6535200476646423,
2.640269100666046,
2.914588451385498,
3.65875780582428,
3.6423105001449585,
3.165610432624817,
4.027855098247528,
4.280968904495239,
3.720197081565857,
3.9213335514068604,
3.3865028619766235,
1.738935261964798,
3.1810837984085083,
3.134259283542633,
4.162568151950836,
2.0584340393543243,
1.5178011357784271,
3.3765289187431335,
2.906593978404999,
3.6060312390327454,
3.672250509262085,
1.5815287828445435,
1.3467279076576233,
2.171861380338669,
4.773314297199249,
4.154084324836731,
3.3774715662002563,
1.7142353951931,
3.7180539965629578,
3.56906920671463,
2.846420705318451,
1.5506120026111603,
2.0998166501522064,
1.2406150996685028,
3.164566457271576,
1.986454576253891,
2.2418951988220215,
2.07019180059433,
2.588050961494446,
4.519528150558472,
3.016737699508667,
3.8230854272842407,
3.8898515701293945,
3.1312835216522217,
2.514410614967346,
3.680862784385681,
3.316298723220825,
2.7006828784942627,
3.369717001914978,
3.6828649044036865,
3.776351511478424,
3.5250449180603027,
1.4039801061153412,
3.0840516090393066,
4.21614944934845,
2.3005393147468567,
4.016393423080444,
3.9484140276908875,
4.361337721347809,
2.019166797399521,
1.833764910697937,
4.012770056724548,
3.5121652483940125,
1.8031518161296844,
2.7133414149284363,
2.289336174726486,
2.5289100408554077,
3.6704429984092712,
3.1297454237937927,
3.4921085834503174,
2.3369090259075165,
2.158701568841934,
1.6947370767593384,
1.7388105392456055,
3.751891255378723,
3.9709827303886414,
3.2928436994552612,
2.9691502451896667,
3.069319427013397,
4.413202106952667,
2.895565629005432,
1.9874587655067444,
1.0968970507383347,
3.383510410785675,
4.116056859493256,
4.336053431034088,
3.028135895729065,
2.3405443131923676,
3.0087196826934814,
2.7390268445014954,
3.3499905467033386,
4.546641707420349,
3.286462426185608,
3.9820444583892822,
3.663281202316284,
3.237517476081848,
3.335619866847992,
2.127538174390793,
4.008344113826752,
3.497481942176819,
3.331211507320404,
3.82561057806015,
2.5456231832504272,
3.739457428455353,
3.8666555285453796,
4.099495112895966,
1.8419110774993896,
2.244098484516144,
1.5878455340862274,
3.0632904171943665,
2.8788888454437256,
2.4461327493190765,
3.4224137663841248,
3.1322836875915527,
3.098496198654175,
3.899165093898773,
3.3802831172943115,
1.5199467539787292,
3.6276790499687195,
3.902384638786316,
2.6920899748802185,
2.384939342737198,
1.7167308926582336,
2.089221328496933,
2.0197661221027374,
3.4349054098129272,
1.6432610154151917,
2.088097482919693,
2.4777203798294067,
2.831192910671234,
3.2641932368278503,
3.4663546085357666,
2.9396072030067444,
2.464155852794647,
4.417473673820496,
3.7226757407188416,
4.059179425239563,
3.0297434329986572,
4.1182249784469604,
3.6886081099510193,
3.0714187026023865,
3.384120464324951,
3.5365843772888184,
3.6381855607032776,
1.3790558278560638,
3.612346053123474,
3.7619656324386597,
4.3069347739219666,
3.841906487941742,
3.4488844871520996,
2.5273486971855164,
3.250052332878113,
1.4841856062412262,
3.4940990805625916,
1.919683814048767,
3.5785213112831116,
1.7281895875930786,
4.362111985683441,
3.728492259979248,
2.3647841811180115,
4.0248048305511475,
2.3571203649044037,
4.2759013175964355,
2.867005169391632,
4.235619902610779,
1.9941385090351105,
2.6716622710227966,
3.0109956860542297,
2.0124250650405884,
3.347434401512146,
3.107473850250244,
2.8201037645339966,
2.682136297225952,
3.6679235100746155,
4.4491323828697205,
2.6747742295265198,
3.630419373512268,
1.9943031668663025,
3.9655375480651855,
1.901542842388153,
4.166625142097473,
4.088736474514008,
1.7069382965564728,
4.66101735830307,
4.173798561096191,
4.197345674037933,
3.165102005004883,
3.0546534061431885,
3.5039737820625305,
4.011450111865997,
2.6968565583229065,
1.9564668834209442,
2.526799738407135,
2.9044583439826965,
1.877129077911377,
3.7500709295272827,
3.1574994325637817,
2.881835401058197,
2.0440736413002014,
3.7688159942626953,
3.3878326416015625,
1.9594869017601013,
2.6610445976257324,
2.5312894582748413,
2.920984625816345,
3.510637879371643,
3.8202080130577087,
2.2671064734458923,
1.431335210800171,
2.140562981367111,
3.7930315732955933,
3.689185678958893,
3.9333531260490417,
2.312580645084381,
2.5708067417144775,
2.316555380821228,
4.0887561440467834,
3.5880374908447266,
3.1872162222862244,
1.8544378876686096,
2.2550489008426666,
1.5060906112194061,
3.589278757572174,
3.1244811415672302,
1.6839028894901276,
2.366897165775299,
2.2842375934123993,
3.8951921463012695,
4.119411110877991,
2.4715444445610046,
4.035367667675018,
3.5261210799217224,
4.873932600021362,
2.0444518327713013,
3.568456470966339,
1.826949566602707,
3.192327916622162,
2.708613872528076,
1.8363620340824127,
2.7809038758277893,
3.455553352832794,
3.038455545902252,
1.7238207161426544,
0.5057775229215622,
3.5348188877105713,
2.795715034008026,
3.44223290681839,
3.5827386379241943,
4.297727644443512,
3.8294214010238647,
3.2391896843910217,
2.3946693539619446,
3.035530745983124,
3.2325193285942078,
2.4491284787654877,
2.16496542096138,
2.68050879240036,
3.944110870361328,
2.4407392740249634,
2.613893747329712,
2.3079557716846466,
4.740408957004547,
1.8977193534374237,
3.4356147050857544,
2.0197585225105286,
3.8888800144195557,
1.6928406059741974,
3.310023844242096,
2.575492262840271,
3.9027228951454163,
3.3608368039131165,
3.2095587253570557,
2.841273844242096,
3.2761192321777344,
3.646896779537201,
1.8787853419780731,
1.668490618467331,
1.5985408425331116,
2.0957331359386444,
4.034307599067688,
3.3899465203285217,
2.539689540863037,
1.8297454714775085,
3.270750343799591,
3.2369136810302734,
1.224810779094696,
2.374568283557892,
3.0546438694000244,
2.2482937574386597,
2.1699057519435883,
3.779284656047821,
2.256712019443512,
3.358037769794464,
3.715140223503113,
3.4226244688034058,
3.8902172446250916,
3.624916970729828,
4.3810659646987915,
2.410246580839157,
2.597512900829315,
3.7464240193367004,
3.2739850878715515,
1.5281103551387787,
2.1573613584041595,
2.768702507019043,
2.82183974981308,
3.0506813526153564,
2.463188022375107,
4.194972217082977,
4.5464348793029785,
3.7202495336532593,
1.6814617812633514,
3.4266653656959534,
1.92093163728714,
4.70719039440155,
3.5887324810028076,
2.0685820281505585,
2.129906415939331,
4.645040333271027,
2.349243313074112,
3.5381823778152466,
3.0246639251708984,
3.4009769558906555,
3.2974085211753845,
1.489880532026291,
2.2144758701324463,
2.246692031621933,
3.6934450268745422,
4.666118919849396,
3.363081216812134,
4.005460739135742,
2.2334998846054077,
3.8357555866241455,
2.469937950372696,
2.6346728205680847,
2.594909369945526,
3.8622933626174927,
3.855196237564087,
3.897116482257843,
2.07303524017334,
4.213820695877075,
2.3042868077754974,
3.54131817817688,
2.878500819206238,
3.5222476720809937