2.3210948705673218,
3.1146323680877686,
3.5712918639183044,
2.6592794060707092,
4.091559052467346,
2.232234477996826,
4.225117564201355,
3.154214322566986,
4.459848403930664,
3.8497474789619446,
3.7756380438804626,
3.4008294343948364,
3.3830812573432922,
3.370785117149353,
2.4198710918426514,
2.176267057657242,
2.5093618035316467,
3.861691653728485,
2.3600925505161285,
2.601138949394226,
2.4529102444648743,
2.4688728153705597,
2.0559924840927124,
4.320599436759949,
4.173503220081329,
3.093329966068268,
2.8366944193840027,
3.779876232147217,
2.2248104214668274,
3.093988299369812,
3.114425241947174,
2.9462894797325134,
4.371474087238312,
3.1892403960227966,
2.939709722995758,
3.453565537929535,
2.6519981026649475,
1.2258218973875046,
3.868074417114258,
2.83268541097641,
3.1788724660873413,
2.4655881524086,
2.2233930230140686,
2.5370970368385315,
1.7417274415493011,
1.5485921502113342,
1.9185224175453186,
3.417312800884247,
3.871724009513855,
3.245883882045746,
3.364959955215454,
3.143295645713806,
1.9221702218055725,
3.278023898601532,
4.137392044067383,
4.261471331119537,
3.7524962425231934,
3.859163522720337,
2.6811587810516357,
2.620096802711487,
1.7006559669971466,
3.7267065048217773,
1.8844884634017944,
4.2023614048957825,
2.5792229175567627,
2.4486270546913147,
2.714771032333374,
2.932230532169342,
2.4760466814041138,
2.810620069503784,
3.043610453605652,
1.6068434715270996,
1.5432453155517578,
2.989918291568756,
1.8741989135742188,
2.626049518585205,
2.797996699810028,
3.849548101425171,
2.2862860560417175,
3.165014386177063,
3.8972949981689453,
2.0613984763622284,
1.9877295196056366,
4.240278005599976,
3.769119381904602,
3.6632198095321655,
3.4790587425231934,
4.163916110992432,
3.761710822582245,
3.2092124223709106,
2.0777954161167145,
2.5412732362747192,
3.2986074686050415,
3.7858137488365173,
1.686892956495285,
4.412116706371307,
2.4557021260261536,
3.984959125518799,
2.111988663673401,
2.2858430445194244,
3.679932951927185,
4.439058899879456,
3.3146360516548157,
4.3847668170928955,
2.791942059993744,
3.2695433497428894,
3.9563778042793274,
4.43798691034317,
3.1377115845680237,
3.2556477189064026,
3.039563298225403,
3.73159259557724,
2.2262930870056152,
1.5164531767368317,
1.9433355331420898,
2.078428566455841,
2.3710601031780243,
3.1441688537597656,
3.4136399626731873,
4.248770475387573,
3.6203789710998535,
2.501109540462494,
2.000381648540497,
3.375675678253174,
2.226894795894623,
2.480139136314392,
3.15665602684021,
3.0733609199523926,
3.503609597682953,
2.088461071252823,
2.1303269267082214,
2.413272112607956,
3.8933277130126953,
2.0216217637062073,
3.6628058552742004,
3.2560524344444275,
4.472888708114624,
2.546963393688202,
2.349495589733124,
3.2905954122543335,
3.3173540234565735,
3.319598436355591,
2.581663131713867,
4.722670912742615,
2.9885998368263245,
3.8105231523513794,
1.921757161617279,
1.1247394233942032,
4.066588580608368,
3.664426803588867,
4.7025445103645325,
2.838387191295624,
3.8280507922172546,
2.736196517944336,
3.923988938331604,
1.5619269013404846,
2.286084294319153,
2.55362331867218,
3.3309513330459595,
2.5380271673202515,
3.543901741504669,
3.1945988535881042,
4.288094639778137,
4.553905129432678,
4.5965200662612915,
2.278376668691635,
3.5620328783988953,
2.5206488370895386,
3.048870861530304,
2.806532382965088,
3.240714967250824,
4.1742584109306335,
3.6436331272125244,
3.2253122329711914,
3.44845712184906,
3.9573365449905396,
3.5752278566360474,
2.7673739194869995,
4.187298119068146,
4.1837477684021,
3.5372284054756165,
3.9250928163528442,
2.4164488911628723,
3.587910234928131,
3.9566701650619507,
2.2602562606334686,
3.593435287475586,
2.2565212845802307,
2.7693715691566467,
3.598937690258026,
3.2579433917999268,
2.052340656518936,
3.5565203428268433,
1.80417999625206,
1.089070439338684,
2.5686687231063843,
3.9276424050331116,
2.2006142139434814,
2.1063491702079773,
3.0483219027519226,
4.409107565879822,
2.031175196170807,
3.6256200075149536,
3.9454764127731323,
3.0714938044548035,
3.5645121335983276,
4.810759127140045,
1.807866245508194,
3.8662314414978027,
4.275408983230591,
2.9262548685073853,
3.5083597898483276,
2.99893856048584,
1.8957710266113281,
1.7314450442790985,
2.6659613847732544,
2.1548470854759216,
4.461137652397156,
2.8018978238105774,
3.265422284603119,
2.183701992034912,
4.350379109382629,
2.2919830679893494,
3.0353206396102905,
2.954244613647461,
3.7019455432891846,
2.492051422595978,
2.1149948239326477,
3.453555107116699,
2.9600146412849426,
3.293485641479492,
1.51015967130661,
2.9314839839935303,
2.492692470550537,
3.2876241207122803,
3.03558886051178,
2.6014286279678345,
1.542806625366211,
2.1644702553749084,
2.1498706936836243,
2.5146985054016113,
3.3200156688690186,
2.6700329780578613,
2.0301401615142822,
2.8424659371376038,
3.133315145969391,
3.705134391784668,
4.255540370941162,
2.8411614894866943,
3.19210946559906,
1.8875369429588318,
3.314422369003296,
3.127600848674774,
4.099324345588684,
1.827525943517685,
3.559606969356537,
2.1235251426696777,
3.0290132761001587,
3.660208582878113,
2.7892670035362244,
2.949228286743164,
4.1764914989471436,
1.4957186579704285,
2.4757879972457886,
3.0955681204795837,
3.346574306488037,
2.6791560649871826,
3.3257168531417847,
2.502692937850952,
3.0768203735351562,
1.2137693911790848,
2.0909008383750916,
4.346186518669128,
3.7493500113487244,
2.1289724111557007,
2.8520604968070984,
2.737429141998291,
3.4633415937423706,
3.0777508020401,
4.5892152190208435,
3.9945179224014282,
2.975740134716034,
2.205476760864258,
2.33068510890007,
1.5875634551048279,
1.8385019898414612,
1.6052263975143433,
2.804882824420929,
2.5308701395988464,
2.0125818252563477,
3.4360429644584656,
3.553413152694702,
3.419812321662903,
3.7461814284324646,
2.9537230730056763,
2.3314929008483887,
2.154512107372284,
3.4082043170928955,
1.2954667210578918,
3.717429041862488,
3.588932156562805,
2.3043817281723022,
3.774547278881073,
3.296520709991455,
3.0335581302642822,
1.7900533974170685,
1.8718722462654114,
2.258407175540924,
3.7723523378372192,
3.1674760580062866,
3.462039828300476,
3.4292203187942505,
4.629864990711212,
2.244601249694824,
1.2275680899620056,
2.38730788230896,
3.730749487876892,
3.294004797935486,
2.606097459793091,
3.4095266461372375,
2.8009340167045593,
2.3158136010169983,
2.015642523765564,
3.6381560564041138,
2.2780464589595795,
3.9722424745559692,
4.329024851322174,
2.975981831550598,
2.2647181153297424,
3.7996038794517517,
3.300335705280304,
3.154129981994629,
2.635888457298279,
4.1646623611450195,
3.844500780105591,
3.6609825491905212,
3.2179293036460876,
3.2144534587860107,
2.719913125038147,
2.758421301841736,
4.345155954360962,
2.4683232605457306,
2.5484901666641235,
2.1550460159778595,
2.6311498880386353,
3.9013785123825073,
2.6599425077438354,
2.764383554458618,
4.108427464962006,
4.060644805431366,
3.1690290570259094,
3.7653282284736633,
3.781481981277466,
3.4955444931983948,
2.3797306418418884,
3.2893547415733337,
1.875169724225998,
2.940339744091034,
1.3939441740512848,
3.4549573063850403,
2.9610860347747803,
2.123371809720993,
2.253032624721527,
2.5644338130950928,
0.9728416055440903,
2.810896337032318,
1.9430944323539734,
2.630763053894043,
4.083550572395325,
2.6017597317695618,
2.932378351688385,
4.383096992969513,
3.844784200191498,
1.5048585832118988,
2.272268831729889,
3.2340008020401,
2.688935101032257,
3.340964913368225,
3.090439736843109,
2.5224968791007996,
4.075770974159241,
3.795757293701172,
3.502521812915802,
2.475910186767578,
2.2333931922912598,
2.7840641140937805,
3.884894549846649,
1.568455547094345,
1.774006187915802,
2.0541077852249146,
2.5425025820732117,
3.4455204010009766,
3.665381073951721,
2.51230388879776,
2.5526845455169678,
3.494179844856262,
4.342577159404755,
2.342965006828308,
1.5572412312030792,
4.351020455360413,
2.4122169613838196,
2.961514890193939,
4.0215003490448,
4.053182303905487,
3.6567890644073486,
3.4588032960891724,
2.114250510931015,
3.387378454208374,
3.5348623991012573,
3.0876317620277405,
3.3138230443000793,
2.517898976802826,
2.26120188832283,
2.990400791168213,
4.322981834411621,
1.816023588180542,
3.21473091840744,
2.8442659974098206,
4.043183326721191,
3.711555004119873,
3.5944652557373047,
2.921977937221527,
2.401384264230728,
4.063427448272705,
2.284761965274811,
2.5895944237709045,
1.791546791791916,
4.181040525436401,
4.176377654075623,
2.0517177879810333,
2.8602465987205505,
2.9968425631523132,
4.253873229026794,
2.6344120502471924,
3.8731426000595093,
2.2788281738758087,
2.752477526664734,
2.3483024537563324,
2.9350706934928894,
2.522602081298828,
1.6955721378326416,
4.642120003700256,
4.157909154891968,
3.505465090274811,
4.556228518486023,
3.8823306560516357,
1.3518871366977692,
3.3121049404144287,
3.722526729106903,
2.5957080721855164,
2.5041934847831726,
3.8386672735214233,
3.7074902653694153,
2.509087920188904,
3.1724420189857483,
1.9730068743228912,
2.036631256341934,
2.884831726551056,
2.0388400554656982,
3.8298192620277405,
1.6362364590168,
2.6206207275390625,
1.3000428676605225,
2.1030959486961365,
3.1823259592056274,
3.9360395073890686,
3.5429972410202026,
3.557870388031006,
3.1194335222244263,
3.154456615447998,
2.0071473717689514,
4.331658780574799,
4.315868616104126,
2.972151041030884,
2.3681069910526276,
3.943737745285034,
3.6867839097976685,
2.858405113220215,
2.244243621826172,
2.9380229115486145,
0.959034189581871,
3.6768797039985657,
3.7117940187454224,
2.9805216193199158,
3.5256201028823853,
4.706151485443115,
3.6969101428985596,
3.667205274105072,
3.108290433883667,
2.421114146709442,
3.7568199634552,
3.803776502609253,
3.2871708273887634,
3.99887353181839,
2.361842393875122,
1.703488677740097,
1.7546029388904572,
4.190818965435028,
2.1283307671546936,
3.708091378211975,
3.75374972820282,
3.5924232006073,
4.727162718772888,
2.8438600897789,
1.895766258239746,
1.7555561661720276,
3.958388864994049,
4.0844303369522095,
1.5570533275604248,
3.88055682182312,
2.285456657409668,
1.2076817452907562,
1.7155742645263672,
1.763826161623001,
2.354144901037216,
2.6700708270072937,
3.3538901805877686,
3.5764431953430176,
2.263455390930176,
3.87941837310791,
2.624366283416748,
2.722972333431244,
1.4417241513729095,
3.5987362265586853,
2.6334533095359802,
2.4821241199970245,
2.5178247690200806,
2.580985128879547,
4.183571040630341,
1.6757720708847046,
4.251260161399841,
2.697303295135498,
2.7925148606300354,
2.8728383779525757,
3.116690218448639,
1.054898425936699,
3.629426658153534,
2.262483984231949,
3.438771963119507,
1.9341391324996948,
4.683078229427338,
2.013826370239258,
3.297659158706665,
2.3969855904579163,
3.0771270394325256,
3.4350910782814026,
3.626962900161743,
2.016771286725998,
2.5371384620666504,
3.84260356426239,
2.734898626804352,
2.897574305534363,
3.652121126651764,
2.331109046936035,
2.3633740842342377,
3.3440548181533813,
2.119216173887253,
3.706755042076111,
2.5234386324882507,
3.335813283920288,
2.383939176797867,
2.476058602333069,
2.8734612464904785,
2.459677755832672,
2.243587225675583,
1.9061553478240967,
3.1916463375091553,
2.982492744922638,
4.283151030540466,
3.3119457960128784,
3.4574291110038757,
3.3538514375686646,
3.1657662987709045,
3.7763768434524536,
3.472522497177124,
3.2224199175834656,
3.247826099395752,
3.1106775999069214,
3.7009647488594055,
2.1579934656620026,
4.062173366546631,
2.481610029935837,
3.785600960254669,
1.5902599692344666,
2.2555091977119446,
2.3437505960464478,
3.3699363470077515,
4.319798052310944,
3.504069149494171,
2.635491192340851,
2.38291472196579,
2.712678611278534,
3.60045850276947,
4.1122958064079285,
3.8970887660980225,
3.210431933403015,
3.9761924743652344,
2.057027816772461,
2.5229039788246155,
3.362928330898285,
3.7478500604629517,
2.583845853805542,
2.230396866798401,
3.4644991159439087,
3.4220370650291443,
2.2944360971450806,
2.53366619348526,
2.6397180557250977,
3.994663953781128,
3.228476643562317,
3.277784585952759,
2.619621455669403,
4.133767187595367,
4.155364632606506,
4.55342710018158,
2.0031557977199554,
2.8230416774749756,
3.6578667163848877,
2.6077228784561157,
2.1953284740448,
3.59493225812912,
4.124935567378998,
3.2308197021484375,
4.403214752674103,
2.559635639190674,
2.5415346026420593,
3.8292869925498962,
2.784072458744049,
3.666517436504364,
2.732263505458832,
2.9690557718276978,
2.630094289779663,
4.54161524772644,
3.635280430316925,
2.7807003259658813,
2.185155749320984,
2.678123414516449,
3.7979090213775635,
4.017842411994934,
2.835336923599243,
2.7121496200561523,
2.9943808913230896,
2.0934222638607025,
2.7697113156318665,
2.6482275128364563,
4.459507167339325,
1.9783441722393036,
2.104124128818512,
3.0768942832946777,
2.601378560066223,
1.0351858288049698,
3.898506760597229,
2.7661731839179993,
1.5819798409938812,
4.041938781738281,
3.0389955639839172,
3.683706820011139,
3.6454829573631287,
2.2778093814849854,
3.4536510705947876,
2.56271630525589,
3.1848925352096558,
2.1296316385269165,
2.206966280937195,
3.331902325153351,
1.3080228865146637,
2.103743404150009,
1.808636486530304,
2.512253224849701,
2.5251874327659607,
3.4549686312675476,
3.121272027492523,
4.2402055859565735,
3.813524842262268,
2.804965078830719,
3.37995707988739,
2.1075841784477234,
2.7427101135253906,
4.247713685035706,
4.043869972229004,
1.8236564099788666,
3.373922109603882,
2.203235626220703,
3.1180262565612793,
3.698873221874237,
3.8611936569213867,
3.3477428555488586,
4.342693984508514,
3.130006790161133,
3.7429288029670715,
3.3252346515655518,
3.2552742958068848,
3.9125797152519226,
2.0448151230812073,
1.8595091998577118,
2.909178137779236,
3.633372485637665,
3.0177947878837585,
3.1308984756469727,
3.161938190460205,
3.029319643974304,
2.91705459356308,
1.5864592790603638,
3.1954923272132874,
3.394414782524109,
1.9903981685638428,
3.266651928424835,
2.4324189126491547,
2.681318521499634,
2.2334787249565125,
2.9187577962875366,
2.6641803979873657,
2.6006299257278442,
2.1194788813591003,
3.7038302421569824,
3.975573778152466,
3.6860430240631104,
1.9273863732814789,
3.0572375655174255,
4.331658780574799,
3.6506208777427673,
3.7715253233909607,
3.377428650856018,
3.3901458978652954,
4.334931373596191,
3.8148504495620728,
2.4266088008880615,
4.039655923843384,
3.2336848974227905,
4.148485362529755,
3.460312783718109,
3.383708894252777,
2.0798152685165405,
2.760498821735382,
3.059980273246765,
3.5829126834869385,
2.766093909740448,
1.9310331344604492,
1.6696567833423615,
3.988780379295349,
1.8601182103157043,
2.682752311229706,
2.7452322840690613,
2.87440687417984,
3.4580612182617188,
3.6573782563209534,
1.641961932182312,
2.247665822505951,
2.789730727672577,
4.477782249450684,
2.410959303379059,
2.7396848797798157,
1.7058059573173523,
3.3091330528259277,
4.727162718772888,
2.743387520313263,
3.159773349761963,
3.6436331272125244,
3.2805752754211426,
3.8341403007507324,
2.354692965745926,
2.095113843679428,
3.217332363128662,
3.0242669582366943,
3.3637136220932007,
3.220178186893463,
2.6991117000579834,
1.0628747940063477,
2.4180781841278076,
3.361976146697998,
2.1664729714393616,
2.3769526183605194,
4.135739803314209,
2.3280829191207886,
1.6801480948925018,
2.858162522315979,
2.806611657142639,
4.029841721057892,
2.315579652786255,
3.328579068183899,
2.4498383700847626,
1.462748497724533,
1.9412946701049805,
2.0847421884536743,
2.8038179874420166,
1.824565827846527,
2.4204854667186737,
4.035703539848328,
3.061962127685547,
4.183358252048492,
4.072938859462738,
3.101033866405487,
3.8562116026878357,
2.728113532066345,
1.684885174036026,
3.2622677087783813,
2.9913654923439026,
2.1710070967674255,
1.9186142086982727,
1.9505752623081207,
3.430989980697632,
2.7052736282348633,
3.2791712880134583,
3.3271199464797974,
3.02333801984787,
3.944403827190399,
3.109276294708252,
3.10665100812912,
2.806895673274994,
2.381024956703186,
3.3666184544563293,
3.729567527770996,
0.8955789357423782,
3.577979803085327,
3.581111431121826,
3.9068567752838135,
1.998341977596283,
3.679841160774231,
1.897781491279602,
2.5278079509735107,
2.765868306159973,
2.14652419090271,
1.7668810486793518,
3.335295021533966,
2.2199998795986176,
4.233619570732117,
2.7775800228118896,
3.8698413968086243,
2.1637317538261414,
2.716425657272339,
0.2694604732096195,
2.2963279485702515,
4.314629435539246,
2.3435427248477936,
2.5967827439308167,
2.6303476095199585,
3.4914422035217285,
3.1724613904953003,
3.662862777709961,
2.3749157786369324,
3.9785870909690857,
4.244711697101593,
1.9770392775535583,
4.280130863189697,
2.6499956846237183,
3.3440765738487244,
2.5100183486938477,
1.9947250187397003,
2.4180418252944946,
4.50305849313736,
2.563774585723877,
1.9300207495689392,
3.598349094390869,
4.011864066123962,
2.408253699541092,
3.002229630947113,
1.7185616493225098,
2.5406527519226074,
2.6605910062789917,
2.0935162901878357,
2.9251307249069214,
3.8555750250816345,
4.3086594343185425,
3.3273696899414062,
1.2464655935764313,
2.6259562373161316,
3.3696937561035156,
2.0874588191509247,
3.3148598670959473,
2.3978473246097565,
2.9303157329559326,
1.6543714702129364,
4.182019233703613,
2.2860944271087646,
1.3756082952022552,
2.046929895877838,
2.4420520663261414,
4.032976031303406,
4.322596788406372,
3.505105674266815,
4.252249598503113,
3.1427061557769775,
3.08735728263855,
4.418409466743469,
3.6709746718406677,
2.4550573527812958,
2.6070010662078857,
4.491119682788849,
3.6738020181655884,
2.776058614253998,
2.0790721476078033,
1.7345212399959564,
1.8011277914047241,
1.7690648138523102,
3.953854739665985,
2.6093676686286926,
2.05582857131958,
3.7394118309020996,
4.051747918128967,
3.10089111328125,
2.2200682759284973,
1.8485374748706818,
1.554746925830841,
4.484618902206421,
2.209438383579254,
1.8057774007320404,
4.710307717323303,
2.656427323818207,
4.338113069534302,
4.13964569568634,
3.43536913394928,
2.8370481729507446,
2.5713109970092773,
3.5691502690315247,
3.0951574444770813,
1.9990178942680359,
1.3765977323055267,
3.3288446068763733,
2.0495517551898956,
1.590428650379181,
2.1166129410266876,
3.7222161889076233,
2.5117534399032593,
2.186065912246704,
2.7419888973236084,
4.384165704250336,
3.544781506061554,
2.8473520278930664,
1.7634199559688568,
4.17997270822525,
3.2429534196853638,
4.283151030540466,
2.4826154112815857,
2.495417147874832,
2.158060222864151,
3.8461339473724365,
3.0267056822776794,
3.7047535181045532,
3.79107803106308,
2.606745958328247,
2.732372283935547,
2.8720423579216003,
1.5876345336437225,
1.5670306980609894,
1.6686120629310608,
2.142208516597748,
2.850157618522644,
2.4266088008880615,
2.1111756563186646,
2.7298304438591003,
2.879624664783478,
4.024859666824341,
2.8211435675621033,
3.2467052340507507,
3.4545761346817017,
3.7071508169174194,
3.118038773536682,
2.714364230632782,
4.147284626960754,
2.0539364218711853,
3.6399149894714355,
2.187316417694092,
1.1331985145807266,
2.3268459737300873,
3.0071592330932617,
4.511231780052185,
2.5644055008888245,
2.3206496238708496,
2.1526555716991425,
2.226121425628662,
4.29490327835083,
4.110700488090515,
2.7892711758613586,
3.9854469895362854,
2.334638088941574,
2.0913639664649963,
2.889539897441864,
2.2675810754299164,
3.36879700422287,
3.0949443578720093,
2.7361053228378296,
3.6528396606445312,
3.2143613696098328,
1.738440990447998,
2.8550249338150024,
3.084060847759247,
2.0583924651145935,
3.300756812095642,
3.3446377515792847,
3.474019467830658,
2.3552118241786957,
3.157362639904022,
4.206839203834534,
2.2121666371822357,
3.1863635778427124,
2.8898370265960693,
4.158181250095367,
3.3603525161743164,
2.4580764770507812,
4.122477769851685,
2.5303515791893005,
2.188626378774643,
3.4202563762664795,
2.7734550833702087,
3.533466160297394,
1.6777075827121735,
3.312895894050598,
2.5191593170166016,
3.3763831853866577,
2.746187746524811,
2.144261598587036,
2.7423694729804993,
3.6408698558807373,
2.3550793528556824,
2.162589281797409,
3.0105742812156677,
2.679169476032257,
2.637665867805481,
3.2727086544036865,
1.7969484627246857,
2.3430052399635315,
3.9314430952072144,
3.467967212200165,
2.212171256542206,
2.3915810883045197,
2.262362092733383,
2.6785877346992493,
2.121850699186325,
3.5501450300216675,
3.4463733434677124,
2.186230421066284,
4.244090020656586,
2.2958770394325256,
4.067150354385376,
2.9028186202049255,
3.3282455801963806,
1.3878099620342255,
3.559732139110565,
4.404903948307037,
1.7953868210315704,
2.704090178012848,
2.5332680344581604,
1.7959488928318024,
1.6285394132137299,
2.847462296485901,
3.767632842063904,
3.9739370346069336,
1.8615655601024628,
1.7220187187194824,
1.900087296962738,
2.9007232189178467,
2.9065269231796265,
2.0769524574279785,
4.047480225563049,
2.5855299830436707,
2.148556411266327,
2.5238394737243652,
2.5206154584884644,
2.7541008591651917,
3.007442355155945,
3.984959125518799,
3.306342363357544,
2.4420225620269775,
3.6694061756134033,
3.712618052959442,
3.0508440732955933,
2.8858989477157593,
2.5764483213424683,
4.244724214076996,
3.657355308532715,
3.844839632511139,
2.590457499027252,
2.950754761695862,
2.0334492623806,
4.285072684288025,
1.8277917802333832,
3.068329691886902,
2.7947327494621277,
3.3471253514289856,
4.481281042098999,
2.0337431132793427,
3.9447999000549316,
2.1744099259376526,
2.547249495983124,
1.9044455885887146,
2.3474495112895966,
2.689853310585022,
3.024318814277649,
2.4110081791877747,
2.0496493577957153,
2.3405078053474426,
4.394132494926453,
4.296334981918335,
1.8632146716117859,
2.75566965341568,
3.7561598420143127,
2.3501044511795044,
4.559441804885864,
3.4743285179138184,
2.808912992477417,
3.38798850774765,
2.429955303668976,
2.9171153903007507,
2.904958128929138,
3.2901695370674133,
3.327944278717041,
3.273836076259613,
2.6894304156303406,
2.3106369376182556,
2.0283143222332,
2.0468710362911224,
3.7634336948394775,
2.8937363624572754,
3.3431750535964966,
2.7862197160720825,
3.1097951531410217,
2.3754821717739105,
2.6088976860046387,
3.6234813928604126,
2.421939969062805,
2.1014198660850525,
3.078397810459137,
2.1263474225997925,
2.9063013195991516,
4.353821277618408,
2.0414067804813385,
2.974599301815033,
2.469388395547867,
2.853448987007141,
3.5219210386276245,
1.7443785071372986,
2.1741247177124023,
3.175366520881653,
3.3774906396865845,
2.8992363810539246,
2.3884080350399017,
3.582477569580078,
2.404312342405319,
2.987378239631653,
4.091053307056427,
2.23036989569664,
1.695258468389511,
2.0529262721538544,
3.776303231716156,
1.9271139800548553,
2.946794331073761,
2.9492852091789246,
3.381468951702118,
4.366917610168457,
3.7779319286346436,
3.5676661133766174,
3.869311809539795,
4.1179075837135315,
2.9520511627197266,
3.048262298107147,
3.798295259475708,
4.392322897911072,
2.6930266618728638,
1.9197037816047668,
3.4041929244995117,
2.578064799308777,
3.3330726623535156,
3.6035507917404175,
4.135243892669678,
2.6861345767974854,
2.7587729692459106,
3.824973702430725,
3.61601322889328,
2.3641541600227356,
3.9121773838996887,
1.3698428869247437,
3.659731149673462,
3.4071269631385803,
2.670927047729492,
3.7261083722114563,
2.9441291093826294,
2.660270631313324,
4.489623010158539,
2.600846588611603,
3.661893606185913,
4.366192817687988,
4.585351943969727,
1.4803895354270935,
2.9003605246543884,
1.596924364566803,
2.5345179438591003,
2.656431198120117,
3.943152129650116,
2.5138550996780396,
1.681266874074936,
3.164474070072174,
2.3521101474761963,
4.2948538064956665,
4.060727953910828,
1.2811994552612305,
2.6745015382766724,
3.137381374835968,
3.717232644557953,
3.229947090148926,
3.4320276975631714,
2.4176451563835144,
2.420872002840042,
2.9704156517982483,
2.387780249118805,
1.6300560534000397,
4.109027087688446,
2.982039153575897,
2.710997462272644,
3.3978429436683655,
2.9714426398277283,
2.257351279258728,
3.734896183013916,
3.110155463218689,
3.5217201709747314,
3.3818629384040833,
3.5294324159622192,
3.7893471121788025,
3.861319124698639,
3.4998729825019836,
2.841672897338867,
1.522248387336731,
2.9285043478012085,
3.2108792662620544,
4.004281759262085,
1.5849894285202026,
1.8893930315971375,
2.8068506717681885,
3.576750159263611,
3.23589026927948,
2.4774470925331116,
1.767217069864273,
1.635935753583908,
3.5373398661613464,
4.350379109382629,
4.220965504646301,
3.2177096605300903,
2.1378077566623688,
4.095677137374878,
3.7707149982452393,
3.175738751888275,
2.1051347255706787,
1.6501088440418243,
1.9774359464645386,
3.9295029640197754,
2.5121167302131653,
2.4198059737682343,
2.7778273820877075,
2.6267707347869873,
4.502106606960297,
3.485303819179535,
3.7814217805862427,
3.6937549710273743,
3.6564233899116516,
1.8415457010269165,
3.5534855723381042,
2.9352885484695435,
3.160909414291382,
2.750633656978607,
3.6825403571128845,
3.152729868888855,
3.352302312850952,
1.4881254732608795,
2.7331799268722534,
4.568384885787964,
2.9164010286331177,
3.14828097820282,
3.8562116026878357,
3.77267062664032,
2.1877476572990417,
3.6444327235221863,
3.890489637851715,
3.894546926021576,
1.7335790395736694,
2.7073538303375244,
2.2206151485443115,
3.105650246143341,
3.4603089094161987,
3.4439828991889954,
4.074313044548035,
3.617086708545685,
1.5478312969207764,
2.4912530183792114,
2.3535680770874023,
3.842323422431946,
3.446856439113617,
2.6420018076896667,
3.5110509395599365,
2.1039339900016785,
3.672890067100525,
2.2478705644607544,
1.215379610657692,
1.5403907001018524,
2.9003503918647766,
3.4485232830047607,
4.580901861190796,
3.2904446125030518,
2.412506937980652,
2.781693935394287,
2.941824495792389,
2.981223165988922,
4.233346581459045,
3.0488017201423645,
4.114740490913391,
3.5719043016433716,
2.7127274870872498,
2.978426218032837,
2.746451199054718,
3.791188895702362,
3.583489954471588,
2.9628878831863403,
4.103795886039734,
2.4707476794719696,
3.6281171441078186,
4.034304916858673,
4.058255255222321,
2.398429214954376,
1.3242597877979279,
0.31611815094947815,
1.9205310940742493,
2.8398361802101135,
2.1055968105793,
3.3198389410972595,
3.131324052810669,
2.990327477455139,
3.9279913902282715,
2.854048013687134,
1.7736800014972687,
3.128708004951477,
4.027673304080963,
2.841700315475464,
1.7110489308834076,
1.5345366299152374,
2.9550963640213013,
2.6280641555786133,
2.7993279695510864,
2.964067757129669,
1.9726352393627167,
2.255052775144577,
3.334493339061737,
3.48223477602005,
2.858118712902069,
2.2481797635555267,
2.32552707195282,
3.8679221272468567,
3.593564033508301,
3.8157278299331665,
2.9278305172920227,
4.187621474266052,
3.4847939014434814,
3.3728373050689697,
3.0291789770126343,
3.0036795139312744,
3.1037628650665283,
1.760345846414566,
3.5426315665245056,
3.1957486271858215,
4.167819023132324,
3.849770426750183,
3.320598304271698,
2.7516084909439087,
2.8643476963043213,
1.197969913482666,
3.6909377574920654,
1.956963688135147,
2.8166329860687256,
2.5174331665039062,
4.107935428619385,
2.7761277556419373,
3.1738662719726562,
3.314858078956604,
3.55246365070343,
3.820144832134247,
3.006885349750519,
4.301614761352539,
2.1040794253349304,
2.1787066757678986,
2.6760688424110413,
2.053798735141754,
4.262545108795166,
2.8807371854782104,
2.849002480506897,
2.183673083782196,
3.7281429767608643,
3.9660492539405823,
2.933225631713867,
3.115134537220001,
2.835390865802765,
3.962770104408264,
1.9866076111793518,
3.664079010486603,
4.023486971855164,
2.1260851621627808,
4.151616096496582,
3.566838502883911,
4.138010144233704,
3.4314775466918945,
3.4687989950180054,
4.150417149066925,
3.8450992107391357,
2.3193737864494324,
2.345077097415924,
1.3878679275512695,
2.221013307571411,
1.922067105770111,
3.707108497619629,
3.138912618160248,
2.4732832610607147,
3.2751795649528503,
3.324689269065857,
2.554805278778076,
2.2781527042388916,
3.110865354537964,
2.4623319506645203,
2.9747509956359863,
2.7354687452316284,
3.772161602973938,
2.0755749940872192,
1.7340651154518127,
2.527640163898468,
3.1005722284317017,
4.064924120903015,
4.074786305427551,
2.0534618198871613,
1.7261813580989838,
2.1739590167999268,
3.6477813124656677,
3.153013586997986,
2.72894024848938,
2.098284214735031,
3.2689031958580017,
2.4760769307613373,
3.1905215978622437,
3.335011303424835,
1.9049850106239319,
2.1224598586559296,
1.8003562092781067,
3.2078635692596436,
4.240648448467255,
2.6169008016586304,
3.2188743352890015,
3.0535316467285156,
4.738142490386963,
1.971009373664856,
3.8366347551345825,
1.3238900899887085,
2.222220003604889,
3.1385621428489685,
1.8655399978160858,
3.0841347575187683,
3.0686601996421814,
2.5978726148605347,
0.7126612961292267,
0.8420988917350769,
3.228362202644348,
3.55500191450119,
3.7093746662139893,
3.4489834308624268,
3.9145836234092712,
3.311692774295807,
3.1307119131088257,
2.5818389654159546,
2.639792561531067,
3.4615159034729004,
2.621380388736725,
2.732299268245697,
1.5791745483875275,
3.9608311653137207,
2.903798222541809,
2.7558237314224243,
2.401984930038452,
4.218078255653381,
2.262783497571945,
3.320871591567993,
2.5564807653427124,
2.839112877845764,
1.8850508332252502,
3.9562594890594482,
2.414870262145996,
3.8136672973632812,
3.339749574661255,
3.4346356987953186,
3.1975403428077698,
3.476308584213257,
3.8290852308273315,
1.5827490389347076,
1.3391445577144623,
2.18197301030159,
2.1142420172691345,
3.773811459541321,
2.7707409858703613,
2.0984548330307007,
1.8330346047878265,
3.1685039401054382,
2.8796443343162537,
1.4314034581184387,
3.1419357657432556,
3.3213526010513306,
2.331289052963257,
1.451510339975357,
3.84490966796875,
3.1132593750953674,
2.7223923802375793,
3.3637654781341553,
3.1300249695777893,
2.877323627471924,
2.8588110208511353,
4.1448768973350525,
2.6004573702812195,
3.2273894548416138,
3.9399588108062744,
2.9812583327293396,
1.7234289646148682,
2.738490104675293,
2.449667751789093,
2.2187256813049316,
3.3601561188697815,
2.924344539642334,
3.9515310525894165,
3.896155059337616,
3.3449867367744446,
1.7163746058940887,
3.284451961517334,
2.8510582447052,
4.505073130130768,
2.8881219029426575,
2.370312511920929,
1.6065461933612823,
4.791058301925659,
3.0724111199378967,
3.503670394420624,
2.5352180004119873,
3.785252273082733,
3.178459107875824,
1.9940201938152313,
2.8091859817504883,
1.97463259100914,
2.8827720880508423,
4.428000450134277,
2.322343587875366,
3.4730538725852966,
0.7990269362926483,
3.391924202442169,
2.762415111064911,
2.213926613330841,
2.2582942247390747,
3.220020830631256,
3.578842282295227,
3.7418097257614136,
2.2767505049705505,
4.284454882144928,
3.2477524876594543,
3.1756269931793213,
2.355056405067444,
3.245031237602234